"V1","V2","V3","V4","V5","V6","V7","V8"
0,0,0,0,0,0,0,0
0,0,0,0,0,0,0,0
0,0,0,0,0,0,0,0
0,0,0,0,0,0,0,0
0,0,0,0,0,0,0,0
0,0,0,0,0,0,0,0
0,0,0,0,0,0,0,0
0,0,0,0,0,0,0,0
0,0,0,0,0,0,0,0
0,0,0,0,0,0,0,0
0,0,0,0,0,0,0,0
0,0,0,0,0,0,0,0
0,0,0,0,0,0,0,0
0,0,0,0,0,0,0,0
0,0,0,0,0,0,0,0
3,3,3,0,0,0,0,0
0,0,0,3,0,0,0,0
6,6,5,1,0,0,0,0
5,5,6,6,1,0,0,0
46,46,46,50,59,60,60,60
166283,166283,166283,166283,166283,166283,166283,166283
