0.265711 0
1.185484 0
0.033819 0
1.271157 0
0.173786 0
0.508758 0
0.745684 0
0.024000 0
0.063565 0
0.139757 0
0.174854 0
1.600106 0
0.189661 0
0.639444 0
0.214140 0
1.244731 0
0.102840 0
0.158573 0
0.440632 0
0.160205 0
1.574565 0
0.889325 0
0.166762 0
0.277776 0
0.848639 0
0.989322 0
0.224053 0
0.527572 0
1.006835 0
0.127752 0
0.170342 0
0.275190 0
0.135906 0
0.510925 0
0.404447 0
0.123460 0
1.421075 0
0.142130 0
0.867491 0
1.021994 0
0.007388 0
0.190250 0
0.364138 0
1.423821 0
0.028871 0
0.498835 0
0.123280 0
0.759653 0
1.102032 0
0.808545 0
1.079300 0
0.026806 0
0.710164 0
0.168006 0
0.113970 0
0.767790 0
0.340833 0
0.118938 0
0.176003 0
0.277550 0
0.138541 0
1.064321 0
1.113218 0
0.534200 0
1.388590 0
0.317496 0
1.450682 0
0.525814 0
0.373955 0
0.789733 0
1.552069 0
0.128227 0
0.044006 0
0.154077 0
0.336076 0
0.370495 0
0.243324 0
0.058427 0
0.232514 0
0.411792 0
0.486213 0
0.479427 0
0.465506 0
0.568118 0
0.682136 0
0.307468 0
1.109899 0
0.109236 0
0.906548 0
0.635232 0
0.115589 0
0.814015 0
0.789510 0
1.367730 0
0.038044 0
0.624504 0
1.863249 0
0.196937 0
1.021379 0
0.420217 0
0.654326 0
0.044161 0
0.564406 0
0.803882 0
1.143470 0
0.649082 0
0.327308 0
0.174717 0
0.076091 0
0.265482 0
0.172126 0
0.238991 0
0.908336 0
0.494676 0
0.408502 0
0.301194 0
0.600169 0
0.254003 0
0.369459 0
0.396596 0
0.510703 0
1.039242 0
0.152200 0
0.213155 0
0.978854 0
1.360330 0
0.906757 0
0.051291 0
0.459326 0
0.034885 0
0.011691 0
0.551072 0
0.287147 0
0.432333 0
0.190213 0
0.070170 0
0.919443 0
0.449230 0
0.401261 0
0.817379 0
0.913370 0
1.484389 0
0.259796 0
0.219091 0
0.781673 0
0.681730 0
0.652650 0
0.919575 0
0.759482 0
0.308536 0
0.259631 0
0.040980 0
0.361565 0
0.293959 0
0.468292 0
0.882700 0
0.110061 0
1.639938 0
1.086862 0
0.029293 0
0.074006 0
0.350782 0
0.063668 0
0.128543 0
0.052492 0
0.122848 0
0.156069 0
0.205261 0
0.323152 0
0.103630 0
0.204824 0
0.089795 0
0.217428 0
0.122612 0
0.004842 0
0.490827 0
0.239370 0
0.482622 0
0.055528 0
0.595757 0
1.278849 0
0.840246 0
0.095341 0
0.628702 0
0.143631 0
0.338352 0
0.077063 0
1.194973 0
0.157112 0
0.265050 0
0.046561 0
1.965456 0
0.669193 0
0.112390 0
0.524419 0
0.393463 0
0.002048 0
0.096040 0
0.074129 0
0.030784 0
0.006600 0
0.246817 0
0.968898 0
0.310695 0
0.427441 0
0.188727 0
0.826949 0
0.149645 0
0.759149 0
0.055493 0
1.319156 0
0.796055 0
0.784727 0
0.091643 0
0.288964 0
0.192995 0
1.433067 0
0.239063 0
0.148302 0
1.259061 0
1.420863 0
0.152967 0
0.421733 0
0.808086 0
0.093599 0
0.130748 0
0.269068 0
1.355506 0
0.482827 0
0.211134 0
0.467435 0
0.405472 0
0.092876 0
0.531326 0
0.373774 0
0.167774 0
0.041550 0
0.415261 0
0.625623 0
0.279620 0
0.088388 0
0.080731 0
0.193057 0
1.077994 0
0.357474 0
0.168381 0
0.291277 0
0.423419 0
0.384389 0
0.008052 0
0.342807 0
0.937931 0
0.190528 0
0.125383 0
0.384990 0
0.295451 0
1.647754 0
0.395549 0
0.400261 0
0.345020 0
0.061699 0
0.723151 0
0.878658 0
0.044902 0
0.135378 0
0.010827 0
0.066531 0
0.942027 0
1.017828 0
0.077699 0
0.483636 0
0.233444 0
0.177315 0
0.114001 0
0.364293 0
0.394979 0
0.325292 0
0.165028 0
1.180969 0
0.625241 0
0.420328 0
0.042161 0
1.227113 0
0.026323 0
1.393160 0
1.378703 0
1.286603 0
0.550499 0
0.114896 0
0.199179 0
0.094659 0
0.038962 0
0.036703 0
0.719681 0
0.564181 0
1.111268 0
0.496855 0
0.492200 0
1.245701 0
0.630762 0
0.577743 0
0.236352 0
0.326472 0
0.099394 0
0.763159 0
0.785572 0
0.106609 0
0.144090 0
0.326512 0
1.397926 0
0.495573 0
0.125117 0
0.353136 0
0.044110 0
1.468800 0
1.281467 0
0.643554 0
0.764108 0
0.245386 0
0.205984 0
0.481345 0
0.214060 0
0.746576 0
0.448384 0
0.775537 0
0.189883 0
0.426471 0
0.708778 0
0.484834 0
0.385402 0
0.078379 0
0.718598 0
0.184136 0
0.046079 0
0.816624 0
0.458375 0
0.154186 0
0.368000 0
1.507242 0
0.176438 0
0.589743 0
0.214444 0
0.553856 0
0.073722 0
0.365270 0
0.041349 0
0.076039 0
1.823395 0
0.009217 0
0.197592 0
0.339323 0
0.866045 0
0.173894 0
0.141953 0
0.850664 0
0.015796 0
0.440447 0
0.307812 0
1.535253 0
0.286239 0
0.056667 0
0.075165 0
0.187588 0
0.101279 0
0.125118 0
0.280495 0
1.078080 0
0.132507 0
0.019150 0
0.862689 0
1.498637 0
0.229957 0
1.382814 0
0.045769 0
0.508515 0
0.656445 0
0.530401 0
1.344466 0
0.341493 0
0.064276 0
0.132070 0
0.121687 0
1.422011 0
0.307320 0
0.395626 0
0.058462 0
0.769119 0
1.393703 0
0.563481 0
0.272021 0
0.315385 0
0.321316 0
0.284943 0
1.451293 0
0.118251 0
0.152866 0
0.278780 0
0.346671 0
0.961385 0
0.475615 0
0.504998 0
1.095189 0
0.143373 0
0.209949 0
0.059057 0
0.249550 0
0.194729 0
0.464233 0
0.195562 0
0.576865 0
0.946296 0
0.286752 0
0.025930 0
0.356044 0
0.162172 0
0.430257 0
1.038684 0
0.908818 0
0.818350 0
0.480603 0
0.397215 0
0.212349 0
0.532322 0
0.168720 0
0.019948 0
0.076082 0
0.032102 0
0.925468 0
0.244554 0
0.344332 0
0.014379 0
0.836966 0
0.743838 0
0.448386 0
0.375242 0
0.132358 0
0.067088 0
0.516389 0
0.019384 0
0.173075 0
0.665672 0
0.630931 0
0.695571 0
0.855724 0
0.636390 0
0.376204 0
0.481897 0
1.053548 0
0.170152 0
1.475455 0
0.332935 0
0.272215 0
0.322550 0
0.374946 0
0.177276 0
0.723383 0
1.129947 0
0.407805 0
1.397958 0
0.205409 0
1.160962 0
1.165190 0
0.047137 0
0.536023 0
0.228801 0
0.107433 0
0.326465 0
0.207012 0
0.139196 0
1.273088 0
0.999385 0
1.390756 0
0.153324 0
0.218854 0
0.151310 0
0.970383 0
1.355241 0
0.291009 0
0.116552 0
0.253849 0
0.467887 0
0.350216 0
0.020309 0
1.152260 0
0.088702 0
0.495046 0
0.339551 0
0.240036 0
0.007612 0
0.091344 0
0.568568 0
0.463822 0
0.064613 0
0.299772 0
0.109897 0
1.014477 0
0.287967 0
0.151900 0
0.254549 0
0.240425 0
0.685538 0
0.363065 0
0.355324 0
0.941299 0
0.507382 0
1.574904 0
1.074001 0
0.811123 0
0.288824 0
0.371743 0
1.443127 0
0.021232 0
0.089382 0
0.509854 0
0.512769 0
1.171539 0
0.531928 0
0.956400 0
1.075144 0
0.040492 0
0.435298 0
0.499729 0
0.219066 0
0.129159 0
0.125187 0
1.083393 0
0.170237 0
0.136312 0
0.014316 0
0.131097 0
0.368562 0
0.126903 0
0.335964 0
0.597964 0
0.653853 0
0.218389 0
1.623695 0
0.884138 0
0.702688 0
0.091404 0
0.641577 0
0.173451 0
1.351034 0
0.708717 0
0.407910 0
0.386640 0
0.577120 0
0.239438 0
0.284826 0
0.158918 0
0.820160 0
0.713833 0
0.037204 0
0.328503 0
0.155769 0
0.367219 0
0.274875 0
0.636128 0
0.222128 0
0.533762 0
0.323576 0
1.234997 0
0.012639 0
1.039565 0
0.536535 0
0.102052 0
0.096186 0
0.391400 0
0.046412 0
1.007765 0
0.174988 0
0.517747 0
0.423719 0
0.446009 0
0.339955 0
0.918160 0
0.010123 0
0.022208 0
0.050969 0
0.609926 0
0.471046 0
0.672901 0
1.005854 0
0.423733 0
0.152119 0
0.346760 0
1.331017 0
0.657762 0
1.045543 0
1.106123 0
0.046768 0
0.680852 0
0.543215 0
0.098614 0
1.236810 0
0.313963 0
0.220958 0
1.438571 0
0.100658 0
0.794874 0
1.401932 0
0.694598 0
0.486665 0
0.385122 0
0.135883 0
0.373982 0
0.195963 0
0.476618 0
0.695586 0
0.781074 0
0.176133 0
0.381051 0
0.424385 0
0.119329 0
0.595286 0
0.663345 0
0.127555 0
0.826444 0
0.823707 0
0.600719 0
0.070519 0
1.605546 0
0.094587 0
0.823855 0
0.671009 0
0.038303 0
0.439523 0
0.427207 0
0.281094 0
0.236363 0
0.138546 0
0.446786 0
1.157482 0
1.638034 0
0.232794 0
0.287100 0
0.813114 0
0.819333 0
0.546017 0
0.623188 0
0.216384 0
1.435482 0
0.165047 0
0.088361 0
0.623928 0
0.196243 0
0.187407 0
0.198986 0
0.342564 0
1.362286 0
0.059552 0
1.463355 0
1.571153 0
0.090236 0
1.868753 0
1.167982 0
1.007985 0
0.888415 0
0.068501 0
0.368348 0
1.604621 0
0.929379 0
0.019392 0
0.047198 0
0.333756 0
0.615690 0
0.563619 0
0.213400 0
1.277271 0
0.525788 0
1.241159 0
0.568524 0
0.084559 0
0.502471 0
0.116220 0
0.521946 0
0.269763 0
0.076285 0
0.002323 0
0.407681 0
0.508145 0
0.363884 0
0.279892 0
1.001143 0
0.217717 0
0.340417 0
1.078737 0
0.827193 0
1.136797 0
0.685258 0
0.284532 0
0.468223 0
0.336373 0
0.200956 0
0.427424 0
0.708464 0
1.202041 0
0.066609 0
0.427990 0
0.389584 0
0.032034 0
0.298115 0
0.013149 0
0.703540 0
0.352061 0
0.035151 0
0.240230 0
0.255787 0
0.033689 0
0.248101 0
0.607872 0
0.155643 0
0.395834 0
0.062664 0
0.254063 0
0.294528 0
0.101653 0
0.274861 0
0.777599 0
0.645413 0
1.157512 0
0.431131 0
0.016547 0
0.511615 0
0.906970 0
0.049154 0
0.305008 0
0.052063 0
0.721706 0
0.084618 0
0.344328 0
1.412826 0
0.049300 0
0.328618 0
0.147216 0
0.037301 0
0.091375 0
0.100564 0
1.201688 0
0.943678 0
0.120123 0
1.068261 0
0.082427 0
0.483561 0
0.188084 0
0.094509 0
0.384916 0
1.414054 0
1.029767 0
0.621717 0
0.693602 0
0.430371 0
0.120713 0
0.092396 0
0.098569 0
0.252607 0
0.582784 0
0.710297 0
0.501080 0
0.390742 0
0.231688 0
0.115182 0
1.641752 0
0.125112 0
1.029712 0
0.103960 0
0.279402 0
0.009867 0
0.051928 0
1.253043 0
0.277469 0
0.339631 0
0.085397 0
0.163631 0
0.410963 0
0.556043 0
0.311602 0
0.448540 0
0.557744 0
0.024730 0
0.757986 0
0.278227 0
0.972534 0
0.832644 0
0.256978 0
0.225164 0
0.570632 0
0.331820 0
0.279758 0
0.762520 0
0.013895 0
1.370329 0
1.377353 0
1.030730 0
0.055448 0
0.673717 0
0.540988 0
0.009120 0
0.366888 0
0.904964 0
1.303633 0
0.396545 0
0.010223 0
1.019503 0
0.021784 0
0.105363 0
0.026311 0
1.351204 0
0.452964 0
0.415440 0
0.164789 0
0.434418 0
0.743404 0
0.232648 0
0.303132 0
0.298748 0
0.762643 0
0.392292 0
0.450700 0
0.097048 0
0.846898 0
0.234347 0
0.825350 0
1.137558 0
0.060589 0
0.191472 0
0.909452 0
1.107360 0
0.628045 0
0.931842 0
0.795901 0
0.516551 0
0.072104 0
0.501023 0
0.177415 0
0.401627 0
0.772233 0
0.446577 0
0.692821 0
0.552033 0
0.368462 0
0.146831 0
1.438203 0
0.451240 0
0.014849 0
0.595312 0
0.646200 0
0.022834 0
0.554779 0
0.491546 0
1.438948 0
0.191505 0
0.109293 0
0.235134 0
0.298305 0
0.195596 0
0.987824 0
1.774724 0
0.079281 0
0.186264 0
0.341528 0
1.424786 0
0.043033 0
0.500145 0
0.196546 0
1.035297 0
1.486716 0
0.496531 0
0.444241 0
0.693882 0
0.689595 0
0.191495 0
0.377574 0
0.162109 0
0.059516 0
0.479488 0
0.504867 0
0.404803 0
0.153586 0
0.993905 0
0.054143 0
0.240893 0
0.216864 0
0.609298 0
0.740811 0
0.021466 0
0.330587 0
0.143085 0
0.913779 0
0.222569 0
0.657955 0
0.346005 0
1.396892 0
0.200043 0
0.834923 0
0.265497 0
0.686997 0
0.084872 0
0.180959 0
0.383528 0
0.690019 0
0.439455 0
0.106631 0
1.077043 0
0.067337 0
0.467655 0
0.233991 0
1.008367 0
0.638394 0
0.087336 0
1.468273 0
0.626861 0
0.659309 0
0.132758 0
0.372713 0
1.263637 0
0.129232 0
0.179621 0
0.210656 0
0.834035 0
0.169817 0
0.122814 0
0.187810 0
0.281128 0
0.044330 0
0.183409 0
1.188682 0
0.494102 0
0.342970 0
0.608648 0
1.215909 0
0.381313 0
1.422200 0
0.839375 0
1.323770 0
0.078509 0
0.531421 0
0.611919 0
0.245543 0
0.572752 0
0.638164 0
1.650513 0
0.139663 0
0.312902 0
0.003781 0
0.395153 0
0.139276 0
0.405688 0
0.027992 0
0.238590 0
0.854001 0
0.124936 0
0.024353 0
0.795057 0
1.504622 0
0.129511 0
0.104921 0
0.451913 0
0.472489 0
0.086293 0
0.085241 0
0.019972 0
1.618043 0
1.431014 0
0.301393 0
0.538362 0
0.447809 0
0.328420 0
0.136838 0
2.378851 0
0.306961 0
0.325183 0
0.039459 0
0.344109 0
0.153288 0
0.268971 0
0.845134 0
0.792531 0
0.266516 0
0.119359 0
0.620198 0
0.144244 0
0.072527 0
1.396080 0
0.620650 0
1.467376 0
0.219054 0
0.652780 0
1.386889 0
0.224328 0
0.087182 0
0.303312 0
1.413242 0
0.376356 0
0.517909 0
0.144234 0
0.634617 0
0.060033 0
0.455208 0
0.484965 0
0.406263 0
0.054506 0
0.164194 0
0.209812 0
0.481110 0
0.790657 0
0.080510 0
0.060181 0
0.199028 0
0.296556 0
0.498053 0
0.197470 0
0.554839 0
0.103437 0
0.393119 0
0.928293 0
0.101367 0
0.213013 0
0.968207 0
0.383269 0
0.812084 0
0.878927 0
0.049717 0
0.717752 0
0.383264 0
0.055474 0
1.129487 0
0.049663 0
0.487864 0
1.706372 0
0.138170 0
0.260063 0
0.098264 0
0.103546 0
1.472046 0
0.100791 0
0.402317 0
0.343250 0
1.573170 0
0.121261 0
0.326859 0
0.419726 0
0.433507 0
1.312570 0
0.519505 0
0.069937 0
0.106859 0
0.347096 0
0.143547 0
1.168228 0
0.192102 0
0.100873 0
1.455324 0
0.139677 0
1.430630 0
0.017534 0
0.403394 0
0.405812 0
0.026290 0
0.425923 0
0.310977 0
0.056812 0
0.051660 0
0.118791 0
0.018636 0
0.585815 0
0.003455 0
0.481790 0
0.127990 0
0.626320 0
1.123760 0
0.073955 0
0.137662 0
0.197749 0
0.185370 0
0.832912 0
0.061253 0
0.326622 0
0.995361 0
0.230144 0
0.629008 0
0.350280 0
0.445754 0
0.257895 0
0.676172 0
1.598768 0
0.208468 0
0.336520 0
0.604709 0
0.936204 0
0.105131 0
0.711922 0
0.520202 0
0.103640 0
0.462620 0
0.442485 0
1.367427 0
1.348009 0
0.180391 0
1.761034 0
0.145065 0
1.175253 0
0.085046 0
0.159715 0
0.410467 0
0.176271 0
0.519502 0
0.329188 0
0.590213 0
0.725918 0
0.157565 0
0.501330 0
0.819953 0
0.030818 0
0.347938 0
1.405716 0
0.633877 0
0.960298 0
0.601059 0
0.244389 0
0.059776 0
0.342395 0
1.453446 0
0.884587 0
0.191828 0
0.794232 0
0.466896 0
0.182976 0
0.017097 0
0.148046 0
1.566199 0
0.131235 0
2.095690 0
0.451905 0
0.255365 0
0.229590 0
0.568517 0
0.371493 0
0.236479 0
0.349923 0
0.102315 0
1.447323 0
0.043298 0
0.362527 0
0.122702 0
0.038355 0
0.858928 0
0.191016 0
0.999374 0
0.855503 0
0.529789 0
0.473347 0
0.974926 0
1.241556 0
0.311547 0
0.388354 0
0.018228 0
0.292023 0
0.437703 0
0.211576 0
0.060159 0
0.122798 0
0.837221 0
0.091988 0
0.142948 0
0.121262 0
0.151708 0
0.987191 0
0.154312 0
0.183319 0
0.284916 0
0.261109 0
0.127439 0
0.649134 0
0.463017 0
0.258435 0
1.176421 0
0.198039 0
0.512433 0
0.112052 0
0.138940 0
0.061268 0
0.248556 0
0.075080 0
0.090848 0
0.485295 0
1.133696 0
0.021693 0
0.059757 0
0.425840 0
0.600426 0
0.271598 0
0.149120 0
0.544465 0
0.887302 0
0.560700 0
0.091661 0
0.159173 0
1.467971 0
0.409472 0
0.010950 0
1.221916 0
0.056471 0
0.163330 0
0.294929 0
0.168150 0
1.244661 0
0.128180 0
0.307063 0
0.063899 0
1.240801 0
0.308165 0
0.178326 0
0.584049 0
0.560529 0
0.738267 0
0.002575 0
0.482343 0
1.569526 0
0.130927 0
0.799354 0
1.572562 0
0.535887 0
0.084681 0
1.314961 0
0.390093 0
0.055398 0
0.146511 0
0.334207 0
1.632556 0
0.257051 0
0.057463 0
0.257776 0
0.078146 0
1.310095 0
1.153867 0
0.597166 0
0.270827 0
0.127099 0
0.100444 0
0.561495 0
0.243019 0
1.307143 0
0.192181 0
0.103707 0
0.548657 0
0.415074 0
0.330748 0
0.691922 0
0.507681 0
0.860012 0
0.044197 0
0.928114 0
0.752492 0
0.809883 0
0.283724 0
0.123323 0
0.319630 0
0.702085 0
0.312579 0
0.343485 0
0.065286 0
0.348733 0
1.397917 0
0.327348 0
0.755753 0
0.085674 0
1.534761 0
0.075139 0
1.076203 0
0.354166 0
1.407432 0
0.321245 0
0.147404 0
1.028176 0
0.042807 0
1.369710 0
0.051147 0
0.893648 0
0.242680 0
0.072848 0
0.627292 0
0.162539 0
0.387943 0
0.082714 0
0.914321 0
0.347729 0
0.130652 0
0.358854 0
0.772239 0
0.761903 0
0.147307 0
0.525161 0
0.104964 0
0.039776 0
0.263445 0
1.011879 0
0.773771 0
0.898461 0
0.215921 0
0.485132 0
0.710453 0
0.253253 0
0.289146 0
0.259637 0
0.118042 0
0.676789 0
1.367458 0
0.130753 0
0.145186 0
0.102245 0
0.213713 0
1.081635 0
0.292982 0
0.645100 0
0.018167 0
0.570388 0
0.177333 0
0.020776 0
0.425777 0
0.275942 0
0.556800 0
0.442489 0
0.993602 0
0.162127 0
1.145719 0
0.950937 0
0.101320 0
0.063419 0
0.039687 0
0.310396 0
0.369664 0
0.474494 0
0.811410 0
0.173020 0
0.705239 0
0.525676 0
0.011130 0
1.797024 0
0.681943 0
1.229018 0
0.824366 0
0.091749 0
0.552830 0
0.357087 0
0.368070 0
0.127736 0
0.118748 0
0.020821 0
0.637949 0
0.437998 0
0.141213 0
0.386830 0
0.161094 0
0.013768 0
0.160415 0
0.897307 0
0.823882 0
1.614086 0
0.764033 0
0.125813 0
1.447541 0
0.397283 0
1.551570 0
0.287512 0
1.368304 0
1.277238 0
0.385146 0
0.087454 0
0.137554 0
0.492760 0
0.062886 0
0.087126 0
0.266148 0
0.044395 0
0.075600 0
0.117481 0
0.955543 0
0.025243 0
0.412432 0
0.154548 0
0.420640 0
0.414894 0
0.462127 0
0.572140 0
0.122712 0
0.310573 0
1.677163 0
1.474066 0
0.999229 0
0.038062 0
0.389289 0
1.417717 0
0.649588 0
0.464514 0
0.102846 0
0.411653 0
0.070197 0
0.522530 0
0.126646 0
0.824047 0
0.153551 0
0.040533 0
0.563857 0
0.068698 0
0.273800 0
0.637653 0
0.323222 0
1.039506 0
0.879547 0
0.497463 0
0.493169 0
0.707840 0
0.165891 0
1.338424 0
0.407525 0
0.458501 0
0.141028 0
0.228822 0
0.829284 0
0.273612 0
0.791223 0
0.068761 0
0.369283 0
0.093123 0
0.002983 0
1.375081 0
0.594185 0
1.008440 0
0.594783 0
0.157402 0
0.338018 0
0.621039 0
0.183629 0
0.295963 0
1.292973 0
0.209228 0
0.130901 0
0.803957 0
1.136143 0
1.282794 0
0.007902 0
0.119989 0
0.355156 0
1.568360 0
1.377954 0
0.213450 0
0.283812 0
0.232744 0
0.143467 0
0.351820 0
0.718655 0
0.468180 0
1.021437 0
0.279957 0
0.031527 0
0.144155 0
0.038316 0
0.455968 0
0.638977 0
0.691038 0
0.621153 0
0.678662 0
0.117511 0
0.099141 0
0.043697 0
0.213295 0
1.333304 0
0.792653 0
0.368560 0
0.277276 0
0.205060 0
0.027476 0
0.753964 0
0.506625 0
0.258611 0
0.111337 0
0.845800 0
0.137237 0
0.329230 0
0.214157 0
0.526434 0
0.409118 0
0.408339 0
0.474429 0
1.357205 0
0.502979 0
0.629362 0
0.461365 0
1.709706 0
0.181583 0
0.499899 0
1.041334 0
0.527082 0
0.428948 0
0.218527 0
0.393267 0
0.548311 0
0.843510 0
0.471074 0
0.426534 0
0.026468 0
1.193293 0
0.627243 0
0.150334 0
0.575691 0
0.082787 0
0.123826 0
0.285419 0
0.370493 0
0.700266 0
0.282530 0
0.580573 0
0.615702 0
0.083458 0
0.152184 0
1.409781 0
1.142778 0
0.114630 0
0.447167 0
1.459864 0
1.189683 0
0.032836 0
1.517262 0
0.030549 0
0.209401 0
0.116050 0
0.026260 0
0.151303 0
0.090515 0
0.263444 0
0.377794 0
1.472895 0
0.456946 0
0.212979 0
0.552002 0
0.602376 0
0.188347 0
0.475732 0
1.447792 0
0.423114 0
0.536366 0
1.907882 0
1.648850 0
1.744729 0
0.370429 0
0.634575 0
0.391628 0
0.407053 0
0.047014 0
0.095665 0
0.584779 0
0.312019 0
0.095818 0
0.351949 0
0.106109 0
0.092097 0
0.707749 0
0.185865 0
0.105864 0
0.407426 0
0.200945 0
0.124616 0
1.621074 0
0.103130 0
0.050481 0
0.277179 0
0.389815 0
0.287468 0
1.544854 0
0.115679 0
0.077372 0
0.862225 0
0.124690 0
0.061239 0
0.534450 0
0.274373 0
0.040599 0
0.009491 0
0.037306 0
0.561131 0
0.184680 0
0.589653 0
0.702378 0
1.440493 0
0.013780 0
0.716175 0
1.292668 0
0.835055 0
0.448054 0
0.322242 0
0.186530 0
0.393236 0
0.447397 0
0.738056 0
0.944390 0
0.384090 0
0.210530 0
0.461356 0
0.314987 0
1.531816 0
0.569601 0
0.679953 0
0.802300 0
0.565946 0
0.005878 0
0.275262 0
0.017543 0
0.265199 0
1.510516 0
0.911182 0
0.613544 0
0.192720 0
0.317926 0
0.156218 0
0.656656 0
0.107896 0
0.171380 0
0.542962 0
0.878881 0
0.046969 0
0.073977 0
1.463543 0
1.706891 0
0.602650 0
0.062151 0
1.318648 0
0.715356 0
0.093167 0
0.433197 0
0.086467 0
0.795943 0
1.512188 0
0.488685 0
0.252618 0
1.379171 0
1.216167 0
1.704218 0
0.418953 0
0.895182 0
0.109214 0
0.419068 0
0.494344 0
0.454006 0
0.138849 0
2.005473 0
0.707804 0
0.547708 0
0.207152 0
0.410183 0
0.339590 0
0.916476 0
0.952695 0
0.500258 0
0.039974 0
0.614859 0
0.480746 0
0.127950 0
0.133261 0
0.436176 0
0.581244 0
0.351512 0
0.253124 0
0.256248 0
0.256484 0
0.376677 0
0.915106 0
0.328621 0
0.123055 0
0.031301 0
0.209370 0
0.280235 0
0.239402 0
0.174426 0
0.102505 0
0.309974 0
0.143459 0
0.142389 0
0.081894 0
1.273109 0
1.447782 0
0.231390 0
0.490083 0
0.339562 0
0.148759 0
0.423825 0
0.082518 0
0.053547 0
1.244817 0
0.402116 0
0.313894 0
0.182123 0
0.198547 0
0.264469 0
1.415367 0
0.289986 0
0.218239 0
0.081274 0
0.143506 0
0.566234 0
0.022973 0
1.437531 0
1.280710 0
0.575382 0
0.012516 0
0.226561 0
1.229439 0
0.425620 0
0.379679 0
0.714053 0
0.691879 0
0.392422 0
0.130603 0
0.029701 0
0.890204 0
0.731763 0
0.860635 0
0.035967 0
0.269866 0
0.694557 0
0.548102 0
0.389914 0
0.933631 0
0.545728 0
0.041124 0
1.129910 0
0.170702 0
0.751400 0
0.376136 0
0.372644 0
0.235419 0
0.165781 0
1.470029 0
0.494417 0
0.160932 0
1.202291 0
0.306070 0
1.437009 0
0.270551 0
0.369146 0
0.425495 0
0.618085 0
0.080714 0
0.543141 0
0.853945 0
0.219189 0
0.615444 0
1.735113 0
0.281059 0
0.399000 0
1.282212 0
0.097606 0
0.816665 0
0.407747 0
0.269135 0
1.101366 0
1.082106 0
0.318450 0
1.404817 0
0.457659 0
0.246099 0
1.431499 0
0.450574 0
0.531317 0
0.281741 0
0.486523 0
0.411822 0
0.854412 0
0.759031 0
0.372955 0
0.178081 0
0.803056 0
0.024340 0
0.575897 0
0.674913 0
0.828362 0
0.207770 0
0.663403 0
0.292508 0
0.164792 0
1.531618 0
0.309893 0
0.593179 0
0.130806 0
0.520780 0
0.714968 0
0.248128 0
0.028653 0
0.465575 0
0.639226 0
0.108756 0
0.057096 0
0.238214 0
1.573173 0
0.894986 0
0.075045 0
0.431835 0
0.112753 0
0.044164 0
0.800599 0
0.417001 0
0.119159 0
0.415220 0
0.382201 0
0.190954 0
0.409492 0
0.521481 0
0.209928 0
0.318826 0
1.433014 0
0.108138 0
0.569464 0
0.368567 0
0.155069 0
0.247106 0
1.455148 0
0.022082 0
0.165181 0
0.094138 0
0.496245 0
0.507149 0
0.814140 0
1.573900 0
0.491681 0
0.601990 0
1.433768 0
1.087223 0
0.143230 0
0.303654 0
0.002988 0
0.923973 0
0.796563 0
0.643835 0
0.230066 0
0.520827 0
0.038819 0
0.677188 0
0.748059 0
0.383612 0
0.119032 0
0.238623 0
0.045576 0
0.086886 0
0.467869 0
0.520493 0
1.360649 0
0.905745 0
0.145665 0
0.495267 0
0.149388 0
0.419294 0
1.077722 0
0.623814 0
0.562715 0
0.346738 0
1.130958 0
0.232621 0
0.183314 0
0.416492 0
0.178054 0
0.072098 0
1.066188 0
1.443261 0
0.102983 0
0.280952 0
0.538239 0
0.903495 0
0.261974 0
0.478753 0
0.094689 0
0.116876 0
0.017378 0
0.530999 0
0.091989 0
0.194596 0
0.866752 0
0.430572 0
0.373950 0
0.112392 0
0.269425 0
0.771887 0
0.256001 0
0.274647 0
0.079951 0
1.087680 0
0.486784 0
0.525912 0
0.177351 0
0.450414 0
0.638922 0
0.135329 0
0.186389 0
0.051010 0
0.181648 0
0.042362 0
0.006463 0
0.362770 0
1.343364 0
0.406274 0
0.020846 0
0.240082 0
0.098396 0
0.405512 0
0.028581 0
0.097875 0
1.628089 0
0.878818 0
0.829747 0
0.121483 0
1.649418 0
1.320217 0
0.513280 0
0.160507 0
0.020641 0
1.619138 0
0.070479 0
0.103709 0
0.012052 0
0.217462 0
0.095206 0
0.611211 0
0.093869 0
1.565875 0
0.615520 0
0.426984 0
0.262031 0
0.347592 0
0.171058 0
0.590566 0
0.117866 0
0.635495 0
0.842641 0
0.998367 0
0.770102 0
0.326498 0
0.110335 0
0.169928 0
0.559184 0
0.058195 0
0.967961 0
0.533274 0
0.580613 0
0.271048 0
0.432103 0
0.720945 0
0.783250 0
1.209046 0
0.248437 0
1.146838 0
0.605644 0
0.385242 0
0.075411 0
0.080674 0
0.098727 0
0.057538 0
0.998136 0
0.615373 0
0.512350 0
0.086774 0
0.028288 0
0.403324 0
0.478795 0
1.404470 0
0.211563 0
1.107048 0
0.100343 0
1.400851 0
1.012478 0
0.158841 0
0.175801 0
0.347595 0
0.966263 0
0.179216 0
0.537120 0
0.878781 0
0.038031 0
1.101451 0
0.317673 0
0.112024 0
0.016061 0
1.405239 0
0.537211 0
0.212800 0
0.356750 0
0.981828 0
0.252221 0
1.556351 0
0.072906 0
0.898284 0
0.047216 0
0.134625 0
0.307481 0
0.818493 0
0.100844 0
0.554081 0
0.591712 0
1.204597 0
1.046867 0
1.181648 0
1.008181 0
0.746184 0
0.680973 0
0.113895 0
0.192134 0
0.528879 0
0.138831 0
0.115391 0
0.057950 0
0.385299 0
0.593332 0
0.653326 0
0.361035 0
0.250135 0
0.386499 0
0.014614 0
0.505310 0
0.257611 0
0.297999 0
0.440404 0
0.203705 0
1.002076 0
0.074313 0
0.456144 0
0.518832 0
0.279573 0
0.883228 0
0.719643 0
0.412556 0
0.871856 0
0.023578 0
0.429138 0
0.128947 0
0.030240 0
1.401093 0
0.074359 0
0.451104 0
0.061623 0
0.935647 0
0.062113 0
0.220896 0
0.415509 0
0.981596 0
0.222490 0
0.031761 0
0.950214 0
0.609713 0
1.200326 0
1.036613 0
0.035475 0
0.383079 0
0.082714 0
0.084343 0
0.249308 0
1.876297 0
0.236141 0
0.382529 0
0.152969 0
0.016300 0
0.109697 0
0.159077 0
0.243233 0
0.174130 0
1.516610 0
0.240128 0
0.208137 0
1.403753 0
0.376773 0
0.095814 0
0.223973 0
0.587426 0
0.244324 0
0.062340 0
0.360875 0
1.242224 0
0.165702 0
0.355617 0
0.223437 0
0.374935 0
0.072580 0
0.584413 0
0.079869 0
0.756592 0
0.506250 0
0.148242 0
0.189028 0
1.209822 0
0.473705 0
0.374397 0
0.078224 0
0.209591 0
1.089482 0
0.685728 0
1.255749 0
0.379375 0
0.344260 0
0.023015 0
1.071060 0
0.082797 0
0.910436 0
1.384523 0
0.130695 0
0.419809 0
0.201332 0
0.715654 0
1.530956 0
0.043221 0
0.049029 0
0.173195 0
0.616377 0
0.220815 0
1.152858 0
1.483981 0
0.026377 0
0.107467 0
1.364445 0
0.234700 0
0.283377 0
0.101620 0
0.122331 0
0.287359 0
1.546215 0
0.958621 0
1.753364 0
1.426811 0
1.079228 0
0.095030 0
0.502098 0
1.165320 0
0.655654 0
0.692288 0
0.993344 0
0.438940 0
1.005646 0
0.246291 0
0.244584 0
0.662720 0
0.741788 0
0.436088 0
1.084552 0
1.101368 0
0.497864 0
0.418676 0
0.335103 0
0.862462 0
0.262895 0
0.180622 0
0.317340 0
0.783819 0
0.249681 0
0.249916 0
1.917400 0
0.070129 0
1.838917 0
0.297001 0
0.278168 0
0.154946 0
0.520579 0
0.322097 0
0.053172 0
0.827442 0
0.093923 0
0.061426 0
0.125191 0
0.140529 0
0.363154 0
0.218831 0
0.180383 0
1.367762 0
0.535646 0
0.353971 0
0.076690 0
0.118173 0
0.184883 0
0.897761 0
0.177273 0
0.247415 0
1.191285 0
0.130840 0
0.332732 0
1.338564 0
0.832388 0
0.169092 0
0.145945 0
0.045373 0
0.461250 0
0.120138 0
0.940785 0
0.286625 0
0.196674 0
0.448923 0
0.077953 0
1.067186 0
0.409741 0
0.074220 0
0.682177 0
0.384612 0
0.151071 0
0.081908 0
0.332494 0
1.125166 0
0.295258 0
1.179477 0
0.193235 0
0.194947 0
0.184867 0
0.697822 0
0.420779 0
1.154454 0
0.215519 0
0.252565 0
2.230568 0
0.084700 0
0.100797 0
0.321735 0
0.867385 0
0.226087 0
0.071221 0
0.476051 0
0.020459 0
0.272670 0
0.475254 0
0.302075 0
0.349666 0
0.228451 0
1.512675 0
0.367194 0
1.061198 0
0.171902 0
0.261141 0
1.156903 0
0.961417 0
0.071782 0
0.054178 0
0.054964 0
1.466269 0
0.385379 0
0.051985 0
0.047432 0
0.535746 0
0.490472 0
1.638849 0
0.071495 0
0.490536 0
0.582419 0
0.151530 0
0.096619 0
0.021700 0
0.172417 0
0.017434 0
0.228230 0
1.005486 0
0.442102 0
0.667803 0
0.102532 0
0.143889 0
0.754157 0
1.467386 0
0.598536 0
0.082292 0
0.473820 0
0.366322 0
0.276486 0
0.381026 0
0.184173 0
0.206154 0
0.036232 0
0.189638 0
0.212675 0
0.544028 0
1.035406 0
1.127458 0
1.508192 0
0.135746 0
0.118943 0
0.474613 0
0.391305 0
0.133113 0
1.428622 0
0.143927 0
0.178264 0
1.585572 0
0.855179 0
0.165858 0
0.731720 0
0.600462 0
0.282809 0
1.059805 0
0.096892 0
0.396127 0
0.250439 0
0.452664 0
0.122210 0
0.323387 0
0.027197 0
0.075514 0
0.580076 0
0.504093 0
0.015189 0
0.262994 0
0.124629 0
1.519392 0
0.983161 0
1.189247 0
0.048327 0
0.436355 0
0.166502 0
0.711019 0
0.405309 0
0.253385 0
1.864224 0
0.326851 0
0.363551 0
0.177056 0
0.940872 0
0.438345 0
0.959909 0
0.804888 0
0.044174 0
0.289446 0
0.496635 0
0.065910 0
1.080053 0
0.089496 0
1.484738 0
0.146393 0
1.432131 0
0.169911 0
0.398210 0
0.048778 0
0.551885 0
0.518411 0
0.688769 0
0.348582 0
0.122543 0
0.412085 0
0.581860 0
0.084157 0
0.217491 0
2.008721 0
0.433824 0
1.138281 0
0.195446 0
0.013882 0
0.235246 0
0.176940 0
1.119793 0
0.061970 0
0.526256 0
0.089819 0
0.482595 0
0.076216 0
0.153969 0
0.667400 0
0.174489 0
0.459525 0
0.218019 0
0.492788 0
1.063233 0
0.280342 0
0.076149 0
0.419196 0
0.018824 0
0.390873 0
0.303515 0
0.502874 0
0.143516 0
0.871032 0
0.055462 0
1.505000 0
0.280606 0
0.035639 0
0.017266 0
0.813023 0
0.628333 0
0.550200 0
0.083936 0
1.002986 0
0.298155 0
0.478075 0
0.087365 0
0.385279 0
0.028720 0
0.356754 0
0.281539 0
0.681297 0
0.776023 0
0.135246 0
0.112350 0
1.239549 0
1.412179 0
0.188050 0
1.967914 0
0.081077 0
0.361202 0
1.433254 0
1.428970 0
0.899876 0
0.059071 0
0.895049 0
0.603753 0
0.106335 0
1.119269 0
0.134483 0
0.178239 0
0.088633 0
0.450404 0
0.365993 0
0.221504 0
0.594475 0
0.173506 0
0.122875 0
0.144978 0
1.529011 0
0.291186 0
0.354203 0
0.033455 0
0.013024 0
0.368464 0
0.371157 0
0.680062 0
0.368981 0
0.474366 0
0.126356 0
0.377016 0
0.689272 0
0.949153 0
0.645392 0
0.593337 0
0.509386 0
0.894083 0
0.030803 0
0.401672 0
0.582987 0
0.943252 0
0.335496 0
0.026321 0
0.771543 0
0.072446 0
0.943685 0
0.174051 0
0.523404 0
0.262647 0
1.427809 0
0.271254 0
1.474247 0
0.066609 0
0.092511 0
0.070151 0
0.739575 0
1.437337 0
1.516789 0
1.465890 0
0.025932 0
1.386870 0
0.764481 0
1.495208 0
0.234058 0
0.095450 0
0.364416 0
1.253595 0
1.089175 0
0.375444 0
0.689269 0
0.389146 0
1.255395 0
1.429538 0
0.079813 0
0.067542 0
0.729643 0
1.900309 0
0.691000 0
0.178255 0
1.048444 0
0.331270 0
0.988507 0
0.062679 0
0.879640 0
0.079754 0
0.453914 0
0.314889 0
0.092673 0
0.693872 0
0.303770 0
0.454720 0
0.170616 0
0.786166 0
1.262561 0
1.496074 0
0.224358 0
0.115055 0
1.207660 0
0.270851 0
0.139095 0
0.325785 0
0.599537 0
0.256385 0
0.584244 0
0.370128 0
0.365249 0
0.933492 0
0.780807 0
0.059293 0
0.827220 0
0.827586 0
0.367798 0
1.523760 0
0.881059 0
0.604778 0
0.715820 0
0.469713 0
1.020625 0
0.137993 0
0.532615 0
0.059685 0
0.528257 0
0.069071 0
0.209812 0
0.639968 0
0.203567 0
0.033592 0
0.752872 0
1.292407 0
0.600983 0
0.019176 0
0.282194 0
0.344105 0
0.334389 0
1.366739 0
0.091895 0
0.793977 0
0.570996 0
0.306558 0
0.066263 0
0.588315 0
0.329692 0
0.502508 0
0.613717 0
0.388545 0
0.776848 0
1.385412 0
1.347050 0
0.753647 0
1.693698 0
1.330930 0
1.347442 0
0.236622 0
0.037011 0
0.224393 0
0.675087 0
0.028771 0
1.099729 0
1.636119 0
0.387811 0
0.070975 0
0.275227 0
0.201026 0
0.116530 0
0.092720 0
0.466519 0
0.399064 0
0.412331 0
0.101029 0
0.443356 0
0.313177 0
0.716895 0
0.149201 0
0.010460 0
0.560627 0
0.093180 0
0.890493 0
0.301779 0
0.090947 0
0.367965 0
1.133845 0
0.029972 0
1.222232 0
0.542162 0
0.328177 0
0.226452 0
0.474690 0
1.118057 0
0.098276 0
0.166808 0
0.059264 0
1.671847 0
0.257801 0
0.458211 0
0.232979 0
0.419679 0
0.973884 0
0.424737 0
0.451955 0
0.461170 0
0.052302 0
0.653858 0
0.692312 0
1.110538 0
0.183060 0
0.451696 0
0.492407 0
1.072938 0
1.141650 0
1.052799 0
0.169873 0
0.065372 0
0.736378 0
0.080387 0
0.126696 0
1.017630 0
0.273857 0
0.955479 0
0.600871 0
0.220221 0
0.271842 0
0.379349 0
0.167159 0
0.542711 0
0.482447 0
0.204690 0
0.208867 0
0.420553 0
0.617125 0
0.059809 0
0.538658 0
0.364877 0
1.466757 0
0.719084 0
0.023102 0
0.507127 0
0.492305 0
0.637469 0
0.124412 0
0.203474 0
0.348640 0
0.532055 0
0.737223 0
0.275705 0
0.951713 0
0.317781 0
0.753505 0
0.543623 0
1.600408 0
0.168486 0
0.153083 0
0.402615 0
0.791091 0
0.052896 0
0.668894 0
0.038048 0
0.324648 0
0.335722 0
0.126486 0
0.233275 0
0.161433 0
0.415374 0
0.144251 0
0.006426 0
0.726430 0
0.152849 0
0.007452 0
0.420299 0
0.972139 0
0.683939 0
0.231352 0
1.022897 0
1.410808 0
0.089169 0
0.065439 0
0.172877 0
0.159496 0
0.458138 0
0.502373 0
0.777132 0
0.211955 0
0.198522 0
0.184606 0
0.154728 0
1.584462 0
0.771584 0
0.176907 0
0.143762 0
0.127727 0
0.330362 0
0.265968 0
0.236671 0
0.152326 0
0.745279 0
0.249034 0
0.378740 0
0.027708 0
0.248179 0
0.367766 0
0.461313 0
0.732390 0
0.403831 0
0.156353 0
0.064678 0
0.235191 0
0.318764 0
1.443776 0
0.143108 0
0.579947 0
0.760615 0
0.241206 0
0.124449 0
0.959738 0
0.144307 0
1.022538 0
0.329948 0
0.032476 0
0.676691 0
0.075478 0
0.968969 0
0.598408 0
0.241040 0
1.162281 0
0.454802 0
0.637999 0
0.476373 0
0.332106 0
1.207839 0
0.128917 0
0.173074 0
1.019722 0
0.114892 0
0.066674 0
0.572442 0
0.731874 0
0.012369 0
0.168422 0
0.042866 0
0.013423 0
0.310933 0
0.818196 0
0.049469 0
0.223843 0
0.932121 0
1.463690 0
1.118981 0
0.341703 0
0.437880 0
0.323831 0
0.079727 0
1.408431 0
0.052532 0
1.438923 0
0.294659 0
1.281888 0
1.050794 0
1.125236 0
0.143294 0
0.471058 0
0.096631 0
0.191907 0
0.483251 0
0.374907 0
0.454570 0
0.423881 0
0.010092 0
0.589310 0
0.031335 0
0.154491 0
0.137613 0
0.519195 0
0.895111 0
0.185400 0
0.996267 0
0.396181 0
0.031741 0
0.893175 0
0.155568 0
1.162029 0
0.122083 0
0.285880 0
0.220352 0
0.895987 0
0.111342 0
0.205025 0
0.259869 0
1.144959 0
0.074415 0
0.119341 0
0.696832 0
1.410990 0
0.195397 0
0.078864 0
0.042722 0
1.919869 0
0.278089 0
0.183191 0
0.719188 0
1.381114 0
0.143525 0
0.072877 0
0.168187 0
1.128377 0
0.685961 0
1.318464 0
0.016332 0
0.769970 0
0.951163 0
0.337267 0
0.332188 0
0.200960 0
0.292634 0
0.265267 0
0.117155 0
0.564645 0
0.118340 0
0.455911 0
0.736545 0
0.070262 0
1.785798 0
0.034092 0
1.129350 0
0.369316 0
0.642733 0
0.043757 0
0.383909 0
0.066299 0
0.606893 0
0.158832 0
0.940921 0
0.697954 0
0.245549 0
0.099843 0
0.777877 0
1.571178 0
0.201181 0
0.491874 0
0.193616 0
0.575460 0
0.148939 0
1.640684 0
0.270329 0
1.503793 0
0.421228 0
0.199393 0
0.257562 0
0.519942 0
0.458244 0
0.160200 0
0.958965 0
0.276781 0
0.600329 0
0.381941 0
1.478611 0
0.313568 0
1.226191 0
0.763544 0
0.710097 0
0.376791 0
0.361133 0
0.131097 0
0.478132 0
0.071872 0
0.967047 0
0.258684 0
0.082199 0
0.062444 0
0.728964 0
0.693283 0
0.335735 0
0.112062 0
0.088541 0
0.592771 0
0.140861 0
0.177233 0
0.205291 0
0.235770 0
0.425823 0
0.217091 0
1.622096 0
0.063070 0
0.383078 0
0.270795 0
0.452722 0
0.454505 0
1.282235 0
0.305048 0
0.153878 0
0.038566 0
0.346049 0
0.539674 0
0.386322 0
0.663940 0
0.281876 0
0.545562 0
0.734675 0
0.006863 0
0.571046 0
0.077520 0
0.164189 0
0.677104 0
0.890222 0
0.181947 0
0.255219 0
0.540487 0
1.393698 0
1.806834 0
0.557736 0
0.335490 0
0.060975 0
0.363210 0
0.896565 0
0.091609 0
0.942787 0
0.207848 0
0.053440 0
0.260355 0
0.018811 0
0.042033 0
0.137302 0
0.236286 0
0.620786 0
0.093681 0
0.420737 0
0.323940 0
0.068840 0
0.050987 0
0.323036 0
0.142138 0
1.379193 0
1.244146 0
0.252401 0
0.431128 0
0.212828 0
0.638371 0
0.123972 0
0.392035 0
0.352426 0
0.078493 0
0.563764 0
0.508615 0
1.465027 0
1.285647 0
1.527417 0
0.057861 0
0.262072 0
1.042801 0
0.131863 0
0.207606 0
1.336829 0
0.192250 0
0.316703 0
0.123204 0
0.503940 0
0.277673 0
0.070975 0
1.680784 0
0.761880 0
0.168432 0
0.760944 0
2.431786 0
0.012135 0
1.377236 0
0.855076 0
0.197970 0
0.327917 0
0.971046 0
0.131078 0
1.244870 0
1.633287 0
0.550614 0
0.291011 0
0.332308 0
0.090199 0
0.101303 0
0.103263 0
0.470362 0
0.062221 0
0.047216 0
0.033278 0
0.218540 0
0.204944 0
0.030951 0
1.624593 0
0.035271 0
0.166588 0
0.815464 0
1.597871 0
0.177070 0
0.381015 0
1.390023 0
0.346873 0
0.535005 0
0.574762 0
0.130016 0
1.360141 0
1.179856 0
0.025376 0
0.023604 0
0.352044 0
0.606806 0
0.578776 0
1.403722 0
0.035516 0
1.305676 0
1.330291 0
0.653600 0
0.813568 0
0.220405 0
0.398937 0
0.384629 0
0.032699 0
0.528903 0
0.850016 0
0.140050 0
0.407178 0
1.213186 0
0.552716 0
1.513654 0
0.302700 0
0.726394 0
0.136203 0
0.700999 0
0.646036 0
0.113412 0
0.073589 0
0.628749 0
0.130239 0
0.030737 0
0.620615 0
0.505497 0
0.254550 0
0.028002 0
0.427761 0
0.760062 0
0.796552 0
0.263139 0
0.481635 0
0.102418 0
0.396961 0
0.770075 0
0.053732 0
0.071417 0
0.063836 0
0.086930 0
0.463967 0
0.826907 0
0.763981 0
0.122331 0
0.249471 0
0.077533 0
0.103637 0
0.403124 0
0.144634 0
0.004658 0
0.600030 0
0.280094 0
0.386376 0
0.176974 0
0.097710 0
0.028064 0
0.483533 0
0.075244 0
0.278309 0
0.221987 0
0.675227 0
0.695080 0
1.081693 0
0.117112 0
0.341942 0
0.878205 0
0.315779 0
0.211933 0
1.316141 0
0.994472 0
0.077950 0
0.192416 0
0.438849 0
0.281057 0
0.069177 0
0.622695 0
0.243822 0
0.770252 0
0.671522 0
1.002047 0
0.991720 0
0.035309 0
0.398132 0
0.177505 0
0.638347 0
0.332669 0
0.389193 0
0.849624 0
0.434555 0
0.546624 0
0.040874 0
0.113928 0
0.296380 0
0.055706 0
0.482913 0
0.010516 0
0.051053 0
0.688023 0
0.688969 0
0.026051 0
0.469758 0
0.968935 0
0.713755 0
0.012729 0
1.318835 0
0.027568 0
0.849763 0
0.810332 0
1.406877 0
0.440225 0
0.320365 0
0.192461 0
0.293877 0
1.126514 0
0.277439 0
0.199077 0
1.732012 0
0.711281 0
0.045057 0
0.359479 0
0.134630 0
0.016031 0
0.690283 0
0.694566 0
0.053428 0
0.232570 0
1.171561 0
0.253261 0
0.662967 0
0.052932 0
0.897450 0
0.450634 0
0.734229 0
0.128260 0
0.863465 0
0.902530 0
0.401536 0
0.081174 0
0.509858 0
0.174736 0
0.001000 0
0.177230 0
0.007344 0
1.647862 0
0.001259 0
0.573879 0
0.786784 0
0.108440 0
0.359379 0
0.027950 0
0.364971 0
0.121765 0
1.433589 0
0.679684 0
0.141830 0
0.008719 0
0.756148 0
1.580732 0
0.288994 0
0.535934 0
0.738721 0
0.952845 0
0.923187 0
0.345602 0
0.379985 0
0.049537 0
0.573197 0
0.595628 0
1.001565 0
0.454247 0
0.830838 0
0.091194 0
0.206258 0
0.094382 0
1.538592 0
1.613755 0
0.066923 0
0.213968 0
0.098078 0
0.207240 0
0.640330 0
1.017463 0
1.011112 0
0.808341 0
0.380755 0
0.128859 0
0.158991 0
0.061272 0
1.015205 0
0.039906 0
0.211233 0
0.120973 0
0.829838 0
0.450705 0
0.133865 0
0.476863 0
0.487681 0
0.310688 0
0.336344 0
0.219541 0
0.333689 0
0.632042 0
1.861470 0
1.214942 0
0.113089 0
1.411807 0
0.389831 0
0.043209 0
0.093870 0
0.189411 0
0.029839 0
0.413349 0
1.434721 0
0.896634 0
0.516421 0
0.023821 0
1.165051 0
0.391903 0
0.196037 0
0.360784 0
0.390331 0
0.267640 0
0.403008 0
0.113828 0
0.296852 0
0.156971 0
0.040838 0
0.879461 0
0.453337 0
0.618850 0
0.395834 0
0.666141 0
0.031157 0
1.044967 0
0.997602 0
0.024907 0
1.250376 0
0.317430 0
0.289615 0
0.917060 0
2.051245 0
0.804787 0
0.189072 0
0.335455 0
0.113822 0
0.323563 0
0.336994 0
0.224532 0
0.086098 0
1.124892 0
1.018042 0
0.406609 0
0.892651 0
0.131285 0
0.062101 0
0.277323 0
0.582013 0
0.043859 0
0.245759 0
0.101507 0
0.299685 0
0.118954 0
0.153378 0
0.850110 0
0.504592 0
0.141406 0
0.370838 0
0.178991 0
0.202702 0
0.080772 0
0.087560 0
0.176304 0
0.423806 0
0.059292 0
0.525641 0
0.321903 0
0.169121 0
0.088918 0
1.201183 0
0.188182 0
0.506230 0
0.572267 0
0.349381 0
0.701534 0
0.430523 0
0.010669 0
0.581646 0
0.609230 0
1.188250 0
1.392786 0
0.425947 0
1.610479 0
0.793216 0
0.098554 0
1.622040 0
0.177637 0
0.262467 0
1.168587 0
0.065220 0
0.171972 0
0.145421 0
0.035231 0
0.279729 0
0.122700 0
0.236925 0
0.464671 0
0.083966 0
0.600283 0
0.072053 0
0.521780 0
0.212138 0
0.160063 0
0.533000 0
0.345971 0
0.710896 0
0.230261 0
0.936269 0
0.431669 0
1.957603 0
0.205385 0
0.219897 0
0.339688 0
0.639963 0
0.042377 0
0.073792 0
0.107378 0
1.368769 0
0.959302 0
0.379869 0
1.263370 0
0.555505 0
0.513129 0
0.283981 0
1.445844 0
0.262014 0
0.065860 0
0.046588 0
0.259385 0
0.100956 0
0.177337 0
0.139522 0
0.315033 0
1.010198 0
0.930755 0
0.883110 0
1.004045 0
0.185674 0
1.054079 0
0.334904 0
0.051458 0
0.072795 0
0.228465 0
0.073908 0
0.158010 0
0.165332 0
0.193737 0
0.923088 0
0.723281 0
0.024124 0
0.460207 0
0.534164 0
0.738262 0
0.387213 0
1.287859 0
0.227814 0
0.239595 0
0.044817 0
0.279514 0
0.308274 0
0.053206 0
0.271744 0
0.574738 0
0.367531 0
0.288149 0
0.083101 0
1.516197 0
0.295982 0
0.105144 0
0.362183 0
0.167817 0
0.137217 0
0.050664 0
0.104910 0
0.203273 0
0.362044 0
1.188464 0
0.132943 0
1.157262 0
0.281260 0
0.312932 0
0.958426 0
0.073675 0
0.535883 0
0.177711 0
0.473731 0
0.220880 0
0.709218 0
0.858255 0
0.313054 0
0.478330 0
0.110881 0
0.139445 0
0.208659 0
1.984126 0
1.525359 0
0.751093 0
0.781249 0
1.462084 0
0.028236 0
1.814924 0
1.244880 0
0.863980 0
1.509691 0
0.365806 0
0.979690 0
0.465566 0
0.583604 0
0.209879 0
0.216581 0
0.475087 0
0.020421 0
1.230498 0
1.114024 0
0.406781 0
0.194728 0
0.597742 0
0.077858 0
0.019205 0
0.463012 0
0.378236 0
0.274097 0
0.077870 0
0.454181 0
0.198255 0
0.540912 0
0.488055 0
0.497278 0
0.271519 0
0.771349 0
0.277438 0
0.583047 0
0.549782 0
0.083532 0
0.195642 0
0.018870 0
1.553423 0
0.210060 0
0.096407 0
1.441632 0
0.276271 0
1.562839 0
0.931820 0
0.121490 0
0.899622 0
0.809509 0
0.201301 0
1.195737 0
0.405856 0
0.146863 0
1.427144 0
0.096592 0
0.752474 0
0.148893 0
0.056019 0
0.439163 0
1.027263 0
0.113121 0
0.543746 0
0.517437 0
0.330025 0
0.318788 0
0.235295 0
0.146139 0
0.177490 0
0.291263 0
0.127220 0
0.610732 0
0.229169 0
0.906664 0
0.501183 0
0.323668 0
0.511357 0
0.067985 0
0.056605 0
0.317299 0
0.373050 0
0.938023 0
1.368876 0
0.271347 0
0.832009 0
0.419703 0
0.486221 0
1.440317 0
0.083125 0
0.023726 0
0.485693 0
0.726749 0
0.016038 0
0.448647 0
0.148519 0
0.255448 0
0.421320 0
1.305780 0
1.356713 0
0.763802 0
0.265650 0
0.161572 0
0.030824 0
0.242953 0
0.720454 0
0.008753 0
0.205775 0
1.112489 0
0.895426 0
0.464494 0
0.471633 0
0.309393 0
0.325416 0
0.004835 0
0.797698 0
0.412471 0
0.120838 0
0.139101 0
0.401767 0
0.702046 0
0.617805 0
1.395479 0
0.093524 0
0.230479 0
0.069190 0
0.101276 0
0.666534 0
0.158110 0
0.535647 0
0.494785 0
0.034359 0
0.323600 0
0.208333 0
0.239957 0
0.961166 0
0.716447 0
0.275575 0
0.063252 0
0.050902 0
0.034756 0
0.735317 0
0.093841 0
0.016277 0
0.546381 0
1.436923 0
0.082160 0
0.263830 0
0.244452 0
0.626777 0
0.661251 0
1.196344 0
1.521436 0
0.122321 0
0.391477 0
0.160496 0
0.186080 0
0.227836 0
1.230004 0
0.127045 0
0.150106 0
1.637580 0
0.391184 0
0.130031 0
0.308403 0
0.836142 0
1.074331 0
1.067816 0
0.124886 0
1.146160 0
1.388184 0
0.748852 0
0.195966 0
0.921627 0
0.548811 0
0.818202 0
0.519593 0
0.301089 0
1.409954 0
0.306072 0
0.545609 0
0.626869 0
0.624638 0
0.063636 0
0.225864 0
1.017130 0
0.116829 0
1.050447 0
0.484152 0
0.228053 0
0.953582 0
0.406763 0
0.809961 0
0.512110 0
0.909582 0
0.348696 0
0.998176 0
0.291828 0
0.935828 0
0.529597 0
0.921353 0
0.069874 0
0.943328 0
0.156969 0
0.396193 0
0.455397 0
0.363178 0
0.060869 0
0.114591 0
0.275718 0
0.340099 0
0.491642 0
0.072928 0
0.256743 0
1.387475 0
0.153110 0
1.492970 0
0.045647 0
0.189981 0
0.257640 0
0.277409 0
1.203030 0
0.105423 0
0.098969 0
0.030119 0
0.012442 0
0.186940 0
0.014897 0
0.105668 0
1.400311 0
0.190110 0
0.012044 0
0.195229 0
0.080921 0
0.159187 0
0.917168 0
0.189559 0
1.545525 0
0.785299 0
0.326551 0
1.040085 0
0.127079 0
0.248279 0
0.352344 0
0.211781 0
0.760805 0
1.336043 0
0.212457 0
0.109532 0
0.478049 0
1.438702 0
0.410713 0
0.719936 0
0.574046 0
0.108271 0
0.036763 0
0.074205 0
0.969316 0
1.125191 0
0.695207 0
0.151780 0
0.068132 0
0.694372 0
1.080151 0
0.700567 0
0.056886 0
0.575418 0
1.397401 0
0.290119 0
0.531151 0
1.432918 0
0.558666 0
0.197967 0
0.213538 0
0.453037 0
0.361430 0
0.457941 0
0.029973 0
0.092398 0
0.239611 0
0.460380 0
0.456484 0
0.957451 0
1.587509 0
0.943266 0
0.087534 0
0.864881 0
0.872727 0
0.151906 0
0.498751 0
1.610849 0
0.004699 0
1.464213 0
0.817613 0
0.092386 0
0.411798 0
0.349782 0
0.434202 0
1.424749 0
1.484645 0
0.345341 0
0.063541 0
0.440988 0
0.462255 0
0.226923 0
0.081960 0
0.590379 0
0.663330 0
0.022466 0
0.542289 0
0.089513 0
0.066849 0
0.473125 0
0.986732 0
0.262834 0
0.830332 0
1.281493 0
1.051223 0
0.875873 0
0.064846 0
0.620369 0
0.836672 0
0.614448 0
0.296312 0
0.680082 0
0.442597 0
0.077342 0
1.663414 0
0.100711 0
0.828069 0
0.063187 0
0.104599 0
0.748469 0
0.025565 0
0.431174 0
0.164305 0
0.019499 0
0.249352 0
0.516174 0
0.797885 0
0.512420 0
0.337947 0
0.865275 0
0.261143 0
0.088835 0
1.201580 0
0.093927 0
0.792713 0
0.081819 0
0.109838 0
0.561081 0
0.039565 0
0.056659 0
0.232261 0
0.225418 0
0.344161 0
0.093743 0
0.042547 0
0.609869 0
1.255265 0
1.100472 0
0.189104 0
0.334146 0
0.078887 0
0.521383 0
0.821938 0
0.886232 0
0.204882 0
1.535261 0
0.267010 0
0.470350 0
0.471450 0
0.602494 0
0.195301 0
0.347563 0
0.311139 0
0.292504 0
0.016132 0
0.043422 0
0.042844 0
0.027421 0
0.055531 0
0.926962 0
0.222315 0
0.388275 0
0.294510 0
0.408476 0
0.062115 0
1.534901 0
0.486973 0
0.488655 0
0.529635 0
0.339895 0
0.249704 0
0.511743 0
0.424281 0
0.319167 0
0.081284 0
0.333302 0
0.200212 0
0.517482 0
0.492944 0
0.318332 0
1.540335 0
0.421290 0
1.011482 0
0.803149 0
0.366276 0
0.870926 0
0.589895 0
0.351960 0
0.286741 0
0.156260 0
0.171313 0
0.097626 0
0.448122 0
0.053020 0
0.171327 0
1.465377 0
0.047884 0
0.450061 0
0.551774 0
0.090844 0
0.131301 0
1.177364 0
0.191616 0
1.322281 0
0.290548 0
0.172480 0
1.393164 0
0.344803 0
1.424704 0
0.532994 0
0.506571 0
0.118194 0
0.244839 0
0.230403 0
0.038039 0
1.530397 0
0.243291 0
0.385232 0
0.131190 0
1.265324 0
0.128092 0
0.712206 0
0.586394 0
0.081654 0
0.064308 0
0.154786 0
0.532259 0
0.857764 0
0.457845 0
0.080574 0
1.185317 0
1.510570 0
0.590618 0
1.157727 0
0.747146 0
0.774893 0
0.913667 0
0.185145 0
0.158782 0
0.166826 0
0.304252 0
1.396071 0
0.275758 0
0.064482 0
0.184717 0
0.380967 0
0.387368 0
0.098506 0
0.368895 0
0.114612 0
0.053361 0
0.190556 0
0.119022 0
0.142266 0
0.429328 0
0.016018 0
0.078679 0
0.462009 0
0.827234 0
1.072051 0
0.207145 0
0.802774 0
1.305200 0
0.129705 0
0.032752 0
0.492831 0
0.732379 0
0.013351 0
0.200435 0
0.195387 0
0.023601 0
0.297304 0
0.232904 0
1.066351 0
0.076076 0
1.435423 0
1.672465 0
0.378140 0
0.574857 0
0.488445 0
0.772678 0
0.927956 0
0.477847 0
0.100068 0
0.043535 0
1.881584 0
0.286163 0
1.056543 0
0.339046 0
0.592451 0
0.466971 0
0.154366 0
0.524385 0
0.116676 0
0.584294 0
0.602361 0
0.139398 0
0.168218 0
1.027750 0
0.216717 0
0.268083 0
0.088564 0
0.413455 0
0.440050 0
0.177380 0
0.545476 0
0.261356 0
0.611530 0
0.495940 0
0.011463 0
0.403023 0
1.121799 0
1.380859 0
0.082158 0
0.218304 0
0.233576 0
0.163018 0
0.309533 0
0.032981 0
0.412770 0
0.256664 0
0.094737 0
0.114288 0
0.585569 0
0.048978 0
0.027349 0
0.497360 0
0.508108 0
0.109467 0
0.711834 0
0.060386 0
0.101075 0
0.372578 0
0.316499 0
0.212734 0
1.512005 0
0.028837 0
0.364323 0
0.297443 0
0.568327 0
0.451938 0
0.038667 0
0.325520 0
0.253330 0
1.186229 0
0.304928 0
0.089536 0
0.187171 0
1.294288 0
0.135639 0
0.052878 0
0.487657 0
0.264576 0
0.074327 0
0.482250 0
1.455801 0
0.068857 0
0.320344 0
1.815600 0
0.508018 0
0.028310 0
0.113188 0
1.234073 0
1.142199 0
0.477507 0
0.043771 0
0.123913 0
0.328806 0
1.668720 0
0.784580 0
0.853366 0
0.155324 0
0.479971 0
0.310261 0
1.784950 0
0.036941 0
1.400495 0
0.107975 0
0.008826 0
0.427538 0
1.333097 0
0.269212 0
0.151025 0
0.546579 0
0.191269 0
1.425439 0
0.450326 0
0.704492 0
0.211506 0
0.413186 0
1.406099 0
1.240125 0
0.058259 0
0.291814 0
0.021838 0
1.119448 0
0.161237 0
1.211335 0
0.445144 0
0.059304 0
0.591250 0
0.492658 0
0.873549 0
0.758201 0
0.224061 0
0.109360 0
0.704746 0
0.040080 0
0.025856 0
1.060058 0
0.441140 0
0.027295 0
0.571858 0
0.066443 0
0.140818 0
0.979353 0
0.119824 0
0.816324 0
0.319359 0
0.482864 0
0.244657 0
0.237785 0
0.455370 0
0.046593 0
0.828729 0
0.615286 0
0.386342 0
0.082525 0
0.208634 0
0.479085 0
0.421591 0
0.835617 0
0.037562 0
0.484118 0
0.135687 0
0.580929 0
1.121402 0
0.789299 0
0.686839 0
0.486314 0
0.030058 0
0.264948 0
0.640560 0
0.572396 0
0.003343 0
0.404559 0
0.044954 0
0.509999 0
0.075779 0
0.273823 0
1.435395 0
0.514060 0
0.068853 0
0.182899 0
0.584880 0
1.746571 0
0.435859 0
0.210912 0
0.535419 0
0.179544 0
0.399120 0
0.866874 0
0.210822 0
0.074969 0
0.274834 0
0.204410 0
0.041445 0
0.028694 0
1.081277 0
0.149894 0
0.076990 0
0.226610 0
0.254379 0
0.332084 0
0.322470 0
0.840788 0
0.394418 0
0.995933 0
0.095176 0
0.407932 0
0.086382 0
0.198091 0
0.165175 0
0.131427 0
0.142675 0
1.433530 0
0.506086 0
0.171156 0
0.001775 0
0.399386 0
0.376711 0
0.851531 0
1.027924 0
0.799154 0
0.047484 0
0.867992 0
0.091833 0
0.712305 0
0.287436 0
0.856302 0
0.287900 0
0.748937 0
0.406476 0
0.440472 0
1.104683 0
0.391199 0
0.159599 0
0.060867 0
0.259407 0
0.230313 0
0.062239 0
0.194189 0
0.039015 0
0.028217 0
0.597268 0
0.292173 0
1.492617 0
0.090412 0
0.816306 0
1.176888 0
0.136519 0
1.218273 0
0.308855 0
0.283492 0
0.704050 0
0.066281 0
1.839491 0
1.133902 0
0.186762 0
0.361842 0
0.089551 0
0.775604 0
0.278838 0
0.100596 0
0.015355 0
1.183492 0
0.464540 0
0.126072 0
0.052090 0
0.325870 0
0.061527 0
0.079723 0
0.103594 0
0.074799 0
0.509279 0
0.180829 0
0.956022 0
0.026505 0
0.264488 0
0.955160 0
0.069798 0
0.175626 0
0.410200 0
0.156589 0
0.251808 0
0.548900 0
0.826052 0
0.665193 0
1.065633 0
0.066899 0
0.480836 0
0.002002 0
0.087221 0
0.029969 0
1.356962 0
0.603052 0
0.041282 0
0.168756 0
0.085389 0
0.583763 0
0.729213 0
0.825024 0
0.498396 0
0.429513 0
0.240369 0
0.428499 0
0.069096 0
0.143636 0
0.240436 0
0.098100 0
0.032273 0
0.439232 0
0.171628 0
0.054615 0
0.204974 0
0.687671 0
0.039390 0
1.300802 0
0.188250 0
0.336297 0
1.039080 0
0.816832 0
0.038498 0
0.692644 0
0.385109 0
0.133602 0
0.043590 0
0.540302 0
1.722255 0
0.011829 0
1.321766 0
0.112329 0
0.094897 0
0.031966 0
0.277833 0
0.320181 0
0.232276 0
0.260300 0
0.230503 0
0.043872 0
0.997295 0
0.304519 0
0.164240 0
0.432834 0
0.862987 0
0.136046 0
0.496832 0
0.143934 0
0.110449 0
0.753364 0
1.001216 0
0.314845 0
0.342970 0
0.018705 0
1.362279 0
0.396733 0
0.117084 0
0.067907 0
0.057285 0
0.353055 0
0.029409 0
0.453257 0
0.271319 0
1.385142 0
0.039373 0
0.181918 0
0.747511 0
0.775620 0
0.763656 0
1.515015 0
0.398637 0
0.454496 0
0.067681 0
0.088005 0
0.075370 0
0.201204 0
0.331819 0
0.505883 0
0.290973 0
0.044036 0
0.027881 0
0.894939 0
0.509729 0
0.108219 0
1.483375 0
0.720211 0
0.096360 0
0.519777 0
0.338256 0
0.652904 0
0.451887 0
0.609591 0
0.179749 0
0.444032 0
0.099798 0
0.169530 0
2.213588 0
0.379351 0
0.740824 0
0.142235 0
0.561390 0
1.383429 0
1.605058 0
0.405896 0
0.445460 0
0.913095 0
0.502817 0
0.763239 0
0.019696 0
0.240381 0
0.182187 0
0.347077 0
0.469110 0
0.132311 0
0.454710 0
0.511783 0
1.020066 0
0.301969 0
0.335055 0
0.027485 0
0.265262 0
0.620599 0
0.843456 0
1.297962 0
0.284191 0
1.424652 0
0.066250 0
0.104824 0
0.012792 0
0.271431 0
0.243575 0
1.104213 0
0.054858 0
0.878948 0
0.467667 0
0.114154 0
0.334985 0
0.184923 0
0.327382 0
0.077090 0
0.303062 0
0.949306 0
0.465978 0
0.032510 0
0.326935 0
0.046739 0
1.393584 0
1.167127 0
1.244395 0
0.110203 0
0.356484 0
1.450726 0
0.715001 0
0.098400 0
0.059207 0
0.050442 0
1.057875 0
0.152988 0
0.085939 0
0.285268 0
0.021048 0
0.768687 0
0.415874 0
0.898192 0
0.512298 0
0.256629 0
0.878526 0
0.812129 0
0.141913 0
0.233826 0
0.018217 0
0.338158 0
0.190282 0
0.427720 0
0.562426 0
0.254600 0
0.170524 0
2.080653 0
0.046006 0
0.643140 0
0.241093 0
1.701563 0
0.212845 0
1.403978 0
0.967124 0
0.849220 0
0.082082 0
0.220459 0
0.155053 0
0.269070 0
0.971386 0
0.303106 0
0.437079 0
0.393378 0
0.026905 0
0.560049 0
0.091762 0
1.253992 0
0.082690 0
0.206619 0
0.081449 0
0.005302 0
0.635277 0
0.087280 0
1.307716 0
0.102573 0
0.315415 0
1.230784 0
0.275238 0
0.493269 0
0.334996 0
0.074306 0
0.115187 0
0.752427 0
0.829365 0
0.231722 0
0.138089 0
0.285482 0
1.107524 0
0.834857 0
0.484263 0
0.164456 0
0.796957 0
0.223061 0
0.157395 0
0.208927 0
1.607144 0
0.134517 0
0.107006 0
0.166167 0
0.487943 0
0.202886 0
0.331941 0
0.158674 0
0.410893 0
0.675962 0
1.110255 0
0.079296 0
0.282567 0
0.509824 0
0.018758 0
0.494554 0
0.206352 0
0.037736 0
0.256534 0
1.296005 0
0.759381 0
0.148524 0
0.261783 0
0.162435 0
0.043671 0
0.614624 0
0.564450 0
0.162486 0
1.373401 0
0.177902 0
0.525705 0
0.962146 0
0.228545 0
0.743998 0
0.307028 0
0.589890 0
1.427735 0
0.215466 0
0.436758 0
0.603927 0
0.003735 0
0.278360 0
0.217983 0
0.490553 0
0.726027 0
0.617384 0
0.771994 0
0.265559 0
1.489412 0
0.103826 0
0.334835 0
0.451143 0
0.449286 0
0.074540 0
0.415750 0
0.765880 0
1.246347 0
1.392112 0
0.104226 0
0.624259 0
0.155803 0
0.196826 0
0.800673 0
0.068388 0
0.429795 0
0.095193 0
0.694219 0
0.925424 0
0.078151 0
0.187610 0
0.293080 0
0.039557 0
0.046183 0
0.235232 0
0.066490 0
1.367888 0
0.491535 0
0.315724 0
0.558506 0
0.401800 0
0.993317 0
0.329209 0
0.825124 0
0.556110 0
0.140873 0
0.691270 0
0.102401 0
0.070748 0
0.009594 0
0.293351 0
0.363533 0
0.008660 0
0.757006 0
1.240733 0
0.197463 0
0.138720 0
0.085354 0
0.038774 0
0.104514 0
0.079778 0
1.058393 0
0.204350 0
1.157482 0
0.070914 0
0.539264 0
0.352241 0
1.294649 0
1.064594 0
0.615243 0
0.014332 0
0.353106 0
0.020514 0
0.117241 0
0.074234 0
0.092263 0
0.433493 0
1.131560 0
1.589754 0
0.686899 0
0.054473 0
0.117339 0
0.788350 0
0.290370 0
1.138208 0
0.590016 0
1.384916 0
0.007401 0
0.591262 0
0.625528 0
0.169430 0
0.036101 0
0.280956 0
0.914735 0
0.153676 0
0.051753 0
0.424933 0
0.548651 0
0.775777 0
0.081781 0
0.088033 0
1.202649 0
0.424641 0
0.626199 0
0.159411 0
0.433722 0
0.970158 0
0.553641 0
0.433269 0
0.088856 0
0.568238 0
0.098626 0
0.586354 0
0.608426 0
1.432338 0
0.019051 0
0.920169 0
0.089059 0
0.001916 0
0.367211 0
0.122199 0
1.199829 0
1.371035 0
0.914034 0
1.034654 0
1.443640 0
0.053531 0
0.439739 0
0.111529 0
0.859165 0
0.148102 0
0.486950 0
0.117910 0
0.075167 0
0.054553 0
0.280186 0
0.059595 0
0.241578 0
0.380938 0
0.060616 0
0.141834 0
0.425884 0
0.344674 0
0.398925 0
0.110717 0
0.840009 0
0.104328 0
0.199548 0
0.323606 0
0.044571 0
0.609408 0
0.028579 0
1.182455 0
0.428243 0
0.335823 0
1.163301 0
0.432456 0
0.264815 0
0.324038 0
0.201458 0
0.661075 0
0.055556 0
0.220002 0
0.059115 0
0.894680 0
1.069467 0
1.280885 0
0.950473 0
0.342884 0
0.366303 0
0.649591 0
0.315227 0
0.075996 0
0.320973 0
0.680594 0
0.821788 0
0.498674 0
0.037803 0
0.019185 0
0.272230 0
0.059039 0
0.081591 0
0.501366 0
0.229740 0
0.099422 0
0.587975 0
0.075626 0
1.580336 0
0.962785 0
0.410133 0
0.004620 0
0.142903 0
0.475086 0
0.478339 0
1.366265 0
0.100638 0
1.078863 0
0.242513 0
0.684721 0
0.302105 0
1.297919 0
1.379173 0
0.080956 0
0.359278 0
0.199390 0
0.058875 0
0.058396 0
1.562802 0
0.372202 0
1.131882 0
0.978031 0
0.221662 0
0.303724 0
0.995116 0
0.706609 0
0.243442 0
0.173345 0
0.025981 0
1.488612 0
0.401936 0
0.091687 0
0.909618 0
0.072134 0
0.689912 0
1.351015 0
0.313278 0
0.059184 0
0.523127 0
0.704127 0
0.091534 0
0.765375 0
1.609909 0
0.182349 0
0.060190 0
0.164320 0
0.027729 0
0.623388 0
0.644372 0
1.233518 0
0.978099 0
1.395302 0
0.556998 0
0.192749 0
1.562765 0
0.702426 0
1.355047 0
0.076278 0
0.492191 0
0.138464 0
0.565719 0
0.975669 0
1.892570 0
1.077756 0
0.387870 0
0.535184 0
0.015779 0
0.395845 0
0.894557 0
0.060008 0
0.126422 0
0.252288 0
0.920645 0
0.139421 0
0.475973 0
0.126086 0
0.320407 0
0.263903 0
0.873111 0
0.177730 0
1.434862 0
0.047601 0
0.724663 0
0.376295 0
0.624664 0
0.223971 0
0.371166 0
0.067970 0
0.129666 0
0.680383 0
0.625579 0
0.849659 0
0.805660 0
0.663199 0
0.350111 0
0.220456 0
0.426057 0
0.264355 0
0.655715 0
0.498685 0
0.316769 0
0.499619 0
0.410004 0
0.846104 0
0.170935 0
0.036384 0
0.048210 0
0.261676 0
0.156164 0
0.218788 0
1.022030 0
0.035755 0
0.639863 0
0.598061 0
0.208315 0
0.589547 0
0.339060 0
0.274936 0
0.443079 0
0.477943 0
0.378773 0
0.190217 0
0.122387 0
1.151087 0
0.654426 0
0.351063 0
0.289616 0
0.123568 0
0.202189 0
0.527831 0
0.312857 0
0.012974 0
1.125204 0
0.154255 0
0.014455 0
0.535472 0
0.381685 0
1.400693 0
0.582421 0
0.404267 0
1.487840 0
0.461408 0
0.855962 0
0.381842 0
0.704927 0
0.435348 0
1.073196 0
0.336343 0
1.098328 0
1.750968 0
0.185105 0
1.107335 0
0.693651 0
0.322934 0
0.368613 0
0.086575 0
0.028792 0
0.403731 0
0.239729 0
0.541040 0
0.821292 0
0.074318 0
0.162427 0
0.242602 0
1.205087 0
0.861300 0
0.064833 0
0.225853 0
0.315655 0
0.142842 0
0.188332 0
0.525964 0
0.201618 0
1.421899 0
0.464167 0
0.259568 0
0.606135 0
0.039779 0
1.472986 0
1.473589 0
1.211913 0
0.044831 0
0.285096 0
0.086768 0
0.072472 0
1.013253 0
0.509233 0
0.194679 0
0.064642 0
0.607888 0
0.146438 0
0.959169 0
0.342700 0
0.242099 0
1.200868 0
0.420265 0
0.005621 0
0.170729 0
0.350841 0
1.050804 0
0.775640 0
1.308515 0
0.371191 0
1.212981 0
0.332377 0
0.046916 0
0.076850 0
0.688197 0
0.144176 0
0.025574 0
0.190490 0
0.258649 0
0.650183 0
0.573707 0
0.128778 0
1.237164 0
0.904654 0
1.476611 0
0.045634 0
0.545051 0
0.192559 0
0.241339 0
0.003486 0
0.016628 0
0.227085 0
1.366191 0
0.250167 0
0.009069 0
0.385117 0
1.399458 0
0.494512 0
0.553107 0
0.148771 0
0.515270 0
0.142090 0
0.087883 0
1.161384 0
0.086498 0
0.103876 0
0.852237 0
0.159198 0
0.452793 0
0.049983 0
0.546727 0
0.242803 0
0.113696 0
0.136585 0
0.147221 0
0.163319 0
0.376196 0
0.491450 0
0.520642 0
0.378100 0
0.252345 0
0.018048 0
0.029087 0
0.367533 0
0.703216 0
0.441657 0
0.635990 0
0.148628 0
0.164465 0
0.284082 0
1.461796 0
0.142241 0
0.700426 0
0.223505 0
0.794007 0
0.045460 0
0.743173 0
0.342202 0
0.116414 0
1.421991 0
0.010765 0
0.318081 0
0.455760 0
0.067520 0
0.203925 0
0.858324 0
0.032496 0
1.011338 0
0.814384 0
1.368668 0
0.184300 0
0.288107 0
0.950986 0
0.356974 0
0.646959 0
0.492932 0
0.161156 0
0.011819 0
0.165358 0
0.176129 0
0.452864 0
1.438928 0
0.084498 0
0.009946 0
0.827568 0
1.495428 0
0.500578 0
0.111623 0
0.088032 0
0.291819 0
1.515165 0
0.056707 0
0.165333 0
0.467683 0
0.067558 0
0.225107 0
1.082744 0
0.176585 0
0.238861 0
0.853120 0
0.080160 0
1.985198 0
0.048113 0
0.797439 0
0.709585 0
0.075192 0
0.760539 0
0.202401 0
0.514685 0
0.064083 0
0.221395 0
1.356541 0
1.287507 0
0.251288 0
0.133150 0
1.395249 0
0.031006 0
0.486702 0
0.440204 0
0.155019 0
0.695968 0
0.083183 0
0.366244 0
0.295217 0
0.945874 0
0.391542 0
0.987519 0
0.283143 0
0.515198 0
0.086237 0
0.567800 0
0.049938 0
0.238972 0
1.648674 0
0.359689 0
0.731110 0
0.508635 0
0.565761 0
1.387648 0
0.966931 0
0.173197 0
0.875779 0
0.444244 0
0.057377 0
1.011028 0
0.263216 0
1.741190 0
1.373305 0
0.109322 0
0.010453 0
0.604006 0
0.383907 0
0.052773 0
0.791926 0
0.184800 0
0.516242 0
0.598726 0
0.219207 0
0.721024 0
0.038112 0
0.021629 0
0.096555 0
0.605317 0
0.494584 0
0.232779 0
1.193576 0
0.035590 0
0.147274 0
0.405551 0
0.906011 0
0.033754 0
0.219580 0
0.272052 0
0.605393 0
0.029847 0
0.346950 0
0.336764 0
0.366758 0
1.083889 0
0.008750 0
0.021279 0
0.189132 0
1.502695 0
0.736434 0
0.261017 0
0.061147 0
0.085355 0
0.106746 0
0.270497 0
1.561496 0
0.212738 0
1.456002 0
0.422554 0
0.423168 0
0.848227 0
0.926923 0
0.279893 0
0.386354 0
0.938112 0
0.075624 0
0.716877 0
0.350480 0
0.230100 0
0.439789 0
0.093938 0
0.070448 0
0.181615 0
0.098413 0
0.213352 0
0.475283 0
0.473435 0
0.479637 0
1.157403 0
1.300522 0
0.635686 0
0.649885 0
0.061766 0
0.254498 0
0.331670 0
0.475701 0
0.145654 0
0.333299 0
0.050469 0
0.126270 0
0.012270 0
0.095224 0
0.031348 0
0.825144 0
0.182284 0
1.342273 0
0.437468 0
0.039663 0
0.684807 0
0.218010 0
0.056407 0
1.410370 0
0.117482 0
0.084251 0
0.267345 0
0.398782 0
1.187516 0
0.289656 0
0.856631 0
0.076541 0
0.066126 0
0.069146 0
1.108111 0
0.192724 0
0.105970 0
1.254355 0
0.408447 0
0.170157 0
0.910672 0
0.280144 0
0.026649 0
0.312808 0
1.408427 0
0.371989 0
0.269619 0
0.306614 0
0.003625 0
0.491988 0
0.056186 0
0.551391 0
0.315390 0
1.061541 0
0.242224 0
0.481025 0
0.797057 0
0.351359 0
0.815825 0
0.260281 0
1.505322 0
0.805900 0
0.750119 0
0.504476 0
0.480058 0
0.603404 0
1.120973 0
1.115850 0
0.004548 0
0.678458 0
0.154690 0
0.648563 0
0.752377 0
0.709931 0
0.253291 0
0.234912 0
0.314508 0
0.789669 0
0.211208 0
1.452662 0
1.566300 0
0.115520 0
0.077352 0
0.401294 0
0.976989 0
0.686703 0
1.811582 0
0.040192 0
0.039219 0
0.914019 0
0.644541 0
0.393970 0
0.150393 0
0.814056 0
0.163197 0
0.541708 0
0.643201 0
0.807418 0
0.269968 0
0.046617 0
0.215653 0
0.640563 0
0.327666 0
0.036285 0
0.604005 0
0.687969 0
0.607575 0
0.391021 0
0.096879 0
0.725018 0
0.107136 0
1.201435 0
0.421823 0
0.285980 0
0.294724 0
2.301668 0
0.909259 0
0.814910 0
0.116070 0
0.445907 0
0.047246 0
0.007297 0
0.174161 0
0.009414 0
0.202766 0
0.227043 0
0.247797 0
0.034959 0
0.480503 0
0.228651 0
0.390085 0
0.242987 0
0.244803 0
0.203315 0
0.294363 0
0.178715 0
0.295987 0
0.967530 0
0.074528 0
0.188306 0
0.559115 0
0.185337 0
0.166256 0
0.414665 0
0.067313 0
0.314261 0
1.400843 0
0.159497 0
0.895657 0
0.275942 0
0.103636 0
0.476099 0
0.891041 0
0.530752 0
0.054853 0
1.558728 0
0.334783 0
0.169516 0
0.352307 0
0.462389 0
0.272850 0
0.887191 0
0.447036 0
0.723532 0
0.106379 0
1.525055 0
1.700538 0
0.347334 0
0.351612 0
0.146325 0
0.345123 0
0.855601 0
0.196174 0
0.898791 0
0.116321 0
0.149985 0
0.404658 0
0.371397 0
0.873108 0
0.537917 0
0.487415 0
0.354144 0
0.889526 0
0.021445 0
0.054921 0
0.259837 0
0.331719 0
0.154060 0
0.377679 0
0.580232 0
0.524573 0
0.647687 0
0.191753 0
0.352052 0
1.168280 0
0.077425 0
0.010528 0
0.291685 0
1.297040 0
0.093918 0
0.231521 0
0.654870 0
0.055709 0
0.025974 0
0.320231 0
1.016402 0
0.151005 0
1.434087 0
0.155421 0
0.902555 0
0.080934 0
0.190912 0
0.297512 0
0.150107 0
0.605405 0
0.063517 0
1.083742 0
0.077797 0
1.496243 0
0.586625 0
0.274882 0
0.138490 0
0.076859 0
0.183612 0
0.143063 0
1.004880 0
0.450746 0
0.422838 0
0.148945 0
0.198921 0
0.904477 0
0.901144 0
1.413713 0
0.720716 0
1.103407 0
0.150650 0
0.210598 0
0.373101 0
1.121170 0
0.262034 0
0.703630 0
1.496081 0
0.353431 0
0.240460 0
1.364139 0
0.916900 0
0.177507 0
0.335575 0
0.086700 0
0.023122 0
0.107530 0
0.740090 0
0.508358 0
0.416345 0
1.552489 0
0.216686 0
0.772847 0
0.825305 0
1.100950 0
0.310976 0
1.315897 0
0.076807 0
0.072882 0
0.155680 0
0.047375 0
0.699713 0
0.037670 0
0.499087 0
0.245162 0
0.054035 0
0.267113 0
0.425220 0
0.213821 0
0.071775 0
0.457718 0
0.519307 0
0.366678 0
0.604044 0
0.448493 0
1.268574 0
0.261519 0
0.768737 0
0.159553 0
0.581794 0
0.426480 0
1.052433 0
0.530797 0
1.666295 0
0.225763 0
0.554445 0
0.431816 0
0.175677 0
0.456171 0
0.214987 0
0.601897 0
0.155268 0
0.434142 0
0.352175 0
1.192129 0
0.094643 0
0.581653 0
1.564623 0
0.071394 0
0.038587 0
0.207276 0
0.124450 0
0.446281 0
0.094943 0
1.007712 0
0.588423 0
0.127866 0
0.089994 0
0.352199 0
0.086792 0
0.194486 0
0.158892 0
0.059916 0
1.654794 0
0.451185 0
0.261995 0
0.220645 0
1.189711 0
0.663524 0
0.490714 0
0.660051 0
0.438009 0
0.965392 0
0.239432 0
0.673392 0
0.077774 0
1.168730 0
0.342337 0
0.023307 0
0.057509 0
0.060315 0
0.046032 0
0.115401 0
0.510596 0
0.766563 0
0.555207 0
1.242086 0
0.250637 0
0.150488 0
0.488042 0
0.063369 0
0.452085 0
0.090172 0
0.144214 0
0.150063 0
0.083746 0
0.160959 0
0.667019 0
0.251698 0
0.085577 0
0.266782 0
0.052571 0
0.673794 0
0.776261 0
0.217334 0
0.013545 0
0.229143 0
0.073122 0
0.858757 0
0.662076 0
0.775081 0
0.160570 0
0.420556 0
0.075480 0
0.029883 0
0.072043 0
0.144656 0
0.015196 0
0.731770 0
1.158753 0
0.209168 0
0.263817 0
0.543402 0
1.177386 0
0.314291 0
0.059970 0
1.013950 0
0.959709 0
0.397723 0
0.118707 0
0.208381 0
0.082077 0
0.560907 0
1.111998 0
1.399281 0
0.906400 0
0.321093 0
0.883652 0
0.635624 0
0.126050 0
0.068274 0
0.435409 0
0.286859 0
1.420424 0
0.023349 0
0.202479 0
0.533912 0
0.061277 0
0.471852 0
1.206438 0
0.264501 0
0.088900 0
0.134437 0
0.473103 0
0.281860 0
1.206976 0
0.429616 0
0.180707 0
0.340339 0
0.057066 0
0.171380 0
0.603350 0
0.293884 0
0.345454 0
1.399899 0
0.477009 0
0.083175 0
0.435753 0
1.302545 0
0.245000 0
1.403455 0
1.021190 0
0.155177 0
0.374126 0
1.324324 0
0.272932 0
0.103287 0
0.586427 0
0.311101 0
0.037159 0
0.168164 0
0.774590 0
0.374213 0
0.084192 0
0.158193 0
0.633810 0
0.166344 0
0.642319 0
0.514547 0
0.334245 0
0.034069 0
1.389327 0
0.010241 0
1.660929 0
0.476545 0
0.030845 0
1.000391 0
0.753862 0
0.009514 0
0.258390 0
0.092962 0
0.015808 0
1.070992 0
0.732772 0
0.438418 0
0.281633 0
0.066433 0
0.996286 0
0.212828 0
0.494711 0
0.747126 0
0.432206 0
0.950332 0
0.447237 0
0.152308 0
0.259745 0
0.171715 0
0.683931 0
0.406049 0
0.335827 0
0.081199 0
0.669723 0
0.285845 0
0.167750 0
0.770756 0
0.693376 0
0.111992 0
0.256400 0
0.162044 0
0.412117 0
0.074695 0
0.248048 0
0.097720 0
0.024880 0
0.547875 0
0.236281 0
0.510498 0
0.369361 0
0.039097 0
0.031051 0
1.176918 0
0.214798 0
0.426944 0
1.124044 0
1.489792 0
0.252181 0
0.058835 0
0.032491 0
0.959408 0
0.011401 0
0.257450 0
0.260251 0
0.231544 0
1.263258 0
1.072659 0
0.044863 0
1.183908 0
0.482439 0
0.866362 0
1.372879 0
0.319091 0
0.070551 0
1.180782 0
1.270238 0
0.995705 0
0.777293 0
0.062985 0
0.055441 0
1.343165 0
1.363075 0
0.120480 0
0.164480 0
0.046780 0
0.231764 0
0.087165 0
0.394269 0
0.105100 0
0.040464 0
0.253964 0
0.009315 0
0.146512 0
0.654930 0
0.430240 0
0.404220 0
0.687135 0
1.074080 0
0.004317 0
0.017146 0
0.083079 0
0.102951 0
0.024536 0
0.566993 0
0.161194 0
0.850260 0
0.077319 0
0.213485 0
0.102086 0
0.485687 0
0.131839 0
0.468107 0
0.062889 0
0.266869 0
0.566916 0
0.813239 0
0.238328 0
1.170165 0
0.366054 0
0.265289 0
0.513966 0
0.071919 0
0.840821 0
0.038191 0
0.182214 0
0.255903 0
0.406025 0
0.292343 0
0.419678 0
0.637568 0
0.348174 0
0.195341 0
0.137489 0
0.170529 0
0.178952 0
0.046072 0
0.312403 0
1.371139 0
0.761593 0
0.470081 0
0.588045 0
0.117133 0
1.446043 0
0.285260 0
0.024592 0
0.153716 0
0.395768 0
0.870883 0
0.475064 0
0.032218 0
0.080940 0
0.004880 0
0.354732 0
1.059397 0
0.220682 0
0.154849 0
0.064484 0
0.741833 0
0.203944 0
0.159799 0
0.019386 0
0.276076 0
0.045049 0
0.237802 0
0.269849 0
0.019083 0
1.164077 0
0.887726 0
0.189042 0
0.652278 0
0.444589 0
0.686730 0
0.179082 0
0.930971 0
0.184794 0
0.228796 0
0.322555 0
0.548504 0
1.147674 0
0.299041 0
0.652592 0
0.276601 0
0.530625 0
0.153353 0
0.068900 0
0.370218 0
0.495802 0
0.440384 0
0.051437 0
1.360252 0
0.995465 0
0.661077 0
1.085916 0
0.066930 0
0.253740 0
0.185137 0
0.042770 0
0.754183 0
0.109091 0
0.652682 0
0.476739 0
0.053361 0
0.555530 0
0.169229 0
0.694988 0
0.872059 0
0.579348 0
0.123801 0
0.788061 0
0.082517 0
0.736866 0
0.744202 0
0.560146 0
1.480228 0
0.370388 0
0.447007 0
0.286996 0
0.959310 0
0.180323 0
0.449516 0
0.162296 0
0.263534 0
0.485107 0
1.383390 0
0.287759 0
0.034173 0
0.135584 0
0.342246 0
0.212639 0
0.407575 0
0.614685 0
0.226206 0
0.440579 0
0.040670 0
0.069912 0
0.560655 0
0.695614 0
0.603100 0
0.187393 0
0.574185 0
0.746867 0
0.882873 0
1.399026 0
0.009250 0
0.746775 0
0.205596 0
1.494858 0
1.326956 0
0.007233 0
0.851691 0
0.427193 0
0.746678 0
0.866876 0
1.300073 0
0.130353 0
0.001936 0
0.488605 0
0.665982 0
0.011938 0
0.179619 0
0.383332 0
0.064885 0
0.459174 0
0.173471 0
0.183229 0
0.049152 0
0.049508 0
0.406289 0
0.190361 0
0.178794 0
0.633610 0
0.212971 0
0.726836 0
0.084939 0
0.093100 0
0.279797 0
0.237742 0
0.548428 0
0.516126 0
0.436269 0
0.467579 0
0.299613 0
0.744636 0
0.236585 0
0.499849 0
0.047858 0
2.253047 0
0.527093 0
1.030018 0
0.301870 0
0.152484 0
0.338939 0
0.121160 0
0.054922 0
0.681331 0
0.058177 0
1.173182 0
0.279797 0
0.635479 0
1.057405 0
1.090546 0
0.703748 0
0.776992 0
0.031372 0
0.170465 0
0.017017 0
0.177920 0
0.291508 0
1.393872 0
1.002428 0
0.634624 0
0.057300 0
0.215521 0
0.535108 0
0.973502 0
1.035391 0
0.193871 0
0.011327 0
0.289703 0
0.132536 0
0.043853 0
0.002357 0
0.125867 0
0.525813 0
0.820089 0
0.297484 0
0.231970 0
0.065165 0
0.193524 0
1.005392 0
0.409503 0
1.171984 0
1.452673 0
0.407374 0
0.822302 0
1.124305 0
0.365124 0
1.113799 0
0.199806 0
0.476747 0
0.326168 0
0.151634 0
0.303867 0
0.431480 0
0.171470 0
0.808995 0
0.093447 0
0.194548 0
0.257705 0
0.234761 0
0.071776 0
1.033347 0
0.804496 0
1.504684 0
1.093194 0
0.192081 0
0.204843 0
0.270243 0
0.141623 0
0.195121 0
0.508941 0
0.297075 0
0.205254 0
1.366645 0
0.085515 0
0.134404 0
0.479860 0
0.319616 0
0.572619 0
0.198496 0
0.489591 0
0.294868 0
1.572864 0
0.016604 0
0.175522 0
0.338296 0
0.992346 0
0.232909 0
0.476553 0
0.547154 0
0.227874 0
0.347498 0
0.430851 0
0.182055 0
0.990168 0
0.879395 0
0.027290 0
0.100899 0
0.330435 0
0.329861 0
0.848346 0
1.074659 0
0.526962 0
0.212571 0
0.039068 0
0.153324 0
0.486968 0
0.412361 0
1.361966 0
0.559070 0
0.404632 0
0.540494 0
0.130236 0
0.201725 0
0.070038 0
1.058218 0
0.047476 0
0.176051 0
0.877352 0
0.014934 0
0.493820 0
0.201320 0
0.188921 0
1.286455 0
0.326381 0
0.613679 0
1.075057 0
0.269792 0
0.336172 0
0.214027 0
0.349071 0
0.215044 0
0.080915 0
0.617457 0
1.402038 0
0.351701 0
0.853422 0
0.047552 0
0.270365 0
0.540538 0
0.665119 0
0.033435 0
0.176925 0
0.318939 0
0.167860 0
0.504820 0
1.396230 0
0.009485 0
1.231759 0
0.042185 0
0.044387 0
0.167836 0
0.219582 0
0.426213 0
0.035364 0
1.144719 0
0.090369 0
0.271501 0
0.210299 0
0.364470 0
0.217914 0
0.318486 0
0.584086 0
0.288790 0
0.093833 0
0.089072 0
0.646977 0
0.457076 0
0.869211 0
0.129228 0
0.057544 0
0.440175 0
0.464158 0
0.074857 0
1.415963 0
0.267209 0
0.079013 0
0.037196 0
0.316954 0
0.959504 0
0.223090 0
0.280447 0
0.063232 0
0.432443 0
0.200778 0
0.226643 0
0.181603 0
0.020797 0
0.482510 0
1.252044 0
0.367319 0
0.454021 0
0.034058 0
0.616320 0
0.448853 0
0.487239 0
0.739520 0
1.609793 0
0.121652 0
0.092639 0
0.753681 0
0.518954 0
0.500811 0
0.150095 0
0.152876 0
1.202740 0
0.102749 0
0.228102 0
0.058304 0
0.477981 0
0.896400 0
0.385317 0
0.434153 0
0.814311 0
0.085742 0
0.407931 0
1.551428 0
0.162705 0
0.406706 0
0.163031 0
1.456788 0
0.358401 0
0.317236 0
0.513406 0
0.128787 0
0.279855 0
0.367779 0
0.159778 0
0.686759 0
0.079662 0
0.376132 0
0.375596 0
1.403528 0
0.955135 0
1.363936 0
0.023506 0
1.433463 0
0.672079 0
0.437044 0
0.041206 0
0.319482 0
0.316396 0
1.746606 0
0.040357 0
0.150244 0
0.172727 0
0.666410 0
1.166766 0
0.093852 0
1.343371 0
0.459502 0
0.299442 0
0.314767 0
0.111296 0
0.534832 0
0.415039 0
0.188563 0
0.081794 0
1.319518 0
0.801212 0
0.615522 0
0.466736 0
0.245970 0
0.007533 0
0.355894 0
0.098230 0
0.275064 0
1.053717 0
0.023506 0
0.960701 0
0.849820 0
0.541335 0
0.893651 0
0.009334 0
1.636682 0
0.248891 0
0.547059 0
0.156288 0
0.002995 0
2.177297 0
0.525569 0
2.104037 0
0.357224 0
1.474395 0
0.099877 0
0.664580 0
0.132753 0
0.389644 0
0.625425 0
0.675014 0
0.532684 0
0.303235 0
0.042583 0
0.512569 0
0.704937 0
1.075147 0
0.166624 0
0.509505 0
0.072694 0
1.032190 0
0.108618 0
0.985173 0
0.059677 0
0.631755 0
0.058262 0
0.736155 0
0.065351 0
0.378883 0
0.458530 0
0.255005 0
0.350576 0
0.108771 0
0.566383 0
0.559777 0
0.577963 0
0.739353 0
0.185166 0
0.142945 0
0.883554 0
0.805499 0
0.287914 0
0.347140 0
0.217074 0
0.323815 0
0.631624 0
0.127851 0
0.069349 0
0.052111 0
1.239711 0
0.231538 0
0.072169 0
0.081514 0
0.049966 0
0.670208 0
0.232403 0
0.082510 0
0.622549 0
0.168297 0
0.839904 0
0.093239 0
0.314254 0
0.351076 0
0.702190 0
0.338455 0
1.655379 0
1.068252 0
0.155739 0
0.719433 0
0.203851 0
1.254853 0
0.297402 0
1.044916 0
0.450689 0
0.256356 0
0.184204 0
0.148576 0
0.374296 0
0.250895 0
0.957690 0
0.821393 0
0.309106 0
0.078269 0
0.404772 0
0.033491 0
0.597636 0
0.723497 0
1.671504 0
0.670809 0
0.311093 0
0.635164 0
1.538731 0
0.454429 0
0.624900 0
1.318868 0
0.073207 0
0.407257 0
0.267929 0
0.950689 0
0.169397 0
1.118164 0
0.147278 0
0.138989 0
0.672268 0
0.576465 0
0.024976 0
0.084673 0
0.054130 0
0.308937 0
1.508141 0
0.971388 0
0.740925 0
0.255619 0
0.473407 0
0.579823 0
0.137445 0
0.642833 0
0.347490 0
0.424407 0
0.782240 0
0.119658 0
0.176811 0
0.694889 0
0.634924 0
0.110062 0
0.734777 0
0.042043 0
0.728658 0
0.228851 0
0.653174 0
0.124012 0
0.589258 0
0.462999 0
0.450773 0
0.787754 0
0.021782 0
0.073059 0
0.723808 0
0.422331 0
0.520819 0
0.266215 0
0.469193 0
0.260642 0
0.040888 0
0.425297 0
1.159915 0
0.081812 0
0.488412 0
0.289744 0
0.550592 0
0.606803 0
1.514208 0
0.590387 0
1.598948 0
0.267338 0
0.379994 0
0.619677 0
0.429632 0
0.550032 0
0.533752 0
1.341854 0
0.874603 0
0.114933 0
0.703310 0
0.505068 0
0.025873 0
0.346918 0
0.399295 0
0.654368 0
1.297117 0
0.161679 0
0.267832 0
0.249047 0
0.070463 0
0.023767 0
0.267553 0
0.699724 0
0.943000 0
0.972653 0
0.146075 0
0.490254 0
0.188869 0
0.541850 0
0.370115 0
0.115055 0
0.138422 0
0.621400 0
0.620168 0
0.335756 0
0.317054 0
0.174069 0
0.655222 0
0.577836 0
0.040660 0
0.201986 0
1.400951 0
0.251821 0
0.523192 0
0.646833 0
0.867794 0
0.042305 0
0.524796 0
0.412503 0
0.139206 0
0.503140 0
1.312066 0
0.136683 0
0.099228 0
0.161243 0
0.236084 0
1.512582 0
0.054591 0
0.516853 0
0.008861 0
1.086756 0
1.059080 0
0.063048 0
1.105997 0
0.166452 0
0.857632 0
0.437026 0
0.145894 0
0.002948 0
0.399511 0
0.006756 0
0.571950 0
0.279792 0
0.085038 0
1.470584 0
0.047045 0
1.246561 0
0.505069 0
0.059061 0
0.568890 0
0.176910 0
0.118700 0
0.132057 0
0.359785 0
0.263799 0
0.529882 0
0.202845 0
0.694830 0
0.127414 0
0.162361 0
1.246222 0
0.113464 0
0.134875 0
0.187055 0
0.081627 0
0.920394 0
0.091174 0
0.932170 0
0.245253 0
0.315309 0
0.017048 0
0.100709 0
1.198689 0
0.308196 0
0.612959 0
0.096594 0
0.188257 0
0.632016 0
0.635687 0
0.740601 0
0.497153 0
0.008526 0
0.472795 0
0.399975 0
0.064318 0
0.104039 0
0.016384 0
0.548451 0
0.146604 0
0.017563 0
0.023418 0
0.489929 0
0.153944 0
0.486768 0
0.054792 0
0.592791 0
0.224507 0
0.078633 0
0.095856 0
0.601640 0
0.382115 0
0.342589 0
0.216084 0
0.952935 0
0.251879 0
0.157249 0
0.222429 0
0.401559 0
0.104991 0
0.293965 0
0.501232 0
0.838032 0
0.432331 0
0.053870 0
0.188542 0
1.370036 0
0.470041 0
0.689210 0
0.476965 0
0.416795 0
0.740598 0
0.298713 0
0.127351 0
0.160458 0
0.113992 0
0.988621 0
0.646733 0
0.177355 0
1.533612 0
0.296894 0
0.323519 0
0.466757 0
0.542901 0
1.027978 0
0.196922 0
0.961618 0
0.246070 0
0.756078 0
0.171202 0
1.388359 0
0.430824 0
0.303990 0
0.362219 0
0.058459 0
0.053930 0
0.141488 0
0.530548 0
0.153690 0
0.100159 0
0.181156 0
0.212042 0
0.166585 0
0.013829 0
0.467774 0
0.030892 0
0.663508 0
0.434168 0
0.766077 0
1.208456 0
0.240447 0
0.064378 0
0.292652 0
0.086219 0
0.549248 0
1.297830 0
0.215803 0
0.128009 0
0.384502 0
0.027968 0
0.099695 0
0.260355 0
0.475286 0
0.220150 0
0.167937 0
1.152646 0
1.383740 0
0.806643 0
0.036900 0
0.550719 0
0.122359 0
0.590656 0
0.586196 0
0.336421 0
1.365127 0
0.905915 0
0.317817 0
0.476882 0
0.763341 0
1.462188 0
0.804824 0
0.261084 0
0.140806 0
0.469710 0
0.197158 0
0.687198 0
0.844116 0
0.519814 0
0.173148 0
0.774365 0
0.049814 0
1.533153 0
0.401207 0
0.249570 0
0.235382 0
0.619049 0
0.332465 0
0.419968 0
0.551516 0
0.171685 0
0.299343 0
0.078962 0
0.137295 0
0.986837 0
0.933749 0
0.248984 0
0.241431 0
0.535652 0
1.160261 0
0.180473 0
0.531354 0
2.278223 0
0.036881 0
0.068006 0
0.515962 0
0.072200 0
0.170142 0
0.224366 0
0.186883 0
0.084909 0
0.474840 0
0.844096 0
0.156950 0
1.105698 0
1.220939 0
0.807581 0
0.163881 0
0.439506 0
1.272621 0
0.036743 0
0.833124 0
1.079305 0
0.812984 0
0.494002 0
0.942470 0
0.574089 0
0.340074 0
0.043641 0
0.521256 0
0.794515 0
0.279703 0
0.211139 0
0.066175 0
0.052670 0
0.366326 0
1.756750 0
0.052384 0
0.111726 0
0.313540 0
0.143399 0
0.658744 0
0.693924 0
1.389747 0
1.194213 0
0.289355 0
1.467891 0
1.290609 0
0.755984 0
0.738981 0
0.058898 0
0.931362 0
0.421737 0
0.688542 0
1.160517 0
1.012895 0
0.067460 0
0.712245 0
0.425598 0
0.098464 0
0.081592 0
0.955855 0
0.804286 0
1.122044 0
0.934106 0
0.154325 0
0.561050 0
0.086090 0
0.158823 0
0.064385 0
0.103004 0
0.337858 0
0.011514 0
0.788440 0
0.030990 0
0.228995 0
0.332735 0
1.131337 0
1.729063 0
0.371233 0
0.476719 0
0.155585 0
0.371223 0
0.162044 0
0.265771 0
0.345897 0
0.920120 0
1.742354 0
0.401316 0
0.175744 0
1.439637 0
0.071574 0
0.639330 0
0.597859 0
0.916817 0
0.143159 0
0.513500 0
0.192672 0
0.651587 0
0.755542 0
0.063213 0
0.462254 0
0.199396 0
0.101423 0
0.327362 0
0.703106 0
1.886684 0
0.618367 0
0.206769 0
0.145871 0
0.107968 0
0.388770 0
0.333411 0
1.623993 0
0.147891 0
0.703428 0
1.461439 0
0.270250 0
0.369114 0
0.681262 0
0.557710 0
0.070874 0
0.068814 0
0.340880 0
0.074820 0
0.277309 0
0.914999 0
0.138200 0
0.853878 0
0.561973 0
0.669889 0
0.867631 0
0.331966 0
1.404904 0
0.095655 0
0.066697 0
0.265106 0
0.144575 0
0.036442 0
0.611077 0
1.072120 0
0.371917 0
0.062366 0
0.022322 0
0.899110 0
0.069206 0
0.996804 0
0.990794 0
0.017370 0
0.108321 0
1.030971 0
0.191843 0
0.296072 0
1.387024 0
0.226148 0
0.465806 0
0.365231 0
0.376154 0
0.474166 0
0.536422 0
0.882007 0
0.317694 0
0.414382 0
1.058635 0
0.027640 0
1.087299 0
0.080778 0
0.745966 0
0.498652 0
0.065184 0
0.434798 0
0.179369 0
0.441656 0
0.013426 0
0.090262 0
0.442564 0
0.387956 0
0.374863 0
0.153876 0
0.897968 0
0.015188 0
0.674134 0
0.824164 0
0.022376 0
0.914519 0
0.540964 0
0.265357 0
0.658885 0
0.477957 0
0.703934 0
0.439385 0
0.225401 0
0.010351 0
1.384632 0
0.283105 0
0.156113 0
0.312182 0
0.218224 0
1.675994 0
0.304656 0
0.131798 0
0.438327 0
0.038018 0
0.349368 0
0.224217 0
0.441246 0
0.256483 0
1.393151 0
0.394372 0
0.810788 0
0.120745 0
0.326703 0
0.768541 0
0.877335 0
1.488527 0
0.089885 0
0.261525 0
0.678632 0
0.045434 0
0.031169 0
0.062599 0
0.313206 0
0.647799 0
0.238151 0
0.352396 0
1.598624 0
1.283120 0
1.112024 0
0.621544 0
0.118932 0
0.180583 0
0.237595 0
0.098154 0
0.082176 0
0.126013 0
0.615739 0
0.640755 0
0.848876 0
0.147453 0
0.324489 0
0.456549 0
1.019388 0
0.105036 0
0.189885 0
0.002664 0
0.188066 0
0.238064 0
0.615676 0
1.181471 0
1.277270 0
0.165546 0
0.120084 0
0.253861 0
0.208641 0
0.459962 0
0.037654 0
0.021768 0
0.603968 0
0.042685 0
0.871125 0
0.222173 0
0.243773 0
0.429691 0
0.695731 0
0.743921 0
0.154449 0
0.640209 0
0.910726 0
0.733280 0
0.335187 0
0.209692 0
0.784566 0
1.278542 0
0.162290 0
2.048911 0
0.335091 0
0.428358 0
0.060119 0
0.262304 0
0.826233 0
1.649341 0
0.420100 0
0.271438 0
0.176839 0
1.962106 0
0.224541 0
0.189724 0
0.103565 0
0.715077 0
0.727972 0
0.820908 0
0.589558 0
0.191860 0
0.241752 0
1.225028 0
1.093310 0
0.140280 0
0.663208 0
0.323924 0
0.254783 0
0.577012 0
0.109019 0
0.316633 0
0.143984 0
0.643587 0
0.237358 0
0.531944 0
0.543696 0
0.659747 0
0.324689 0
1.118118 0
0.418975 0
0.487439 0
0.410719 0
0.635382 0
0.723220 0
1.516850 0
0.516834 0
0.164278 0
0.267799 0
0.033160 0
1.697797 0
0.438039 0
0.075211 0
0.175338 0
1.093151 0
0.232213 0
0.873498 0
0.714509 0
0.935167 0
1.534845 0
0.360396 0
0.328258 0
0.258488 0
0.352407 0
0.407540 0
0.157932 0
0.123221 0
0.213435 0
0.583618 0
0.138891 0
0.359068 0
0.049401 0
0.626279 0
0.531059 0
0.145504 0
0.189628 0
0.396653 0
0.712270 0
1.768917 0
0.765337 0
1.109067 0
0.120457 0
1.008642 0
1.616293 0
0.419147 0
0.111254 0
0.742885 0
1.492453 0
1.183584 0
0.210502 0
0.897088 0
0.821578 0
0.501362 0
0.037480 0
0.186863 0
0.580170 0
0.681551 0
1.015197 0
0.362467 0
0.792742 0
0.453831 0
0.204468 0
0.763670 0
0.118965 0
0.403645 0
0.156999 0
0.140682 0
0.994816 0
0.295649 0
0.093351 0
0.430537 0
0.252546 0
0.619443 0
0.356288 0
0.534815 0
0.256701 0
0.729753 0
0.045929 0
0.701425 0
0.183366 0
0.304559 0
0.223781 0
0.805699 0
0.731192 0
0.181294 0
0.373272 0
0.099145 0
0.060671 0
0.313344 0
1.779387 0
1.321253 0
0.415385 0
0.043529 0
1.228136 0
0.021015 0
0.223712 0
0.634771 0
0.386648 0
0.779821 0
0.194363 0
0.295018 0
0.239989 0
0.052090 0
1.743696 0
1.096418 0
0.305024 0
0.914995 0
0.095071 0
1.056607 0
1.157504 0
0.064424 0
0.331518 0
1.627830 0
0.363298 0
0.108970 0
0.687458 0
1.010147 0
0.188256 0
0.887789 0
0.049223 0
0.222027 0
0.399564 0
0.905686 0
0.137954 0
0.229996 0
0.169934 0
0.031692 0
0.906805 0
0.013631 0
1.252361 0
0.064908 0
0.394655 0
0.721950 0
0.406887 0
0.608601 0
0.097451 0
0.636584 0
0.024086 0
1.199466 0
0.382322 0
0.079486 0
0.488257 0
0.704876 0
0.076089 0
0.035185 0
0.168086 0
0.913506 0
1.706005 0
1.014880 0
0.362322 0
0.249160 0
0.277124 0
0.102055 0
0.407027 0
1.290610 0
0.413117 0
0.391116 0
0.281563 0
1.618272 0
0.138399 0
0.249594 0
0.201691 0
1.981189 0
0.109696 0
1.435599 0
0.634733 0
1.187260 0
0.517723 0
0.346443 0
0.363012 0
0.149338 0
0.141494 0
0.428036 0
0.298238 0
0.222642 0
0.215157 0
0.398605 0
0.107624 0
0.004108 0
0.430707 0
0.475955 0
0.606356 0
0.118298 0
1.368035 0
0.073268 0
0.025099 0
0.475916 0
0.094780 0
1.243310 0
0.854484 0
1.237866 0
0.832925 0
0.271956 0
1.323755 0
1.044632 0
0.535176 0
0.500333 0
0.060626 0
1.175992 0
0.109585 0
0.155005 0
0.421284 0
0.193440 0
1.529051 0
0.407137 0
0.216102 0
0.580436 0
0.049122 0
1.391931 0
0.413296 0
0.838041 0
0.878133 0
0.213397 0
0.012932 0
1.379131 0
1.328771 0
0.073408 0
0.340464 0
0.293966 0
0.102049 0
0.190724 0
0.254982 0
0.630840 0
0.172545 0
0.504554 0
0.083311 0
0.232191 0
0.255785 0
0.325052 0
0.648021 0
0.606793 0
0.060811 0
0.183710 0
0.566673 0
0.118329 0
0.044354 0
0.772162 0
1.408921 0
0.174154 0
1.501352 0
0.670003 0
0.755224 0
0.091967 0
0.036515 0
0.032425 0
1.441930 0
0.464136 0
0.014182 0
0.571520 0
0.395850 0
0.803235 0
0.483463 0
0.067022 0
0.038545 0
0.347046 0
0.386630 0
1.026608 0
0.347921 0
0.252117 0
0.648680 0
0.005262 0
0.131763 0
0.158510 0
1.803689 0
0.643822 0
0.047214 0
0.320161 0
0.276297 0
0.274700 0
0.017423 0
0.079545 0
0.324159 0
0.184496 0
0.908288 0
0.200304 0
0.674066 0
0.033075 0
2.309329 0
0.835427 0
0.592331 0
0.051340 0
0.403844 0
0.059321 0
0.895970 0
0.346342 0
0.282414 0
0.111644 0
0.129977 0
0.244234 0
0.060034 0
0.248155 0
0.108552 0
0.263603 0
0.408769 0
0.826366 0
0.342353 0
0.275540 0
0.802808 0
0.221385 0
0.702759 0
0.384670 0
0.424882 0
0.240650 0
0.058371 0
0.071526 0
0.166067 0
0.734108 0
0.960865 0
0.600260 0
0.128742 0
1.451691 0
1.279602 0
0.463357 0
0.150795 0
0.182960 0
0.551693 0
0.433959 0
0.435916 0
0.285397 0
0.169200 0
0.150678 0
1.103228 0
1.297057 0
1.271671 0
0.612224 0
0.250479 0
0.032448 0
0.774514 0
1.471953 0
0.117327 0
0.111901 0
0.012028 0
0.419738 0
1.065418 0
1.358796 0
0.545975 0
0.337061 0
0.149665 0
0.258364 0
0.419300 0
0.630558 0
1.740988 0
0.483835 0
1.277804 0
0.220618 0
0.572301 0
0.005632 0
1.471298 0
0.213517 0
0.283413 0
0.101733 0
0.002321 0
0.166836 0
0.610708 0
0.644907 0
1.122259 0
0.510471 0
0.107071 0
0.823401 0
0.370089 0
1.282082 0
0.284570 0
0.054082 0
0.668232 0
0.312349 0
0.103056 0
0.502313 0
0.165612 0
0.113767 0
1.047688 0
0.187442 0
0.164199 0
0.082054 0
0.857191 0
0.700512 0
0.570531 0
0.467589 0
0.678502 0
0.996753 0
0.164782 0
0.117482 0
0.148022 0
0.733878 0
0.009070 0
0.332677 0
0.403725 0
0.030095 0
0.673053 0
0.047559 0
0.012092 0
0.011110 0
0.299026 0
0.490262 0
0.202922 0
0.004927 0
0.987767 0
0.371513 0
1.482303 0
1.117987 0
0.518959 0
0.248497 0
0.742400 0
0.237985 0
0.384816 0
1.282428 0
0.206345 0
0.111772 0
0.768344 0
0.520175 0
0.194698 0
0.244553 0
1.078881 0
0.048517 0
1.209713 0
0.061385 0
0.013362 0
0.310376 0
1.007526 0
0.288370 0
1.330599 0
0.584700 0
1.550411 0
0.056335 0
0.575563 0
0.164352 0
0.120597 0
0.904475 0
0.340870 0
0.082627 0
1.470293 0
0.013856 0
1.215474 0
0.071280 0
0.440626 0
0.353452 0
0.612536 0
0.551257 0
0.351653 0
1.043206 0
0.176721 0
0.494643 0
0.297574 0
0.111519 0
0.050185 0
0.929683 0
0.832099 0
0.877285 0
0.215110 0
0.448226 0
0.274956 0
0.452501 0
0.036996 0
1.362770 0
0.718073 0
0.070620 0
0.641140 0
0.786257 0
0.031994 0
0.354234 0
0.141756 0
0.064418 0
0.204875 0
0.376464 0
0.633739 0
0.358003 0
0.347517 0
0.083202 0
0.060551 0
1.051812 0
0.030900 0
0.390179 0
0.138336 0
0.223694 0
1.561225 0
0.337477 0
0.124836 0
0.174680 0
0.348755 0
0.406813 0
0.314954 0
0.323720 0
0.235999 0
0.437409 0
0.239899 0
0.117562 0
0.969477 0
0.564756 0
0.138056 0
1.047790 0
0.138007 0
0.653890 0
0.129438 0
0.292974 0
0.610703 0
1.677711 0
0.004944 0
0.123403 0
0.269579 0
1.357224 0
0.093050 0
0.025235 0
0.437763 0
0.445410 0
0.696854 0
0.320430 0
0.092638 0
0.128478 0
1.265971 0
0.596283 0
0.221274 0
0.037848 0
0.069364 0
0.111865 0
0.071011 0
0.263023 0
0.131890 0
1.037441 0
0.557570 0
1.108553 0
0.181290 0
0.499750 0
0.081254 0
0.090286 0
0.612628 0
0.218053 0
0.013290 0
0.408618 0
0.314692 0
0.219522 0
0.237048 0
0.054913 0
0.033065 0
0.212582 0
0.491325 0
0.878736 0
0.516050 0
0.396074 0
0.315275 0
0.072128 0
0.868030 0
0.234246 0
0.680081 0
1.657274 0
0.798637 0
0.329409 0
0.085184 0
0.084522 0
0.478068 0
0.774594 0
0.364626 0
0.282756 0
1.501691 0
0.697916 0
0.114890 0
0.070758 0
0.389516 0
0.148727 0
0.481186 0
0.641890 0
0.419248 0
0.379943 0
0.225153 0
0.119354 0
0.977337 0
0.741857 0
0.190337 0
0.404739 0
0.014261 0
0.317835 0
0.271790 0
1.124476 0
0.097985 0
0.275636 0
0.279987 0
0.042017 0
0.782423 0
0.273664 0
0.210080 0
0.937757 0
0.374009 0
1.115075 0
0.072007 0
1.182910 0
0.180353 0
0.273378 0
0.923856 0
0.100936 0
0.978780 0
0.430952 0
1.695662 0
0.131960 0
1.005635 0
1.481195 0
0.023553 0
0.190361 0
0.433759 0
0.395433 0
0.479219 0
0.068365 0
0.155983 0
0.793445 0
0.051412 0
0.235558 0
0.843355 0
0.121357 0
0.025167 0
0.148154 0
0.295611 0
0.880582 0
1.475664 0
0.257195 0
0.685507 0
1.370504 0
0.029526 0
0.223934 0
0.458521 0
0.341836 0
0.063291 0
0.635170 0
0.606952 0
0.590306 0
0.257321 0
0.254561 0
0.474846 0
0.532353 0
0.653003 0
0.218245 0
0.802941 0
0.003571 0
0.084502 0
1.198944 0
0.365244 0
0.162658 0
0.494357 0
0.275859 0
0.288922 0
0.285758 0
1.379360 0
1.160769 0
0.516761 0
0.931008 0
0.281074 0
0.699964 0
0.259723 0
0.116280 0
0.203747 0
0.773642 0
0.378923 0
0.057070 0
0.165769 0
0.501387 0
0.187456 0
0.518928 0
0.353945 0
0.398642 0
0.106704 0
1.234708 0
0.132795 0
0.247569 0
0.480795 0
0.400146 0
0.919149 0
0.040648 0
0.893197 0
1.476103 0
0.043138 0
0.219066 0
0.103251 0
1.336090 0
0.208266 0
0.065355 0
0.655649 0
0.183549 0
0.605734 0
0.349483 0
0.303773 0
0.267568 0
0.034369 0
0.051418 0
0.494360 0
0.024957 0
0.217096 0
0.145410 0
0.346347 0
0.214994 0
0.959876 0
0.054339 0
0.197278 0
0.323750 0
0.436843 0
0.475641 0
0.236719 0
0.828932 0
1.307707 0
0.709693 0
0.899668 0
0.048902 0
0.121352 0
0.361353 0
0.381420 0
0.539806 0
0.142182 0
0.061808 0
0.749961 0
0.796604 0
1.448689 0
1.132455 0
0.012513 0
0.662816 0
0.118612 0
0.815789 0
0.018753 0
0.226233 0
0.541894 0
0.755695 0
0.850396 0
0.257860 0
0.111934 0
0.243450 0
1.039914 0
0.202359 0
0.237931 0
0.083313 0
0.053403 0
0.026889 0
0.095441 0
0.101030 0
0.054043 0
0.015855 0
0.095946 0
0.684981 0
0.889368 0
1.796637 0
0.422084 0
0.056074 0
0.319468 0
0.162860 0
0.345969 0
0.273239 0
0.145933 0
0.195910 0
0.676466 0
0.020403 0
0.642965 0
0.067448 0
0.685569 0
0.236421 0
0.261895 0
0.483981 0
1.523825 0
0.467275 0
0.317760 0
0.217597 0
1.519298 0
1.379965 0
0.358247 0
0.480737 0
0.093513 0
0.927489 0
0.092839 0
0.344130 0
0.377341 0
0.388356 0
0.090737 0
0.977012 0
0.161516 0
0.448941 0
1.093856 0
0.904876 0
0.711446 0
0.060887 0
1.186428 0
0.575635 0
0.518459 0
0.108948 0
0.840847 0
0.049985 0
0.486286 0
0.039518 0
2.461694 0
0.620980 0
0.122182 0
0.091319 0
1.536957 0
0.545041 0
0.110883 0
0.862981 0
0.151635 0
0.392552 0
0.558215 0
0.139709 0
0.096228 0
0.241940 0
0.074338 0
0.254849 0
0.122837 0
0.551871 0
0.328851 0
0.092229 0
0.154097 0
0.286905 0
0.153670 0
0.916450 0
0.266080 0
0.059429 0
1.336538 0
0.199559 0
0.901049 0
0.142038 0
0.016132 0
0.022812 0
0.342256 0
0.961746 0
0.069844 0
1.562757 0
0.333918 0
0.084698 0
0.229866 0
0.177557 0
0.139412 0
0.761011 0
0.564953 0
0.095259 0
0.993652 0
1.206388 0
0.511704 0
0.979887 0
0.109244 0
0.571652 0
1.785787 0
0.138963 0
0.102489 0
0.021318 0
0.271516 0
1.458967 0
1.154451 0
1.066269 0
1.405260 0
0.128008 0
0.525055 0
0.132751 0
0.587843 0
0.895041 0
0.237435 0
0.255757 0
0.462224 0
1.382930 0
0.006963 0
0.760483 0
1.446206 0
0.019477 0
0.068768 0
0.772114 0
0.548066 0
0.253114 0
0.914473 0
1.733763 0
0.025054 0
0.322694 0
0.504159 0
0.480885 0
0.633131 0
0.050256 0
1.503625 0
0.987956 0
1.082973 0
0.394302 0
0.959240 0
1.328400 0
0.292767 0
