0.262717 0
0.067975 0
0.172351 0
0.197084 0
0.162593 0
0.148791 0
0.460131 0
1.217376 0
0.357420 0
0.146967 0
0.469529 0
0.211980 0
0.031718 0
0.124929 0
0.505775 0
0.465012 0
0.380111 0
0.226560 0
0.017600 0
0.008156 0
0.066635 0
0.968866 0
0.113552 0
0.153638 0
0.503605 0
0.170294 0
0.283526 0
0.571984 0
0.610669 0
0.112462 0
0.282793 0
0.993205 0
0.328324 0
0.113110 0
0.729824 0
0.354817 0
0.179900 0
0.436071 0
0.235523 0
0.247894 0
0.263789 0
0.166523 0
1.615028 0
0.178030 0
0.057177 0
2.061072 0
0.826186 0
0.225205 0
0.490091 0
0.017568 0
0.982656 0
0.352209 0
0.609058 0
0.216425 0
0.535923 0
0.052918 0
0.501284 0
0.103098 0
0.620954 0
0.395612 0
0.713869 0
0.440089 0
0.291667 0
0.411944 0
0.455267 0
0.355238 0
1.247309 0
0.688494 0
0.514597 0
1.250109 0
0.108210 0
1.090533 0
0.099719 0
0.592068 0
0.038440 0
0.218767 0
0.206832 0
0.425349 0
0.141163 0
0.101456 0
0.436266 0
0.160227 0
0.245697 0
0.041246 0
0.102531 0
0.018031 0
0.295283 0
0.025534 0
0.238314 0
0.438384 0
0.435788 0
1.113611 0
0.276347 0
0.586531 0
0.175198 0
0.908496 0
0.560708 0
0.024097 0
0.187222 0
0.401436 0
2.072595 0
0.063551 0
1.123557 0
0.579629 0
0.107939 0
0.872915 0
0.347512 0
1.271649 0
0.358554 0
0.369694 0
0.287808 0
0.870409 0
0.300341 0
0.819258 0
0.527004 0
0.727496 0
0.031207 0
0.175885 0
0.526049 0
1.137045 0
0.043423 0
0.086091 0
0.552614 0
1.029542 0
0.157578 0
0.048659 0
0.155588 0
0.461937 0
0.193585 0
0.199954 0
0.042665 0
1.117657 0
0.320927 0
0.689240 0
1.502996 0
0.196794 0
0.192764 0
1.020309 0
1.487076 0
0.943118 0
1.425407 0
0.576635 0
0.525479 0
1.125130 0
0.019914 0
0.073212 0
1.365344 0
0.281436 0
0.542445 0
0.364210 0
0.192538 0
0.788564 0
0.368461 0
0.051822 0
0.205471 0
0.145120 0
0.162647 0
0.008015 0
0.496271 0
0.039897 0
0.770429 0
1.136100 0
0.366559 0
0.921047 0
0.491746 0
0.392757 0
1.154559 0
0.146455 0
0.367804 0
0.277166 0
0.162668 0
0.272547 0
1.364539 0
1.122368 0
0.216906 0
0.270767 0
0.792138 0
0.230398 0
0.954230 0
0.026954 0
0.056697 0
0.205354 0
0.451723 0
0.286293 0
0.252621 0
0.130200 0
0.097264 0
1.555159 0
1.740152 0
0.922212 0
1.052308 0
1.403903 0
1.425633 0
0.044334 0
0.268777 0
0.087809 0
0.227491 0
0.927387 0
0.051387 0
0.046671 0
0.100435 0
0.450256 0
0.068707 0
0.461731 0
0.385630 0
0.728793 0
0.105489 0
0.449880 0
0.853024 0
0.157316 0
1.006655 0
1.015733 0
0.899086 0
0.119702 0
0.990787 0
0.312642 0
1.052023 0
1.418647 0
0.013864 0
0.270341 0
0.241699 0
0.946227 0
0.027053 0
0.544509 0
0.133192 0
0.007570 0
0.290140 0
0.064702 0
0.639862 0
0.257551 0
1.498032 0
0.205225 0
0.814170 0
0.210683 0
0.458641 0
1.116754 0
0.910648 0
0.108179 0
0.101085 0
0.599643 0
0.811307 0
1.149421 0
0.065854 0
1.005915 0
1.051950 0
0.315515 0
0.924140 0
0.146318 0
0.044481 0
1.602865 0
0.074043 0
0.555573 0
0.198700 0
0.020543 0
0.388628 0
0.924609 0
0.264319 0
0.515237 0
0.033915 0
0.602473 0
0.124173 0
0.292066 0
0.594560 0
0.037783 0
0.506335 0
0.948593 0
0.210392 0
0.288849 0
0.178319 0
0.125094 0
1.379622 0
0.196066 0
0.054497 0
0.495896 0
0.153632 0
0.275292 0
0.045077 0
0.914173 0
0.024247 0
0.891811 0
0.062320 0
1.379379 0
0.619909 0
0.496462 0
0.043148 0
0.603017 0
0.076980 0
0.408642 0
0.204088 0
0.467704 0
0.033732 0
0.632079 0
0.188106 0
0.549884 0
0.047603 0
1.137941 0
0.563205 0
0.612964 0
0.059186 0
0.993611 0
0.326693 0
0.014441 0
0.265724 0
0.202804 0
0.071748 0
1.271715 0
0.269129 0
0.160524 0
0.140252 0
0.350928 0
0.214483 0
0.525884 0
1.255788 0
0.596077 0
0.528824 0
0.035069 0
0.310977 0
0.366049 0
0.652560 0
0.101253 0
0.640881 0
1.785026 0
0.249157 0
0.321105 0
0.305800 0
0.386935 0
0.036308 0
0.703301 0
0.664974 0
0.061790 0
0.625285 0
0.141094 0
0.140099 0
1.120795 0
0.138363 0
1.801536 0
0.169841 0
0.317345 0
0.338257 0
0.551271 0
0.205727 0
0.388232 0
0.696778 0
0.499254 0
0.236561 0
0.042786 0
0.143400 0
0.300950 0
0.738034 0
1.421394 0
0.736278 0
0.315801 0
0.583638 0
0.293484 0
0.021024 0
1.671926 0
0.248920 0
0.441386 0
0.678134 0
0.075215 0
0.151218 0
0.177937 0
0.049245 0
1.497454 0
0.844456 0
0.061537 0
0.091941 0
1.065179 0
0.195892 0
0.347293 0
0.005239 0
0.230135 0
0.015653 0
0.350371 0
0.051244 0
1.247417 0
0.219161 0
0.495786 0
0.544157 0
0.026827 0
0.433761 0
1.090965 0
0.361803 0
0.608562 0
0.797103 0
0.545510 0
0.002283 0
0.270947 0
0.723210 0
0.252069 0
0.442530 0
0.864196 0
0.168496 0
0.218466 0
0.730979 0
0.495546 0
0.786914 0
0.286009 0
0.284744 0
0.814480 0
0.329957 0
0.033442 0
0.023711 0
1.273219 0
0.244160 0
0.039855 0
0.787582 0
0.296035 0
1.060889 0
0.275341 0
0.140950 0
1.334819 0
0.550145 0
0.392165 0
0.332283 0
0.197622 0
0.262197 0
0.680988 0
0.553374 0
0.095751 0
0.159480 0
0.118170 0
0.365212 0
0.050696 0
0.192522 0
0.003857 0
0.426406 0
0.403704 0
0.238119 0
0.005327 0
0.104587 0
0.547175 0
0.487477 0
0.708298 0
0.034607 0
1.529406 0
1.102020 0
0.299506 0
0.130950 0
0.079584 0
0.022544 0
1.477856 0
0.104047 0
0.065171 0
0.199101 0
1.438529 0
0.438751 0
0.163746 0
0.090049 0
0.178724 0
0.054570 0
0.188105 0
0.114418 0
0.320958 0
0.161605 0
0.072372 0
0.031483 0
0.051191 0
0.629468 0
0.133155 0
0.087617 0
0.152622 0
0.214579 0
0.273093 0
0.031906 0
1.377405 0
0.333119 0
0.147014 0
0.476020 0
0.026416 0
0.052060 0
0.243474 0
0.047561 0
0.016955 0
0.159619 0
0.975668 0
0.069185 0
0.258839 0
1.564738 0
0.367543 0
0.341714 0
0.137105 0
0.199522 0
0.311338 0
0.247613 0
0.446055 0
0.079568 0
0.863282 0
0.046155 0
0.737556 0
0.369095 0
0.675174 0
0.418927 0
1.312847 0
0.768360 0
0.003575 0
0.665215 0
0.030197 0
1.452559 0
0.508604 0
0.027162 0
1.585467 0
0.085687 0
0.451516 0
0.915455 0
0.660272 0
0.087698 0
0.831339 0
0.143721 0
0.680543 0
0.185735 0
0.730416 0
0.484357 0
0.523196 0
0.220563 0
0.079726 0
0.899153 0
0.201321 0
0.246024 0
0.203311 0
0.528436 0
0.490788 0
1.038298 0
0.048560 0
0.032934 0
0.400763 0
0.251424 0
0.091077 0
0.638968 0
0.108565 0
0.088175 0
0.856068 0
0.192327 0
0.183661 0
0.303822 0
1.436484 0
0.568627 0
0.507332 0
0.015561 0
0.583642 0
0.876854 0
0.786517 0
0.597759 0
0.022589 0
1.066134 0
0.946426 0
0.334375 0
0.802591 0
1.449142 0
0.624006 0
1.117232 0
1.394891 0
0.452928 0
0.165748 0
0.887463 0
0.662534 0
0.311353 0
0.283977 0
0.708687 0
1.024147 0
0.028611 0
1.443955 0
1.454446 0
0.196030 0
0.099758 0
0.181941 0
0.364863 0
0.483367 0
0.586719 0
0.203843 0
0.010304 0
0.171403 0
0.422534 0
0.227264 0
0.293395 0
0.792148 0
0.272589 0
1.677518 0
0.524986 0
0.119712 0
1.424231 0
0.087406 0
0.110581 0
0.226673 0
0.647505 0
0.095421 0
0.228860 0
0.281507 0
0.234591 0
0.439880 0
1.260977 0
0.372836 0
1.190414 0
0.163919 0
0.133669 0
1.662437 0
0.934083 0
0.503498 0
0.119194 0
0.012471 0
0.410793 0
0.161780 0
0.720074 0
0.377995 0
1.878436 0
0.868527 0
0.084870 0
0.102191 0
0.279482 0
0.584514 0
0.281293 0
1.571570 0
0.432222 0
0.022748 0
0.277033 0
0.086286 0
0.659819 0
0.914444 0
0.228129 0
0.165894 0
0.707536 0
0.031349 0
0.165618 0
0.110659 0
0.290437 0
0.105579 0
0.557315 0
1.604124 0
0.561236 0
1.555481 0
0.226429 0
0.565754 0
0.193536 0
0.083063 0
0.676224 0
1.320984 0
1.186671 0
0.226368 0
1.302504 0
0.083104 0
0.125123 0
0.034601 0
0.478930 0
0.832790 0
0.730125 0
0.957908 0
0.049165 0
0.404157 0
0.219387 0
0.986484 0
0.336137 0
0.598075 0
0.079966 0
0.327188 0
0.152595 0
1.379819 0
0.007022 0
0.051146 0
0.270877 0
0.247278 0
1.431475 0
0.023017 0
1.361394 0
0.301092 0
0.961417 0
0.341233 0
0.017218 0
0.259360 0
0.007560 0
0.057095 0
0.119470 0
0.246263 0
0.156003 0
1.274878 0
1.184276 0
0.158294 0
0.627017 0
0.693071 0
1.498745 0
0.914537 0
1.170309 0
0.025487 0
0.817277 0
0.429287 0
0.430729 0
0.125934 0
0.106511 0
0.510381 0
0.112612 0
0.266241 0
0.107581 0
0.317290 0
0.367341 0
0.618225 0
0.701813 0
0.334427 0
1.245476 0
0.276325 0
0.264451 0
0.132528 0
0.895496 0
0.165718 0
0.176167 0
0.896711 0
1.599280 0
0.206544 0
0.199750 0
0.715956 0
0.267878 0
0.345226 0
0.916286 0
0.220385 0
0.369178 0
0.785009 0
0.645775 0
1.039337 0
0.135599 0
0.052980 0
0.255632 0
0.050110 0
0.498861 0
0.086417 0
0.245001 0
0.116231 0
0.202498 0
0.376921 0
0.117114 0
0.815957 0
0.703637 0
0.099328 0
0.242914 0
1.101236 0
0.524860 0
0.821200 0
0.138391 0
0.134868 0
0.384755 0
0.240562 0
0.073303 0
0.270445 0
0.540996 0
0.187226 0
0.085748 0
0.479128 0
1.737880 0
1.441400 0
0.838137 0
0.104352 0
0.570105 0
0.346957 0
0.211728 0
0.457704 0
1.072871 0
0.046818 0
0.085634 0
0.655878 0
0.753001 0
0.380259 0
0.369542 0
0.051029 0
0.417357 0
0.110014 0
0.183837 0
0.495618 0
0.465551 0
0.366400 0
0.056397 0
1.137504 0
1.462335 0
0.028775 0
2.062385 0
0.146533 0
0.466540 0
0.279801 0
1.002860 0
0.624563 0
0.182879 0
0.300526 0
0.149270 0
0.510708 0
0.097778 0
1.804946 0
0.017282 0
0.553834 0
0.229848 0
0.112347 0
0.463181 0
0.020477 0
1.126192 0
0.248914 0
1.115006 0
0.170746 0
0.099595 0
0.017739 0
1.887963 0
0.976530 0
0.850972 0
0.031376 0
0.313319 0
0.199335 0
0.246817 0
0.113192 0
1.279239 0
0.390572 0
0.207390 0
0.007331 0
1.431156 0
1.335579 0
0.746045 0
0.286442 0
0.106948 0
0.004213 0
0.040262 0
1.176600 0
0.009258 0
0.806539 0
0.176174 0
0.023176 0
1.275640 0
1.127847 0
0.996605 0
0.045477 0
0.045470 0
0.121985 0
0.363483 0
0.306310 0
0.393626 0
0.440837 0
0.374063 0
0.315610 0
1.331776 0
1.134934 0
0.247601 0
0.123044 0
0.222357 0
0.030455 0
0.713796 0
0.045447 0
0.618614 0
0.800271 0
0.224601 0
0.555757 0
0.457497 0
0.704872 0
0.428367 0
0.280295 0
0.467740 0
0.656412 0
0.785941 0
0.439940 0
0.781700 0
0.590710 0
0.167954 0
0.432868 0
1.299987 0
0.491555 0
0.302193 0
0.864944 0
0.478924 0
0.640236 0
0.396403 0
0.159402 0
0.063744 0
0.350917 0
0.331181 0
0.158228 0
0.604138 0
0.515658 0
0.082076 0
0.390680 0
1.181005 0
0.155851 0
0.529300 0
0.855428 0
1.717210 0
0.155637 0
0.146920 0
0.201387 0
0.077802 0
0.033056 0
0.377029 0
1.988067 0
0.815508 0
0.540965 0
0.289998 0
0.272344 0
0.324974 0
0.212519 0
0.095318 0
0.336866 0
0.833662 0
0.109127 0
0.570307 0
0.497057 0
1.337456 0
1.014950 0
0.073741 0
0.109221 0
1.085469 0
0.374474 0
1.057566 0
0.323653 0
0.351360 0
0.347097 0
0.570960 0
1.245936 0
0.145496 0
0.025933 0
0.892727 0
0.048599 0
1.358755 0
0.078051 0
1.475581 0
0.083004 0
0.144299 0
0.183129 0
0.273370 0
0.248522 0
0.866528 0
0.485222 0
0.583634 0
0.348090 0
0.111349 0
0.932251 0
0.137087 0
0.228654 0
1.207026 0
0.118890 0
0.096216 0
0.302568 0
1.564220 0
0.828418 0
0.248654 0
0.247083 0
0.343174 0
0.115286 0
0.282090 0
0.611113 0
0.930317 0
1.317714 0
0.372319 0
0.943420 0
1.397251 0
0.721401 0
0.147767 0
0.090458 0
0.713907 0
0.355382 0
0.007561 0
0.268079 0
0.330228 0
0.070808 0
0.579932 0
0.035261 0
1.170678 0
0.208204 0
0.185821 0
0.135033 0
0.258183 0
1.100671 0
1.412744 0
0.181653 0
0.832175 0
0.009991 0
0.278316 0
0.101791 0
0.205375 0
0.555893 0
0.017672 0
0.306359 0
0.056985 0
0.164286 0
1.643508 0
0.069344 0
0.246372 0
0.236566 0
0.748624 0
0.269514 0
0.471981 0
0.590096 0
0.304571 0
0.304986 0
0.042893 0
0.258663 0
0.395709 0
0.166208 0
0.175540 0
0.091982 0
0.163299 0
0.110228 0
0.221255 0
0.396442 0
0.430489 0
1.368896 0
0.270657 0
0.205797 0
0.221158 0
0.017882 0
0.909985 0
0.126661 0
0.436560 0
0.128372 0
1.189226 0
0.761146 0
0.035407 0
0.918043 0
1.573913 0
0.732315 0
0.333217 0
0.657887 0
0.558918 0
0.185640 0
0.151114 0
0.572321 0
1.568413 0
0.523063 0
0.086018 0
0.166379 0
0.550553 0
0.143244 0
0.382565 0
0.309577 0
0.493746 0
0.556254 0
0.178726 0
0.717047 0
0.970080 0
0.049001 0
0.769191 0
0.534825 0
0.636224 0
0.423017 0
0.116582 0
0.207003 0
0.389326 0
0.520933 0
1.301830 0
0.402921 0
0.236173 0
0.036074 0
1.488689 0
0.196528 0
0.859538 0
0.115805 0
0.211386 0
0.186674 0
0.141962 0
0.565182 0
1.474881 0
1.462488 0
0.103154 0
0.540395 0
0.241039 0
0.463133 0
0.213624 0
1.344223 0
0.038515 0
0.084341 0
0.230938 0
0.382672 0
0.223944 0
0.551576 0
1.368934 0
0.300862 0
0.907437 0
0.352243 0
0.013191 0
1.088070 0
0.332640 0
0.195524 0
0.169661 0
0.319643 0
0.543738 0
0.434654 0
0.087379 0
0.954026 0
0.152468 0
0.228534 0
0.151392 0
0.537082 0
1.510848 0
0.611225 0
0.256952 0
0.220276 0
1.170819 0
0.078928 0
0.203662 0
0.173548 0
0.318251 0
0.049604 0
0.317230 0
0.134563 0
1.345486 0
1.219253 0
0.011328 0
0.322514 0
0.081390 0
0.014382 0
1.294619 0
0.523117 0
0.374287 0
0.146658 0
0.399796 0
0.745341 0
0.524021 0
0.434478 0
0.403231 0
0.853440 0
0.610258 0
0.158909 0
0.366155 0
0.522390 0
0.794509 0
0.516319 0
0.242946 0
0.490713 0
0.524368 0
0.077461 0
0.049158 0
0.307779 0
0.348242 0
0.234741 0
0.452469 0
0.293635 0
0.189238 0
1.293064 0
0.206444 0
0.267967 0
0.225885 0
0.141884 0
0.144981 0
0.110515 0
0.781146 0
0.241247 0
0.346007 0
0.840007 0
0.356904 0
0.787176 0
1.353188 0
0.035058 0
0.496531 0
0.604658 0
0.307441 0
0.014568 0
0.867126 0
0.045710 0
0.019366 0
0.592721 0
0.793756 0
0.319388 0
0.043915 0
0.250908 0
0.318009 0
0.240109 0
0.032177 0
0.824214 0
1.511134 0
0.148846 0
0.626149 0
0.826196 0
1.396317 0
0.153270 0
0.218730 0
0.441211 0
0.199190 0
0.069074 0
0.689426 0
0.296960 0
0.308271 0
0.368735 0
0.948711 0
0.939882 0
0.102647 0
0.154551 0
0.343655 0
1.582535 0
0.190102 0
0.724096 0
0.417671 0
1.405701 0
0.075471 0
0.074295 0
0.494549 0
0.355895 0
0.577220 0
1.334740 0
0.685822 0
1.058680 0
0.829565 0
0.136341 0
1.244133 0
0.677548 0
0.129401 0
0.411497 0
1.827044 0
0.367815 0
0.157282 0
0.983776 0
0.620266 0
0.060899 0
1.690516 0
0.331801 0
0.083948 0
0.396918 0
0.279700 0
0.553376 0
0.143573 0
0.112241 0
0.270356 0
0.969057 0
0.101490 0
0.608371 0
0.547961 0
0.166392 0
0.043789 0
0.033306 0
0.190029 0
0.257108 0
0.264123 0
1.449927 0
0.528537 0
0.361452 0
0.388951 0
0.282390 0
0.164089 0
0.930901 0
0.150682 0
0.011891 0
0.507601 0
0.080660 0
0.054955 0
0.236344 0
0.075003 0
0.056138 0
0.355047 0
0.605894 0
0.234416 0
0.033296 0
0.100018 0
1.286087 0
0.070855 0
0.232625 0
0.307292 0
0.582646 0
0.316402 0
0.076298 0
0.399960 0
0.219636 0
0.410172 0
1.380847 0
1.101765 0
0.536650 0
0.015519 0
0.516483 0
0.436438 0
0.413790 0
0.247926 0
0.455907 0
0.088186 0
0.114524 0
1.355900 0
1.883245 0
0.554754 0
1.316760 0
0.547481 0
0.266377 0
0.076445 0
0.133100 0
0.362289 0
0.311373 0
1.435760 0
0.308886 0
1.057548 0
0.716078 0
0.509243 0
0.240737 0
0.065852 0
0.022186 0
1.046038 0
0.171916 0
0.117571 0
0.698743 0
0.484151 0
0.091085 0
0.030668 0
0.124278 0
0.391713 0
0.068679 0
0.058503 0
0.105883 0
0.130654 0
0.448088 0
0.277837 0
1.486725 0
0.715753 0
0.227840 0
0.141937 0
0.102646 0
0.027573 0
0.077468 0
0.756531 0
0.138921 0
0.084548 0
1.098575 0
1.044492 0
0.313671 0
0.791005 0
1.392459 0
1.579734 0
0.295651 0
0.689038 0
0.078185 0
0.308680 0
0.157111 0
0.066507 0
0.312043 0
0.440366 0
2.182442 0
0.561074 0
0.158721 0
0.019992 0
0.863902 0
0.230337 0
0.205899 0
0.056609 0
0.133647 0
0.409017 0
0.525998 0
0.601244 0
0.198983 0
0.042903 0
0.783024 0
0.324887 0
0.401681 0
0.508469 0
0.366668 0
0.101508 0
0.731963 0
0.055937 0
0.231927 0
0.227154 0
0.384053 0
0.037036 0
0.251240 0
0.037582 0
0.144786 0
1.201643 0
0.069984 0
0.055833 0
0.448175 0
0.270449 0
0.787067 0
0.026841 0
1.416076 0
0.269411 0
0.258323 0
0.260476 0
0.409337 0
0.186436 0
0.123951 0
0.537458 0
0.664584 0
0.535734 0
0.778731 0
0.703585 0
1.351772 0
0.218059 0
0.144157 0
0.514995 0
0.587017 0
0.076168 0
0.656983 0
0.566876 0
0.555202 0
0.361748 0
0.204573 0
0.653785 0
0.006736 0
0.188078 0
0.561595 0
0.189234 0
0.243101 0
0.130650 0
0.442141 0
1.086617 0
0.207221 0
0.168523 0
1.061704 0
1.343811 0
1.232498 0
0.079624 0
0.016860 0
0.667919 0
0.059178 0
0.757946 0
0.119352 0
0.355161 0
0.021257 0
0.189064 0
0.301651 0
0.193249 0
0.711921 0
0.230062 0
0.758212 0
0.405588 0
0.983662 0
1.077873 0
0.274906 0
0.039179 0
0.245150 0
0.137928 0
0.631822 0
0.332994 0
0.639035 0
0.210897 0
0.217214 0
0.132561 0
0.843296 0
0.667512 0
0.138184 0
0.565360 0
1.047508 0
0.832377 0
0.404283 0
0.006807 0
0.201763 0
0.271958 0
0.009248 0
0.106736 0
0.096741 0
0.521554 0
0.014360 0
1.029499 0
1.695792 0
0.434990 0
0.597025 0
1.004681 0
0.753127 0
0.195459 0
0.292929 0
0.033045 0
0.045033 0
0.039533 0
0.264497 0
2.256401 0
0.104477 0
0.024653 0
0.368661 0
0.007706 0
0.490336 0
1.155447 0
0.848388 0
0.059229 0
0.781038 0
0.274113 0
0.052169 0
0.668282 0
0.001912 0
0.419503 0
0.282729 0
0.568060 0
0.552393 0
0.059301 0
0.506164 0
0.050007 0
0.068070 0
0.180127 0
0.444478 0
1.377289 0
0.257490 0
0.029192 0
0.411624 0
0.158539 0
0.674394 0
0.089507 0
0.360041 0
0.037742 0
0.215946 0
0.408388 0
1.193205 0
0.477855 0
0.471102 0
1.526193 0
0.884399 0
0.901488 0
0.212662 0
0.267402 0
1.418502 0
0.030998 0
0.811352 0
0.052211 0
1.368896 0
0.650294 0
1.507866 0
0.346990 0
0.008419 0
0.251530 0
1.515017 0
1.054817 0
0.707681 0
0.024241 0
0.708881 0
0.415693 0
1.692741 0
1.022273 0
0.840471 0
1.113730 0
1.370939 0
1.383819 0
0.167189 0
0.913328 0
0.309386 0
0.273319 0
0.370925 0
0.446580 0
0.126778 0
1.188630 0
1.482040 0
0.447787 0
0.310179 0
0.174606 0
0.354205 0
0.615442 0
0.887625 0
1.369793 0
1.521439 0
0.813448 0
0.601471 0
0.122131 0
1.058220 0
0.040469 0
0.171630 0
0.186699 0
0.219198 0
0.082132 0
0.182540 0
1.280499 0
0.109230 0
1.548804 0
1.252384 0
0.851084 0
0.271638 0
0.156279 0
0.786738 0
0.146388 0
1.434103 0
0.291103 0
0.408989 0
0.195221 0
0.208941 0
0.676685 0
0.301688 0
0.156974 0
0.179858 0
0.966677 0
0.610434 0
1.418389 0
0.545813 0
0.373082 0
0.877944 0
0.289250 0
0.095149 0
0.249425 0
0.519694 0
1.603098 0
0.439424 0
1.244337 0
0.486603 0
1.254545 0
0.443220 0
0.440582 0
0.086150 0
0.304185 0
0.015632 0
0.849322 0
0.003326 0
0.726893 0
0.694481 0
0.905574 0
0.732301 0
0.788227 0
0.181854 0
0.454990 0
0.729927 0
0.021929 0
0.199110 0
0.774171 0
0.278609 0
0.631411 0
0.565194 0
0.505031 0
0.087647 0
0.515234 0
0.505420 0
1.592681 0
0.163638 0
0.307961 0
0.822001 0
0.045783 0
0.951324 0
0.025880 0
0.497723 0
0.863783 0
1.527904 0
0.176201 0
1.380756 0
0.645117 0
0.894644 0
0.351728 0
0.101213 0
0.804469 0
0.065109 0
0.266713 0
0.494010 0
0.411391 0
0.006879 0
0.419564 0
0.100490 0
0.414927 0
0.276142 0
1.369391 0
0.202686 0
0.219382 0
0.034687 0
0.294544 0
0.389679 0
0.977767 0
0.126246 0
0.213787 0
0.190896 0
0.148758 0
0.118601 0
0.130465 0
0.034475 0
0.703701 0
1.565969 0
0.167112 0
0.139499 0
0.103868 0
0.439221 0
0.140373 0
1.020978 0
0.935219 0
0.053402 0
0.237093 0
1.509918 0
0.034702 0
0.074606 0
0.926929 0
0.507077 0
1.049148 0
0.766672 0
0.060498 0
0.231065 0
0.334048 0
0.469364 0
0.387689 0
0.669024 0
0.097291 0
0.070704 0
0.858328 0
0.578544 0
0.345304 0
0.150662 0
0.415565 0
0.830886 0
0.509187 0
0.007977 0
0.852365 0
0.167593 0
0.530948 0
0.253617 0
0.485631 0
0.127954 0
0.435829 0
0.112202 0
1.484968 0
0.062593 0
0.157939 0
0.126181 0
1.080587 0
0.745313 0
1.491296 0
0.067119 0
0.892936 0
0.063807 0
0.838157 0
0.196074 0
1.409778 0
0.806118 0
0.665829 0
0.587606 0
1.333661 0
0.082416 0
0.448204 0
0.011011 0
0.146453 0
0.361553 0
0.074485 0
0.529159 0
0.080588 0
1.480577 0
0.199871 0
0.810019 0
0.194226 0
0.041682 0
0.251782 0
0.079999 0
0.158475 0
0.103607 0
0.461330 0
0.194859 0
0.428489 0
0.603924 0
0.059479 0
0.476571 0
0.401910 0
0.406637 0
0.198851 0
1.573384 0
0.221160 0
0.511906 0
0.181364 0
0.183693 0
0.633537 0
0.153328 0
1.236265 0
1.076217 0
0.280502 0
0.997122 0
0.526358 0
1.034836 0
0.386549 0
0.275334 0
0.359331 0
0.143927 0
0.844591 0
0.992815 0
0.296073 0
0.384854 0
0.961567 0
0.586788 0
0.623331 0
0.168880 0
0.311707 0
0.486794 0
0.132664 0
0.405622 0
0.714927 0
0.821173 0
0.238187 0
0.669637 0
0.077344 0
1.415069 0
0.333446 0
0.009570 0
0.252762 0
0.258370 0
0.228769 0
0.150672 0
0.205947 0
1.082491 0
0.308888 0
0.348034 0
0.354758 0
0.159834 0
0.124314 0
1.385116 0
0.055380 0
0.332803 0
0.085439 0
0.607814 0
0.327565 0
0.064297 0
0.119977 0
0.096374 0
0.405316 0
0.348593 0
0.330813 0
1.251230 0
0.151750 0
0.006263 0
0.548299 0
0.800277 0
0.199857 0
0.617231 0
0.720087 0
0.620502 0
0.181058 0
0.074430 0
1.003202 0
0.730374 0
0.564281 0
0.118403 0
1.013165 0
0.543899 0
0.844631 0
0.861061 0
0.252775 0
0.464398 0
0.358926 0
0.239048 0
0.304427 0
0.241083 0
0.096839 0
0.406695 0
0.552252 0
0.089471 0
0.864617 0
0.267568 0
0.131163 0
0.453553 0
0.612718 0
0.349640 0
0.051164 0
1.649098 0
0.137178 0
0.032882 0
0.300822 0
0.352551 0
0.404263 0
0.240599 0
0.089799 0
0.042234 0
0.930457 0
0.850052 0
0.273433 0
1.052766 0
1.321761 0
0.350922 0
0.214160 0
1.548767 0
0.051600 0
0.702038 0
0.496076 0
0.591120 0
0.003883 0
0.515048 0
0.043440 0
0.050096 0
0.250538 0
0.140123 0
1.310118 0
0.282961 0
0.271750 0
0.057802 0
1.505649 0
0.059247 0
0.653747 0
0.260080 0
1.540250 0
0.257241 0
0.032709 0
0.527279 0
0.251861 0
0.106298 0
0.391102 0
1.602859 0
0.739496 0
1.387758 0
0.166437 0
0.830075 0
0.137504 0
1.385687 0
0.209930 0
0.229607 0
0.770983 0
0.113345 0
0.305123 0
0.164243 0
0.322306 0
0.597688 0
1.400648 0
0.480452 0
0.769778 0
0.983589 0
0.382774 0
0.342108 0
0.338073 0
0.425712 0
0.309121 0
0.430539 0
0.977937 0
0.870432 0
0.114622 0
0.793864 0
1.001600 0
0.390092 0
0.549002 0
0.656165 0
0.412059 0
0.443986 0
0.104537 0
1.075031 0
0.124146 0
0.428323 0
0.974520 0
0.413443 0
1.571328 0
0.561292 0
0.170774 0
0.035507 0
0.846026 0
0.075012 0
0.735204 0
0.157649 0
0.136091 0
0.791597 0
0.201745 0
0.363790 0
0.083482 0
0.281972 0
0.336297 0
0.056444 0
0.527631 0
0.538977 0
0.790109 0
0.047499 0
1.343540 0
1.671362 0
0.498503 0
0.820567 0
0.238611 0
0.433478 0
0.063721 0
0.263205 0
0.967010 0
0.280579 0
0.050630 0
0.470947 0
0.125068 0
0.089577 0
0.040012 0
1.002358 0
0.407169 0
0.128025 0
0.409944 0
0.928703 0
0.004931 0
0.873429 0
0.130748 0
0.020978 0
1.257357 0
0.269920 0
0.079492 0
0.260547 0
0.226419 0
0.162043 0
0.774526 0
0.101110 0
0.096261 0
0.732097 0
0.178928 0
0.407472 0
0.703202 0
0.484042 0
0.550259 0
0.113878 0
1.446735 0
0.216225 0
0.482186 0
0.078169 0
0.347546 0
0.713238 0
0.023723 0
1.386114 0
0.059598 0
0.135575 0
0.726589 0
0.685963 0
0.328680 0
0.144587 0
1.436655 0
0.048521 0
0.347466 0
0.500211 0
0.062950 0
0.352381 0
1.382641 0
0.251240 0
0.099792 0
0.033085 0
0.078510 0
0.336500 0
0.541187 0
0.177681 0
0.513412 0
0.576706 0
0.018014 0
0.652147 0
0.168726 0
0.273260 0
0.846657 0
0.006732 0
0.861783 0
0.472434 0
0.444327 0
0.025776 0
0.408997 0
1.369419 0
0.013016 0
0.757723 0
0.476299 0
1.189676 0
1.260502 0
0.159605 0
1.214464 0
0.174657 0
0.106265 0
0.495570 0
1.100239 0
0.017786 0
0.598991 0
0.002973 0
0.067691 0
0.748624 0
0.263712 0
0.143930 0
0.468003 0
0.262816 0
1.435646 0
0.640672 0
0.481930 0
0.196746 0
0.138946 0
0.014913 0
0.745331 0
0.197518 0
0.334521 0
0.048585 0
0.745896 0
0.237475 0
0.233081 0
0.699474 0
0.261910 0
0.022455 0
0.159212 0
0.416785 0
0.346639 0
0.262392 0
0.411940 0
0.394189 0
0.172252 0
0.185871 0
0.196370 0
0.269390 0
0.214135 0
1.374598 0
0.612112 0
1.252248 0
0.179728 0
0.540474 0
0.523918 0
0.085948 0
0.782220 0
0.672983 0
1.514115 0
1.780093 0
0.200047 0
1.115521 0
0.122696 0
0.166856 0
0.776722 0
1.346189 0
0.020345 0
0.003459 0
0.364892 0
0.136312 0
0.209242 0
0.139269 0
0.474483 0
0.158874 0
0.078274 0
0.112632 0
0.268518 0
0.206924 0
0.207521 0
1.582911 0
0.497388 0
0.422757 0
0.568753 0
0.336687 0
0.199292 0
0.110631 0
1.523341 0
1.881368 0
1.007958 0
0.035358 0
0.083114 0
0.174524 0
0.489559 0
0.639526 0
0.424956 0
0.181892 0
0.244298 0
0.223181 0
0.693169 0
0.578077 0
0.389835 0
0.688517 0
0.099495 0
0.991384 0
0.425240 0
0.033272 0
1.082768 0
0.986336 0
0.341474 0
1.168118 0
0.721962 0
0.716600 0
0.356418 0
1.087085 0
0.235086 0
0.216273 0
1.129978 0
0.236051 0
0.404006 0
0.793782 0
0.094117 0
0.180008 0
0.091189 0
0.027428 0
0.057574 0
0.402143 0
0.248164 0
0.549600 0
0.046855 0
1.526276 0
0.137548 0
0.722016 0
0.088702 0
0.050499 0
0.179711 0
0.301220 0
0.463724 0
1.431106 0
0.222977 0
0.158604 0
0.195907 0
0.483016 0
0.134694 0
0.233867 0
0.849011 0
0.212198 0
0.318729 0
0.222898 0
0.027821 0
0.555658 0
1.254674 0
0.518467 0
0.137270 0
1.405435 0
0.128655 0
0.153772 0
0.028837 0
0.044170 0
0.052057 0
0.310394 0
0.370906 0
0.012523 0
0.685506 0
0.018125 0
0.801764 0
0.378557 0
0.119054 0
0.253784 0
0.531659 0
0.705918 0
0.218780 0
0.428868 0
0.945275 0
0.224692 0
0.602995 0
0.198604 0
0.314428 0
0.388649 0
0.163053 0
0.008827 0
0.627490 0
0.226550 0
0.416291 0
0.424652 0
0.447165 0
0.413614 0
0.363873 0
0.672337 0
0.191880 0
0.629001 0
0.422345 0
0.063924 0
0.835427 0
0.052516 0
0.298345 0
0.376356 0
0.298122 0
0.169252 0
0.276242 0
0.116629 0
0.168167 0
0.266044 0
0.152253 0
0.053935 0
0.586230 0
2.027855 0
0.108874 0
0.496716 0
0.101110 0
0.143133 0
1.504131 0
1.347012 0
0.089676 0
0.324867 0
0.342940 0
0.242793 0
0.501832 0
1.129974 0
0.510315 0
0.352473 0
0.040449 0
0.313281 0
0.208063 0
0.348661 0
0.101075 0
0.215354 0
0.379001 0
0.008396 0
0.596521 0
0.551567 0
0.152069 0
0.004507 0
0.239587 0
0.451211 0
0.404216 0
1.173421 0
0.318215 0
0.044971 0
0.293044 0
0.144225 0
0.295108 0
0.044797 0
0.967255 0
0.037244 0
0.525278 0
0.039801 0
0.619675 0
1.488153 0
0.569204 0
0.856574 0
0.463035 0
1.386845 0
0.692956 0
0.315253 0
0.603928 0
0.999851 0
0.578627 0
0.260536 0
0.047315 0
1.363470 0
0.250848 0
0.127930 0
0.083913 0
0.055405 0
0.109956 0
0.119736 0
0.509674 0
0.033953 0
0.105344 0
0.258495 0
0.219775 0
1.189680 0
0.688422 0
0.133717 0
0.485030 0
0.346743 0
0.059077 0
0.314220 0
0.291800 0
0.623551 0
0.094231 0
0.894122 0
0.138924 0
0.381039 0
1.439881 0
0.070092 0
0.148165 0
0.436563 0
0.746250 0
1.390790 0
0.597768 0
0.305951 0
0.083697 0
0.424830 0
0.528521 0
0.088096 0
1.797279 0
0.887784 0
1.406450 0
0.588037 0
0.230089 0
0.849465 0
0.131259 0
0.198171 0
0.096118 0
0.503897 0
0.110693 0
0.942633 0
0.004353 0
0.385951 0
0.529271 0
1.030953 0
0.057091 0
0.109894 0
0.404544 0
0.590175 0
0.564368 0
0.029842 0
0.059504 0
0.741752 0
0.306055 0
0.107056 0
0.018906 0
0.557441 0
0.035844 0
0.192904 0
0.976432 0
0.927493 0
0.048623 0
0.537120 0
0.064057 0
0.265535 0
0.069161 0
0.317086 0
0.558646 0
1.200086 0
0.022209 0
0.337446 0
0.592626 0
0.238888 0
0.731564 0
0.143953 0
0.442879 0
0.430611 0
1.384547 0
0.578698 0
0.148835 0
0.271984 0
0.074537 0
0.265219 0
0.130005 0
0.240291 0
0.209244 0
0.090260 0
0.338773 0
0.388542 0
0.064608 0
0.760002 0
0.420562 0
0.511184 0
0.733027 0
0.036464 0
0.338219 0
0.472058 0
0.108863 0
0.407132 0
1.226816 0
1.339250 0
0.123076 0
0.063187 0
1.778992 0
0.507154 0
1.150681 0
0.116509 0
0.692046 0
0.500287 0
1.178335 0
1.457738 0
0.357855 0
0.941456 0
0.540729 0
0.226016 0
0.160952 0
0.402295 0
0.483904 0
0.024322 0
0.519422 0
0.017590 0
0.062447 0
0.278455 0
0.073963 0
0.008413 0
0.803668 0
0.130954 0
0.095926 0
0.591534 0
0.415148 0
0.229025 0
0.395695 0
1.036923 0
0.633569 0
0.079408 0
0.141672 0
0.086903 0
1.211831 0
0.054996 0
0.058544 0
0.184916 0
0.068019 0
0.194630 0
0.272050 0
0.187593 0
0.409766 0
0.226097 0
0.355544 0
0.076624 0
0.434528 0
1.373081 0
0.524562 0
0.357255 0
0.643803 0
0.085462 0
0.177117 0
0.135907 0
0.403158 0
0.487815 0
0.076614 0
0.424646 0
0.601531 0
0.192218 0
1.163031 0
0.106884 0
0.714758 0
0.407992 0
0.111119 0
0.080291 0
0.501974 0
0.042912 0
0.989354 0
0.425040 0
0.917243 0
0.057225 0
0.064073 0
0.065891 0
0.080876 0
1.234737 0
0.405023 0
0.008610 0
0.080355 0
0.058460 0
0.236840 0
0.353511 0
1.465190 0
0.529522 0
0.233372 0
0.165633 0
0.220809 0
0.212952 0
0.472126 0
0.437935 0
0.372481 0
0.894781 0
0.014064 0
0.036653 0
0.011585 0
0.104008 0
0.124166 0
0.082237 0
0.248580 0
0.112134 0
0.154415 0
0.695723 0
0.731967 0
0.152683 0
0.696247 0
0.690005 0
1.025069 0
0.118217 0
0.035516 0
0.981723 0
1.474200 0
0.595813 0
0.036244 0
1.382324 0
0.054236 0
1.162224 0
0.158419 0
0.512949 0
0.375733 0
0.046288 0
1.249076 0
0.762875 0
0.702659 0
1.389684 0
0.346086 0
0.138405 0
0.509870 0
0.105190 0
0.787877 0
0.031792 0
0.048734 0
1.344464 0
0.684254 0
0.258091 0
0.489875 0
0.532614 0
1.543240 0
0.187159 0
0.377224 0
0.858092 0
1.187699 0
1.286559 0
0.207112 0
1.404333 0
0.550250 0
0.038249 0
0.231432 0
0.567522 0
0.341106 0
0.088241 0
0.463504 0
0.476741 0
0.050841 0
1.394814 0
0.447428 0
0.227053 0
0.300481 0
0.467816 0
1.470230 0
0.274962 0
0.860116 0
0.105309 0
0.422760 0
0.222655 0
0.649964 0
0.839969 0
0.682479 0
0.550244 0
0.717557 0
0.276678 0
0.139953 0
0.081819 0
0.161487 0
0.211929 0
0.068208 0
0.117408 0
0.444629 0
0.156515 0
1.924162 0
0.361645 0
1.312781 0
0.597693 0
1.398737 0
0.215894 0
0.237489 0
1.739259 0
0.331377 0
0.519937 0
0.222190 0
0.280475 0
0.208516 0
0.998556 0
1.022815 0
0.463983 0
0.747580 0
0.018965 0
0.198385 0
0.216546 0
0.568410 0
0.119440 0
1.289027 0
0.032582 0
1.300580 0
0.769714 0
0.253474 0
0.144811 0
0.176968 0
0.537857 0
0.246938 0
1.407632 0
0.146413 0
0.210706 0
1.344587 0
0.024444 0
0.661510 0
0.043548 0
0.700264 0
0.036002 0
1.014956 0
0.203805 0
0.002119 0
0.343203 0
0.184228 0
0.174117 0
0.293722 0
0.005328 0
0.750342 0
0.105659 0
0.841431 0
1.469633 0
0.439154 0
0.676831 0
0.021621 0
1.351793 0
0.143148 0
0.718377 0
0.092198 0
0.145700 0
0.149189 0
1.012329 0
0.592874 0
0.210770 0
0.205599 0
0.093115 0
0.037658 0
0.462775 0
0.121906 0
1.176907 0
0.561736 0
0.113558 0
1.327159 0
0.999839 0
0.397593 0
0.771831 0
1.062725 0
0.164800 0
0.935100 0
0.772007 0
0.807247 0
0.867444 0
0.186849 0
0.965235 0
0.134232 0
0.979133 0
1.015661 0
0.055745 0
0.041785 0
1.041987 0
0.630306 0
0.123773 0
0.111844 0
0.022690 0
0.209980 0
0.512707 0
0.284539 0
0.662655 0
0.005635 0
0.505035 0
0.042395 0
0.232246 0
0.149723 0
0.386588 0
1.402575 0
1.217374 0
0.059972 0
1.534484 0
1.561828 0
0.085858 0
0.241880 0
0.362549 0
0.318384 0
0.377642 0
0.050887 0
0.032013 0
0.793051 0
0.074197 0
0.507004 0
0.129919 0
0.767954 0
0.606631 0
1.381317 0
0.096914 0
0.074476 0
0.092509 0
1.436935 0
0.153938 0
0.156192 0
0.045641 0
0.416398 0
0.041131 0
0.231555 0
0.255760 0
0.403375 0
0.789868 0
0.024354 0
0.596158 0
1.304222 0
0.267078 0
0.221395 0
0.334858 0
0.721302 0
0.180280 0
0.364943 0
0.195666 0
0.570386 0
0.133223 0
0.118637 0
0.569007 0
0.154254 0
1.401794 0
0.288978 0
0.610994 0
0.124379 0
0.475242 0
1.224821 0
0.428162 0
0.118067 0
0.559771 0
0.259213 0
1.073576 0
0.234170 0
0.459186 0
0.492476 0
0.438538 0
0.025186 0
1.188606 0
1.397589 0
0.154012 0
0.884478 0
1.471501 0
0.596822 0
0.307180 0
0.316262 0
0.284872 0
0.020681 0
0.626220 0
0.040420 0
0.885500 0
0.990983 0
0.047539 0
0.051490 0
0.205662 0
0.009686 0
0.189530 0
0.457897 0
0.501109 0
1.386476 0
0.847228 0
1.377715 0
1.077430 0
0.760589 0
0.056971 0
0.512697 0
0.426464 0
0.216774 0
0.139235 0
0.107398 0
0.038322 0
0.690661 0
0.135773 0
0.535565 0
0.149030 0
1.001845 0
1.182371 0
0.037106 0
0.729651 0
0.430505 0
0.203286 0
0.656287 0
0.113691 0
0.651053 0
0.043370 0
0.061391 0
1.593285 0
0.355020 0
1.545473 0
0.838890 0
0.335369 0
0.560826 0
0.072320 0
0.626645 0
0.433733 0
0.578494 0
0.410643 0
0.751213 0
0.247257 0
0.381499 0
1.045582 0
0.254024 0
0.013357 0
0.032170 0
0.131458 0
1.525572 0
0.437129 0
0.730170 0
0.327072 0
0.332757 0
0.160474 0
0.486713 0
0.708217 0
0.047737 0
0.506397 0
0.875436 0
0.084448 0
0.405265 0
0.077858 0
0.194032 0
0.012103 0
0.083934 0
0.232293 0
0.088912 0
0.195094 0
0.450066 0
0.236580 0
0.079026 0
0.168013 0
1.537044 0
0.258882 0
0.028627 0
1.123473 0
0.005436 0
1.391458 0
0.712075 0
0.021960 0
0.127940 0
0.460225 0
0.292757 0
0.716140 0
0.251994 0
1.529341 0
0.012765 0
0.260430 0
0.614756 0
0.998027 0
0.846108 0
0.727704 0
0.437906 0
0.345825 0
0.441627 0
0.679854 0
0.828424 0
0.120235 0
0.089330 0
0.360361 0
0.477462 0
0.189372 0
0.557624 0
0.655620 0
0.591150 0
0.655998 0
0.366234 0
0.053978 0
0.955669 0
0.057622 0
0.253927 0
0.702788 0
0.657959 0
0.072519 0
0.458340 0
0.288505 0
0.062009 0
0.660169 0
0.451530 0
0.364555 0
0.197936 0
0.259207 0
0.897111 0
0.162710 0
0.910639 0
0.457332 0
0.516276 0
0.895572 0
0.314703 0
0.172105 0
0.579193 0
1.613031 0
0.006601 0
0.409186 0
0.062286 0
0.438156 0
0.186109 0
1.687668 0
0.101472 0
0.079322 0
0.143374 0
0.138106 0
0.461992 0
0.840787 0
0.052536 0
0.172241 0
0.149569 0
0.301222 0
1.585334 0
0.385896 0
0.231927 0
0.399037 0
0.057399 0
0.846467 0
0.095390 0
0.270921 0
0.090321 0
0.387048 0
0.849142 0
0.077784 0
0.180802 0
0.135101 0
0.398095 0
0.182432 0
0.068831 0
0.894458 0
0.069898 0
1.248767 0
0.216528 0
0.327104 0
0.853519 0
0.026572 0
0.180822 0
0.498343 0
0.384484 0
0.386803 0
0.196983 0
0.313751 0
0.148620 0
0.072242 0
0.279035 0
0.510901 0
0.134939 0
0.455906 0
0.520378 0
0.045258 0
0.024513 0
0.372573 0
0.871471 0
0.675646 0
1.437641 0
0.014267 0
0.068066 0
1.335052 0
0.513477 0
0.373714 0
0.118285 0
0.812661 0
0.460873 0
0.622460 0
0.472805 0
0.601707 0
0.279373 0
0.198718 0
0.616172 0
0.857645 0
0.137270 0
0.265120 0
0.743006 0
0.156655 0
1.520719 0
0.039451 0
0.075693 0
1.671770 0
0.751077 0
0.030232 0
1.443827 0
0.225450 0
0.196958 0
1.260091 0
0.915337 0
0.071608 0
1.464271 0
0.119478 0
0.298321 0
0.301776 0
0.417603 0
0.012992 0
0.097291 0
0.097932 0
0.234944 0
0.386497 0
0.526252 0
0.096822 0
0.490425 0
0.194427 0
0.202407 0
0.241424 0
0.119530 0
0.219515 0
0.646759 0
0.429142 0
0.387252 0
0.778562 0
0.869388 0
0.207608 0
1.192575 0
0.927059 0
0.220704 0
1.381133 0
1.346843 0
0.020932 0
0.490501 0
0.006488 0
0.494321 0
0.176544 0
0.303932 0
0.007916 0
0.657579 0
0.924797 0
1.038553 0
0.368393 0
0.336320 0
0.083608 0
0.253899 0
0.231121 0
0.356628 0
1.910916 0
0.906963 0
0.531110 0
0.083677 0
0.148154 0
0.194012 0
0.065592 0
0.194471 0
0.114705 0
0.406886 0
0.826434 0
0.041066 0
0.648593 0
0.452417 0
0.135581 0
0.101101 0
0.231642 0
0.175871 0
0.526219 0
0.097889 0
0.676743 0
1.362352 0
0.254844 0
1.465103 0
0.039418 0
0.440670 0
0.244622 0
0.033032 0
0.785205 0
1.405871 0
0.835028 0
0.544026 0
0.065123 0
0.723946 0
0.389616 0
0.364207 0
0.903392 0
0.173905 0
0.222303 0
0.693267 0
0.261270 0
0.149604 0
0.488924 0
0.205525 0
0.043277 0
0.133246 0
1.003800 0
1.050403 0
1.432889 0
0.949530 0
0.629453 0
1.092192 0
0.096711 0
0.176936 0
0.044316 0
1.008566 0
0.021147 0
0.062301 0
1.466122 0
0.771113 0
0.230719 0
1.178337 0
0.497012 0
0.308689 0
0.240519 0
0.480755 0
0.349205 0
1.151360 0
0.071924 0
0.146129 0
0.169204 0
0.372840 0
0.483268 0
0.125834 0
0.036550 0
0.420411 0
1.026457 0
1.028198 0
0.153337 0
0.278601 0
0.573736 0
0.151371 0
0.685229 0
0.058809 0
0.691306 0
1.690102 0
0.126848 0
0.487712 0
0.099099 0
0.061683 0
1.102844 0
0.180767 0
0.211802 0
0.325870 0
0.219399 0
0.334479 0
0.509324 0
0.248750 0
0.546779 0
1.164402 0
0.122659 0
0.064545 0
0.772072 0
1.388426 0
0.664614 0
0.276291 0
0.376965 0
0.025560 0
0.208464 0
0.019761 0
0.290520 0
0.237688 0
0.090347 0
0.775979 0
0.483318 0
0.122310 0
0.064134 0
0.054564 0
0.018016 0
1.389055 0
0.711603 0
0.010660 0
0.160463 0
0.470405 0
0.021828 0
0.254759 0
0.103846 0
0.099818 0
0.307059 0
0.125886 0
0.745878 0
0.368189 0
0.867308 0
1.231452 0
0.562518 0
0.270226 0
0.316386 0
0.096554 0
0.285577 0
1.498909 0
0.492391 0
0.266411 0
0.086580 0
0.167825 0
1.367629 0
0.240453 0
0.079806 0
0.502210 0
0.329866 0
1.577569 0
0.436152 0
0.899065 0
0.531013 0
0.194075 0
2.180250 0
1.034948 0
0.029792 0
0.183480 0
0.811097 0
1.389513 0
0.086079 0
0.809201 0
1.640352 0
1.136405 0
0.393117 0
1.245476 0
0.424256 0
0.540603 0
0.950188 0
0.354268 0
0.491195 0
0.142811 0
0.784794 0
0.101742 0
0.093342 0
0.192876 0
0.081863 0
1.290184 0
0.088298 0
0.146789 0
0.986509 0
0.513648 0
0.085117 0
0.121073 0
1.259878 0
0.455495 0
0.337484 0
0.273818 0
1.875300 0
0.165883 0
0.408832 0
0.558798 0
0.254931 0
0.603409 0
0.498763 0
0.024034 0
0.035606 0
0.339694 0
1.148811 0
0.068946 0
0.287248 0
0.067629 0
0.099290 0
1.446294 0
0.073091 0
0.038348 0
0.005305 0
0.077655 0
0.210537 0
0.511343 0
0.233059 0
0.159114 0
1.769141 0
0.921835 0
0.418471 0
1.521751 0
1.069404 0
0.748243 0
0.118169 0
0.028007 0
0.048815 0
0.336370 0
0.107488 0
0.106655 0
0.193697 0
0.452013 0
0.094527 0
0.015644 0
0.426633 0
0.621290 0
0.046663 0
0.730022 0
0.304825 0
0.009486 0
0.040692 0
0.469414 0
0.142569 0
0.169750 0
0.288552 0
0.358622 0
0.230413 0
0.120609 0
0.313363 0
0.966520 0
0.684919 0
0.222204 0
0.885538 0
0.053798 0
0.010365 0
1.607164 0
0.422954 0
1.029089 0
0.185471 0
0.116869 0
0.260159 0
0.295714 0
0.892027 0
0.579104 0
0.361870 0
0.122218 0
0.195110 0
0.578175 0
0.019959 0
0.392830 0
0.840117 0
1.696375 0
0.325904 0
0.283883 0
0.401681 0
0.681054 0
0.403365 0
1.248505 0
0.972898 0
1.097789 0
0.182189 0
0.591097 0
0.281643 0
0.230692 0
0.030472 0
0.654683 0
0.588862 0
0.193795 0
0.167575 0
0.154157 0
0.109902 0
0.309571 0
0.851655 0
0.186119 0
0.539245 0
0.203195 0
0.016470 0
0.066416 0
0.541506 0
1.086817 0
0.327676 0
1.270678 0
0.449593 0
0.559128 0
0.522165 0
0.301077 0
0.381448 0
0.471630 0
0.386322 0
1.417257 0
0.206000 0
0.043071 0
1.213861 0
0.203164 0
0.019747 0
0.342219 0
0.197692 0
0.255125 0
0.205479 0
0.157406 0
0.118023 0
0.226741 0
0.537560 0
0.227695 0
0.322395 0
1.689327 0
0.277202 0
0.362996 0
1.470358 0
0.230454 0
0.055193 0
1.639270 0
0.007129 0
0.279584 0
0.173067 0
1.072775 0
0.359766 0
0.396776 0
0.100619 0
0.291867 0
0.236302 0
0.466315 0
0.155968 0
0.334285 0
0.400271 0
0.102043 0
0.384349 0
0.786172 0
0.064423 0
0.594092 0
0.903782 0
0.105576 0
1.225921 0
0.120089 0
0.277015 0
0.225173 0
0.053569 0
1.835195 0
0.722773 0
0.090927 0
0.149941 0
0.704627 0
0.455089 0
0.569703 0
0.735644 0
0.273739 0
0.786967 0
0.310607 0
0.032484 0
0.296305 0
0.338116 0
0.342279 0
0.091731 0
0.098461 0
1.335287 0
0.398537 0
0.402182 0
1.061641 0
0.247491 0
0.126155 0
0.280218 0
0.124533 0
0.383761 0
0.229028 0
0.538711 0
0.207714 0
0.219038 0
0.214452 0
0.212870 0
1.408324 0
0.030907 0
0.061323 0
1.455657 0
0.046004 0
0.210584 0
0.076093 0
0.068076 0
1.705421 0
0.770274 0
0.134798 0
1.680196 0
0.279809 0
0.787347 0
1.404375 0
0.639056 0
0.643087 0
0.279701 0
0.115438 0
1.656393 0
0.556245 0
1.724654 0
0.706135 0
1.632811 0
0.745362 0
0.261385 0
1.088229 0
0.108078 0
0.191765 0
0.425270 0
0.743035 0
1.027555 0
0.283453 0
0.233929 0
0.152031 0
1.371235 0
0.772702 0
0.189876 0
1.431192 0
0.374869 0
0.194990 0
0.096596 0
0.799164 0
0.338852 0
0.035652 0
0.082109 0
0.578227 0
0.241872 0
1.387529 0
0.341475 0
0.167829 0
0.191456 0
0.107597 0
0.556728 0
0.424973 0
1.558624 0
0.073533 0
1.442963 0
1.367489 0
0.790318 0
0.082841 0
0.099267 0
0.118148 0
0.705393 0
0.034452 0
0.433615 0
0.552648 0
0.602376 0
0.518515 0
0.045714 0
0.016587 0
0.556958 0
1.138584 0
0.089439 0
0.595164 0
0.630985 0
0.003335 0
0.587096 0
0.110921 0
1.514037 0
0.542491 0
1.062018 0
0.210038 0
0.023871 0
1.423151 0
0.991043 0
0.273350 0
1.222339 0
0.904559 0
0.491586 0
0.734209 0
0.022462 0
1.150230 0
0.820925 0
0.495938 0
0.096649 0
0.137393 0
0.844952 0
0.152299 0
0.286709 0
0.592420 0
0.144547 0
0.248217 0
0.091265 0
0.799143 0
0.085385 0
0.284856 0
0.302573 0
0.457499 0
0.003910 0
1.170036 0
0.561767 0
0.009205 0
1.830841 0
1.549116 0
0.111625 0
0.113948 0
0.426841 0
0.389014 0
0.252174 0
0.454164 0
0.165232 0
0.614692 0
0.477623 0
0.155599 0
0.344406 0
0.289501 0
1.941604 0
0.475854 0
0.087714 0
0.233702 0
0.953394 0
0.042314 0
1.407793 0
0.050576 0
1.080590 0
0.309168 0
0.555255 0
0.897516 0
1.203124 0
0.248750 0
0.525258 0
0.140386 0
0.506771 0
0.107365 0
0.078304 0
0.213676 0
0.192316 0
0.846482 0
0.105663 0
0.023522 0
0.620782 0
0.137321 0
0.179022 0
0.107623 0
0.613751 0
0.368059 0
0.041963 0
0.503746 0
0.399811 0
0.585299 0
0.293277 0
0.609524 0
0.082420 0
0.524089 0
0.373180 0
0.394035 0
0.031584 0
0.140231 0
0.654103 0
0.075675 0
0.426195 0
0.515833 0
0.039562 0
0.360698 0
0.911140 0
0.570442 0
0.123907 0
0.297945 0
0.080945 0
0.006953 0
0.430873 0
0.158234 0
0.122798 0
1.120645 0
0.690379 0
1.297412 0
0.102997 0
0.261021 0
0.740503 0
0.539802 0
0.608096 0
0.378739 0
0.564224 0
0.523856 0
0.107809 0
0.003596 0
0.156627 0
0.093697 0
0.128660 0
0.570416 0
0.540467 0
0.058040 0
0.781954 0
0.014428 0
1.150652 0
1.111737 0
0.522805 0
0.376837 0
0.310496 0
0.332047 0
0.070130 0
0.261209 0
0.128132 0
0.592223 0
0.129061 0
0.435180 0
0.359148 0
0.697068 0
1.504916 0
0.863675 0
0.055720 0
0.176192 0
0.361419 0
0.477885 0
0.109317 0
0.257190 0
0.460271 0
0.038376 0
0.308983 0
0.121765 0
0.112908 0
0.248635 0
0.716824 0
0.173628 0
0.538935 0
0.009899 0
0.081502 0
0.766515 0
0.096335 0
0.422011 0
0.237240 0
0.510502 0
0.261051 0
0.297159 0
0.111540 0
0.072474 0
1.250711 0
0.404686 0
0.138142 0
1.021477 0
0.708290 0
0.156105 0
0.236184 0
0.005323 0
0.392731 0
0.345877 0
0.405182 0
1.244104 0
0.010635 0
0.097760 0
2.129203 0
0.292914 0
0.854522 0
0.181304 0
0.000325 0
0.125056 0
1.606404 0
1.282372 0
0.568411 0
0.037181 0
0.252440 0
0.031067 0
0.570741 0
0.408838 0
0.206466 0
0.684928 0
0.130117 0
0.743646 0
0.251327 0
0.922848 0
1.051841 0
0.087880 0
0.497297 0
0.177835 0
0.208872 0
1.144581 0
1.301892 0
0.233280 0
1.585780 0
0.380254 0
0.574306 0
0.905859 0
1.031215 0
1.048436 0
0.038455 0
0.724950 0
0.091423 0
0.522828 0
0.537103 0
1.897890 0
0.958324 0
0.681493 0
0.905620 0
0.057638 0
0.109937 0
0.460151 0
0.727722 0
0.489191 0
0.353746 0
0.491089 0
0.009383 0
1.060093 0
0.682276 0
0.566055 0
0.065763 0
0.234808 0
1.137170 0
0.039614 0
0.335282 0
0.162658 0
0.475872 0
0.503305 0
1.304176 0
0.059877 0
0.089192 0
1.599107 0
0.172267 0
0.028576 0
1.122168 0
0.089518 0
0.250089 0
0.653186 0
0.109716 0
0.499336 0
1.119861 0
0.703210 0
0.549608 0
0.489906 0
1.444000 0
1.132923 0
0.304778 0
0.409334 0
0.114206 0
0.315086 0
0.570240 0
1.372572 0
0.346685 0
0.135524 0
0.430423 0
0.423300 0
0.528724 0
1.388119 0
0.402186 0
1.374391 0
0.377544 0
0.364554 0
1.567773 0
0.953074 0
0.862745 0
1.196515 0
0.712881 0
0.987098 0
0.724352 0
0.103290 0
1.390676 0
0.120366 0
0.758971 0
0.115006 0
0.423267 0
0.452166 0
0.137278 0
0.228946 0
0.102638 0
0.443235 0
0.259457 0
1.340135 0
0.782034 0
0.208536 0
0.052973 0
0.786989 0
0.900102 0
0.282023 0
0.544527 0
0.553833 0
0.706101 0
1.465778 0
0.697270 0
0.290325 0
0.104903 0
0.179037 0
0.362543 0
0.234916 0
0.122836 0
0.024341 0
0.172385 0
1.439461 0
0.259018 0
0.102268 0
1.385100 0
0.250124 0
0.277539 0
0.187119 0
0.267259 0
0.287980 0
0.553427 0
1.402629 0
0.217417 0
0.281413 0
0.321062 0
0.699467 0
0.343081 0
0.771410 0
0.883084 0
0.885110 0
1.574890 0
0.207267 0
0.138323 0
1.084871 0
0.056394 0
0.269854 0
0.009368 0
0.068979 0
0.843658 0
0.327227 0
0.308992 0
0.077709 0
1.410786 0
0.816110 0
0.180731 0
0.179926 0
0.065411 0
0.982624 0
0.932565 0
0.180668 0
0.277878 0
0.570616 0
0.097814 0
0.544367 0
0.617074 0
0.984271 0
0.974573 0
0.224184 0
1.132257 0
0.101130 0
0.502047 0
0.044771 0
0.127542 0
1.032366 0
0.125137 0
0.889433 0
1.496622 0
0.525517 0
0.120250 0
0.057131 0
0.452239 0
0.431351 0
0.550478 0
0.512845 0
0.242905 0
0.286130 0
0.242020 0
0.067347 0
0.909889 0
0.083680 0
0.030725 0
0.015998 0
0.261709 0
0.543254 0
0.362949 0
1.540035 0
1.120863 0
0.375701 0
0.088273 0
0.104697 0
1.534987 0
0.517655 0
0.413127 0
0.772814 0
0.167969 0
1.105006 0
0.802426 0
0.728028 0
0.834643 0
1.618992 0
0.204896 0
1.085833 0
0.043597 0
0.096535 0
0.026626 0
1.490416 0
0.111843 0
0.575097 0
0.129791 0
0.714329 0
0.701881 0
0.426000 0
0.258787 0
0.002650 0
0.054872 0
0.506877 0
0.672370 0
0.259009 0
1.376796 0
1.406544 0
0.912166 0
0.048967 0
0.477394 0
0.373113 0
0.512649 0
0.111743 0
0.722106 0
0.395573 0
0.477953 0
1.134286 0
0.823566 0
0.078856 0
0.120792 0
0.299860 0
0.080417 0
0.053381 0
1.186776 0
0.073330 0
0.548176 0
0.963550 0
0.930840 0
0.948971 0
0.227234 0
0.520678 0
0.460504 0
0.172204 0
0.631025 0
0.102819 0
0.682352 0
0.190257 0
0.269719 0
0.079217 0
0.544237 0
0.117212 0
0.052077 0
0.259170 0
1.005858 0
0.479285 0
0.325575 0
0.178962 0
0.140403 0
0.454679 0
0.415301 0
0.039799 0
0.024783 0
0.326640 0
0.043190 0
0.073449 0
1.549062 0
1.013148 0
0.868428 0
0.326861 0
1.678001 0
0.163607 0
0.727495 0
0.259577 0
0.456774 0
1.293193 0
0.378401 0
0.039784 0
0.100965 0
0.612478 0
0.529567 0
1.377510 0
0.046728 0
0.765475 0
0.088713 0
0.425499 0
0.281673 0
1.070683 0
1.424975 0
0.725890 0
0.556317 0
0.429262 0
0.391205 0
0.047854 0
0.541912 0
0.112085 0
0.648953 0
0.351826 0
0.722027 0
0.261870 0
0.162438 0
0.212999 0
0.428101 0
0.030161 0
0.966107 0
0.033512 0
1.128072 0
1.040683 0
0.148239 0
0.299169 0
0.259009 0
0.842957 0
0.084827 0
0.444729 0
0.069333 0
0.779617 0
0.161932 0
0.495216 0
1.338524 0
0.022847 0
0.561498 0
0.358014 0
0.765201 0
0.667319 0
1.419189 0
0.123103 0
0.058436 0
0.099253 0
0.362219 0
0.266207 0
0.419362 0
0.544812 0
0.687465 0
2.039931 0
0.334380 0
0.292217 0
0.145452 0
0.428287 0
0.071488 0
0.571217 0
0.323259 0
0.688981 0
0.372750 0
0.159727 0
0.981787 0
0.835365 0
0.247575 0
0.274616 0
0.046138 0
0.663741 0
0.546399 0
0.123958 0
0.292912 0
0.961229 0
0.122895 0
0.414568 0
0.063285 0
0.387158 0
0.014207 0
0.348892 0
0.288489 0
0.039794 0
0.311650 0
0.248362 0
0.004227 0
0.021319 0
1.457791 0
0.766211 0
0.777772 0
0.043748 0
0.182241 0
1.175702 0
0.061523 0
0.207483 0
0.103206 0
0.087091 0
1.394550 0
1.052059 0
1.701487 0
1.307447 0
0.096738 0
0.618063 0
0.158094 0
0.391700 0
0.454155 0
0.634965 0
0.241602 0
0.117895 0
0.141286 0
0.045244 0
0.433749 0
0.023051 0
0.588739 0
0.130167 0
0.943712 0
0.200397 0
0.655913 0
0.757288 0
0.125200 0
0.866299 0
0.202363 0
0.071189 0
0.462647 0
0.380161 0
0.103618 0
1.853563 0
0.130464 0
0.408939 0
0.342586 0
1.520143 0
0.774212 0
0.450694 0
0.155480 0
0.038757 0
0.073807 0
0.193429 0
0.927229 0
0.195837 0
0.816753 0
0.023745 0
0.036306 0
0.001512 0
0.305599 0
0.369047 0
0.150666 0
0.250388 0
0.145307 0
0.770584 0
0.114692 0
0.111647 0
1.386432 0
0.182464 0
0.889531 0
0.067936 0
1.100738 0
0.699001 0
0.316256 0
0.018136 0
1.170927 0
0.392293 0
0.428734 0
0.669425 0
0.089136 0
0.049288 0
0.958948 0
0.658987 0
0.037930 0
0.280482 0
0.549439 0
0.118011 0
0.455590 0
0.415690 0
0.046415 0
1.253967 0
0.171560 0
0.349488 0
0.008406 0
0.317435 0
0.666584 0
0.883243 0
0.685909 0
1.455936 0
0.068684 0
0.055193 0
0.017818 0
0.202102 0
0.342393 0
0.837279 0
0.404515 0
0.698969 0
0.309300 0
0.317103 0
1.008305 0
0.101290 0
0.205114 0
0.146121 0
0.183209 0
0.164306 0
0.046924 0
1.319104 0
1.372353 0
0.451867 0
0.062888 0
0.473118 0
0.090602 0
0.356805 0
0.297903 0
0.112312 0
1.487972 0
0.158158 0
0.181899 0
0.231732 0
0.558822 0
0.375823 0
1.282477 0
0.036334 0
0.751425 0
1.478209 0
0.942708 0
0.054122 0
0.186986 0
0.069977 0
0.028738 0
0.154906 0
0.197564 0
0.127123 0
0.009649 0
0.153412 0
0.131882 0
0.352323 0
0.759472 0
1.374804 0
0.005188 0
0.374238 0
0.494429 0
1.711853 0
1.485633 0
0.295618 0
0.532709 0
0.418289 0
0.030183 0
0.196148 0
0.009441 0
0.310449 0
0.226856 0
0.115214 0
0.050205 0
1.446036 0
0.396102 0
0.640492 0
0.072333 0
0.040817 0
0.341548 0
1.485336 0
0.515653 0
0.884334 0
0.039989 0
0.012021 0
0.097267 0
0.223363 0
1.492692 0
0.464771 0
0.408614 0
0.350121 0
1.435483 0
0.297649 0
1.474648 0
0.683279 0
0.763413 0
0.482985 0
0.734841 0
0.127633 0
0.510423 0
0.073410 0
1.568952 0
0.929041 0
1.107740 0
0.224281 0
0.300106 0
0.030473 0
0.566271 0
1.176366 0
1.295603 0
0.685477 0
0.060539 0
0.134951 0
0.056048 0
1.285979 0
0.863713 0
0.008186 0
0.012182 0
0.651060 0
1.421648 0
0.453669 0
0.421359 0
1.200410 0
0.708132 0
0.223326 0
0.414450 0
0.177410 0
0.066317 0
0.692281 0
0.372723 0
0.060082 0
0.189212 0
0.603256 0
0.303095 0
0.412922 0
0.005953 0
0.049930 0
0.492056 0
0.515573 0
0.666349 0
1.014596 0
1.092122 0
0.171441 0
0.690565 0
0.626500 0
0.090877 0
1.073884 0
0.995960 0
0.241617 0
0.103185 0
0.338480 0
1.371733 0
0.097608 0
0.228532 0
0.850865 0
0.472867 0
1.194155 0
0.496002 0
1.801209 0
0.477397 0
0.171625 0
1.539541 0
0.162149 0
0.045719 0
0.585220 0
0.089952 0
0.201874 0
0.328016 0
0.494149 0
0.525869 0
0.028284 0
1.507418 0
0.194183 0
0.968367 0
0.449495 0
0.069480 0
1.398833 0
1.563983 0
0.373469 0
0.955747 0
1.418083 0
0.179704 0
0.047239 0
0.468101 0
1.190658 0
0.068270 0
0.073796 0
0.576105 0
0.249043 0
0.476893 0
0.040384 0
0.596229 0
0.200310 0
0.094293 0
0.294708 0
0.693141 0
1.464427 0
0.674307 0
0.746171 0
0.396646 0
0.058592 0
0.439743 0
0.027008 0
0.407868 0
0.460116 0
0.331535 0
0.233616 0
0.058635 0
0.532158 0
0.559879 0
0.253812 0
0.670642 0
0.480928 0
0.364676 0
0.534319 0
0.318013 0
0.071087 0
0.018518 0
0.378849 0
0.328983 0
0.174837 0
0.363230 0
0.162717 0
0.127966 0
0.537188 0
0.519634 0
0.079394 0
0.588891 0
0.130972 0
0.170498 0
0.760213 0
1.373204 0
0.063195 0
0.490341 0
0.916435 0
0.087838 0
1.326792 0
0.614906 0
0.057573 0
0.011796 0
1.522500 0
1.617692 0
0.824482 0
0.689161 0
0.670325 0
1.895078 0
0.668597 0
0.190625 0
0.364049 0
0.061293 0
0.946337 0
1.237252 0
0.797022 0
0.023996 0
0.139190 0
0.428452 0
0.580314 0
0.666261 0
0.313083 0
0.978777 0
0.259831 0
0.860086 0
0.039045 0
0.732436 0
0.737798 0
0.124607 0
0.250928 0
0.179367 0
0.149834 0
1.448287 0
0.257892 0
0.766525 0
0.086540 0
0.220369 0
0.237464 0
0.899710 0
1.166898 0
0.196862 0
0.015063 0
1.366361 0
0.437802 0
0.199126 0
0.092192 0
0.027852 0
0.816108 0
0.046851 0
0.205946 0
0.291352 0
0.940450 0
0.329457 0
0.747348 0
0.102807 0
0.286838 0
0.033820 0
0.370814 0
0.284882 0
0.171464 0
0.977909 0
0.051660 0
1.366636 0
0.303840 0
0.242271 0
0.504188 0
2.250082 0
0.076947 0
0.129800 0
0.352718 0
0.010365 0
0.251217 0
0.150122 0
0.713905 0
1.729297 0
0.338489 0
1.200991 0
1.311013 0
0.459731 0
1.617698 0
0.346577 0
0.625680 0
0.283907 0
0.591228 0
0.663589 0
0.492922 0
0.899992 0
0.140274 0
0.373652 0
0.031913 0
0.782288 0
0.612342 0
0.012342 0
1.701023 0
0.072871 0
0.485733 0
0.278790 0
0.880441 0
0.027223 0
0.050628 0
0.070349 0
0.905785 0
1.350756 0
1.369860 0
0.010104 0
1.534241 0
0.552391 0
0.242778 0
0.546653 0
0.215645 0
0.387823 0
0.633565 0
0.339587 0
0.051033 0
0.714647 0
0.093559 0
0.056750 0
0.489628 0
0.120690 0
1.591400 0
0.038303 0
1.457616 0
0.095815 0
0.071603 0
0.266248 0
0.102857 0
0.435502 0
0.091229 0
0.131572 0
0.683718 0
0.576719 0
0.123537 0
0.365805 0
0.313461 0
0.538388 0
1.794359 0
0.371218 0
0.183852 0
1.385117 0
0.695417 0
0.013234 0
0.908368 0
0.203604 0
0.087283 0
0.169357 0
1.100994 0
0.063285 0
0.792898 0
0.629804 0
0.031009 0
0.444308 0
0.191486 0
0.798938 0
0.024279 0
1.748251 0
0.784888 0
0.840726 0
0.055168 0
0.109655 0
0.160594 0
0.212285 0
0.361479 0
0.378264 0
0.003824 0
0.010159 0
0.475073 0
0.893010 0
0.397937 0
0.894122 0
0.059591 0
1.047164 0
0.200185 0
1.097441 0
0.610443 0
0.583039 0
1.311343 0
0.546071 0
0.042868 0
1.387574 0
0.472662 0
0.023390 0
0.484216 0
0.616951 0
0.861834 0
1.927040 0
1.389719 0
0.596368 0
0.127863 0
0.581784 0
0.207997 0
0.011575 0
1.336893 0
1.490561 0
0.420424 0
0.265199 0
1.045919 0
0.523623 0
0.506175 0
0.916594 0
0.115858 0
0.867162 0
0.170603 0
0.068128 0
0.607878 0
1.459839 0
1.424592 0
0.166329 0
0.292007 0
0.134750 0
0.601964 0
0.072667 0
0.064277 0
0.190291 0
1.006048 0
0.154747 0
0.197972 0
0.233720 0
0.180915 0
1.497376 0
0.901997 0
0.467686 0
0.880069 0
0.532942 0
0.497578 0
0.002461 0
0.470703 0
0.706951 0
0.496848 0
0.183338 0
1.460073 0
1.366686 0
0.378412 0
0.172013 0
0.686793 0
0.274186 0
1.104684 0
1.391314 0
0.165270 0
0.166851 0
0.037385 0
0.439814 0
0.331717 0
0.675516 0
0.114282 0
0.633716 0
0.170728 0
0.655403 0
0.225679 0
0.426475 0
0.555184 0
0.079032 0
0.729217 0
0.177327 0
0.202442 0
0.253600 0
1.270237 0
0.072017 0
0.284206 0
0.225054 0
0.421412 0
0.711622 0
0.967127 0
0.129077 0
0.093936 0
0.128339 0
0.178073 0
0.525589 0
0.475896 0
0.074302 0
0.112823 0
0.247578 0
0.905474 0
0.618761 0
0.027677 0
0.357380 0
0.372106 0
0.202402 0
0.087709 0
1.386226 0
0.262329 0
1.146160 0
0.149324 0
0.133725 0
1.098206 0
0.576257 0
0.613542 0
0.116132 0
0.036465 0
0.533226 0
0.147899 0
0.819002 0
1.387760 0
0.650702 0
0.152948 0
1.669765 0
0.569763 0
1.484197 0
0.151886 0
0.418167 0
0.821639 0
0.446193 0
0.598311 0
0.023147 0
0.656570 0
0.537094 0
0.210365 0
1.059207 0
0.407611 0
0.237296 0
0.996947 0
0.341145 0
0.228182 0
0.079345 0
0.819389 0
0.130118 0
0.994668 0
0.229695 0
0.288274 0
0.269242 0
0.921066 0
0.643727 0
0.111799 0
0.182316 0
0.940441 0
0.010767 0
0.766819 0
0.132124 0
0.160280 0
0.437085 0
0.825753 0
1.377476 0
0.089391 0
0.642211 0
0.300183 0
0.357751 0
1.257347 0
0.181748 0
0.236580 0
0.460332 0
0.197198 0
1.456493 0
1.128500 0
0.085576 0
0.262025 0
0.627813 0
1.561615 0
0.022470 0
1.362192 0
0.002762 0
0.663946 0
1.236505 0
0.374626 0
0.373789 0
0.383093 0
0.344575 0
0.302099 0
0.019778 0
0.145649 0
0.097770 0
0.258561 0
0.733293 0
0.148037 0
0.084444 0
0.394949 0
0.072716 0
0.191855 0
0.141635 0
0.256457 0
0.575688 0
0.613027 0
0.268841 0
0.201099 0
0.354948 0
0.100775 0
0.288219 0
0.428054 0
0.250703 0
0.486971 0
0.582648 0
1.131971 0
0.756407 0
0.254866 0
0.641230 0
0.122166 0
0.084705 0
0.398592 0
0.025302 0
1.017054 0
0.016621 0
0.327615 0
0.146263 0
0.141534 0
0.162954 0
0.104616 0
0.334471 0
0.720950 0
1.205679 0
0.349302 0
0.043870 0
0.063786 0
0.180093 0
0.092811 0
0.327591 0
0.211893 0
0.212704 0
0.083153 0
0.501807 0
0.581399 0
1.234976 0
0.069992 0
0.135513 0
0.716879 0
0.006840 0
0.008614 0
0.879120 0
0.068162 0
0.167772 0
0.433264 0
0.046097 0
1.155408 0
0.435563 0
0.121447 0
0.029748 0
0.035264 0
0.154005 0
0.233227 0
0.448640 0
0.250999 0
1.453458 0
1.031908 0
0.255776 0
0.014005 0
0.655651 0
1.006931 0
0.902029 0
2.002311 0
0.546223 0
0.281125 0
0.518360 0
0.441464 0
0.801711 0
0.256833 0
0.626750 0
0.029001 0
0.366194 0
0.629751 0
1.624037 0
0.270327 0
0.246381 0
0.020967 0
0.883922 0
0.192421 0
0.627967 0
0.204855 0
0.035280 0
0.012853 0
0.393230 0
1.064108 0
0.237687 0
0.653625 0
1.327215 0
0.065793 0
0.048652 0
0.587288 0
0.241411 0
0.743338 0
0.199584 0
0.069053 0
0.263198 0
0.341663 0
0.418221 0
0.328704 0
0.605202 0
0.092959 0
0.111381 0
1.097113 0
0.402331 0
0.062403 0
0.895918 0
0.559450 0
0.599305 0
0.114593 0
0.703628 0
0.266191 0
0.277371 0
0.183426 0
0.771097 0
0.386378 0
1.339723 0
0.065091 0
1.236335 0
0.448354 0
0.645719 0
0.116868 0
0.283891 0
0.285184 0
0.573285 0
0.108410 0
0.168467 0
0.125502 0
1.060802 0
0.263639 0
0.349356 0
0.259367 0
0.927895 0
0.526405 0
1.219301 0
1.801028 0
0.089695 0
0.239863 0
1.210815 0
0.701821 0
0.738019 0
0.248676 0
0.055687 0
0.074374 0
0.067265 0
0.986938 0
0.632236 0
0.964414 0
0.730670 0
0.018785 0
0.198494 0
1.854668 0
0.201344 0
0.062951 0
0.015635 0
0.290192 0
0.442493 0
0.804418 0
0.108552 0
0.047478 0
0.259329 0
0.009356 0
0.509035 0
0.063365 0
0.153467 0
1.102049 0
0.581604 0
0.014691 0
0.150938 0
0.012234 0
0.235282 0
1.040209 0
0.951573 0
0.158826 0
0.341510 0
0.425554 0
0.721132 0
0.502082 0
0.028412 0
0.175276 0
0.230213 0
0.240163 0
1.418132 0
0.021960 0
0.390780 0
0.012493 0
0.011789 0
0.942481 0
1.419029 0
0.108400 0
0.512733 0
0.096496 0
0.120894 0
0.612155 0
0.302025 0
0.094139 0
0.337406 0
0.418442 0
0.029413 0
0.070705 0
0.190578 0
0.137266 0
0.435003 0
0.423649 0
0.412319 0
0.828872 0
0.118093 0
0.121708 0
0.299649 0
0.178547 0
1.261278 0
0.158736 0
0.678087 0
0.937108 0
0.491079 0
0.259654 0
0.800063 0
0.283362 0
0.601135 0
1.005985 0
0.045573 0
0.186169 0
0.023885 0
0.478922 0
0.036877 0
0.343543 0
1.229339 0
0.613487 0
0.794482 0
0.968189 0
0.196701 0
0.591290 0
0.274145 0
0.590043 0
0.439338 0
0.479008 0
0.109663 0
0.662007 0
0.889501 0
0.493020 0
0.623621 0
0.415532 0
0.514659 0
0.606189 0
0.808986 0
0.315226 0
0.474913 0
1.338461 0
0.175128 0
1.379219 0
0.849913 0
0.491060 0
0.355659 0
0.054071 0
0.657325 0
0.703095 0
0.943122 0
0.474290 0
1.857886 0
0.504550 0
0.023106 0
0.006614 0
0.259497 0
0.339761 0
0.430623 0
0.612652 0
0.467268 0
0.458710 0
0.232330 0
0.120800 0
0.456736 0
0.574349 0
0.155715 0
0.407759 0
0.003035 0
0.349325 0
0.818125 0
0.147752 0
0.286838 0
0.082941 0
0.198089 0
0.026169 0
0.413816 0
0.659802 0
0.308514 0
0.879655 0
0.034240 0
0.173738 0
0.602617 0
0.563786 0
0.346387 0
0.557105 0
1.505097 0
1.187263 0
0.181221 0
0.064631 0
0.179931 0
0.809619 0
0.725095 0
0.531677 0
0.519941 0
0.028010 0
1.010190 0
0.183307 0
0.027714 0
0.169359 0
0.496955 0
1.590242 0
0.035579 0
0.953095 0
1.423201 0
0.468836 0
0.960951 0
0.055162 0
0.053472 0
0.845803 0
0.986530 0
1.369490 0
0.266953 0
0.451860 0
1.257022 0
0.123138 0
0.438373 0
0.017057 0
0.294072 0
0.371503 0
0.234541 0
0.194622 0
0.758969 0
0.102817 0
0.136064 0
0.006994 0
0.764902 0
0.431572 0
0.056484 0
0.846530 0
0.172044 0
0.629743 0
0.456636 0
0.245061 0
0.504751 0
0.755597 0
0.431731 0
0.059699 0
0.804729 0
0.214140 0
0.057861 0
0.578694 0
0.065737 0
0.067698 0
0.112169 0
1.542379 0
0.539741 0
0.729114 0
0.237682 0
0.403776 0
0.489069 0
0.044116 0
0.019092 0
0.129318 0
0.449556 0
0.497126 0
0.376251 0
0.087816 0
0.141598 0
0.104500 0
0.287500 0
0.275778 0
0.233586 0
1.203789 0
1.587183 0
0.523891 0
0.083603 0
0.253313 0
0.210639 0
0.027282 0
1.421009 0
0.089585 0
0.126884 0
0.160761 0
0.172104 0
0.615515 0
0.387477 0
0.437108 0
0.028681 0
0.467163 0
0.127009 0
0.826440 0
1.572515 0
0.167803 0
0.361130 0
0.225134 0
0.405580 0
0.697314 0
1.695320 0
0.560250 0
0.420817 0
0.058291 0
0.419060 0
1.496068 0
0.907594 0
0.368701 0
1.596193 0
0.416935 0
0.201054 0
0.055460 0
1.343460 0
0.294097 0
0.325639 0
1.107591 0
0.703395 0
0.778438 0
0.378519 0
0.476273 0
1.493452 0
0.087529 0
0.026026 0
0.077955 0
0.149810 0
0.153010 0
0.171173 0
0.243230 0
0.129117 0
1.126056 0
0.269851 0
0.273188 0
0.510373 0
0.468555 0
0.026435 0
0.712208 0
0.407965 0
0.307660 0
1.112035 0
0.085049 0
0.562482 0
0.072499 0
0.565074 0
0.029601 0
0.336818 0
0.510330 0
1.455170 0
0.740092 0
1.505857 0
0.181809 0
0.519906 0
0.751426 0
0.056943 0
0.022151 0
0.205784 0
1.152998 0
0.193414 0
0.345976 0
1.020165 0
0.215116 0
0.145430 0
0.461587 0
0.047746 0
0.662748 0
0.211642 0
0.619774 0
0.198239 0
1.300432 0
0.100817 0
0.236304 0
0.102897 0
1.035245 0
0.426575 0
0.072496 0
0.472297 0
0.719264 0
0.178741 0
0.319002 0
1.005366 0
0.199548 0
0.346820 0
0.461284 0
1.293632 0
0.305792 0
0.153320 0
0.933786 0
0.253929 0
0.930443 0
0.368282 0
0.121500 0
0.465003 0
0.625602 0
1.360065 0
0.334195 0
0.155991 0
1.498096 0
0.364211 0
0.065896 0
0.545293 0
0.184166 0
0.256111 0
1.212279 0
0.711677 0
0.268176 0
0.622642 0
0.100782 0
0.113791 0
0.024196 0
1.556605 0
0.125045 0
0.019268 0
0.583363 0
1.043180 0
0.448549 0
0.225889 0
0.055148 0
0.302861 0
0.093357 0
1.200197 0
0.320072 0
0.371050 0
0.004565 0
0.529403 0
0.545217 0
1.144419 0
0.030964 0
0.052657 0
0.197037 0
0.195788 0
0.271525 0
1.038785 0
0.255830 0
0.558751 0
1.268725 0
0.256763 0
0.323344 0
0.291480 0
0.527155 0
1.176285 0
0.658638 0
0.298477 0
0.359699 0
0.307121 0
0.512017 0
0.302656 0
1.286989 0
0.471844 0
0.451663 0
0.877946 0
1.326985 0
0.363801 0
0.857421 0
0.381168 0
0.755104 0
0.042942 0
0.106055 0
0.587176 0
0.146904 0
0.242850 0
0.285240 0
1.731532 0
0.211683 0
0.213883 0
0.106435 0
0.478511 0
0.854813 0
0.979518 0
0.067718 0
0.007401 0
0.879703 0
0.415412 0
0.496010 0
0.056990 0
0.068698 0
0.155399 0
0.312498 0
0.643925 0
0.168945 0
0.804681 0
0.463011 0
0.301503 0
0.090765 0
1.063933 0
1.416678 0
0.884579 0
0.446487 0
0.549942 0
0.070912 0
0.005951 0
0.047177 0
0.137151 0
0.006944 0
0.023113 0
0.187826 0
0.358048 0
0.318910 0
0.488479 0
0.298891 0
1.072441 0
0.058036 0
0.793571 0
0.193805 0
0.463823 0
0.205873 0
0.127746 0
0.222374 0
0.226045 0
0.495245 0
0.760824 0
0.731500 0
0.345423 0
0.075603 0
0.058031 0
0.169798 0
0.716618 0
0.082247 0
0.952063 0
0.959925 0
1.316566 0
0.085774 0
0.337585 0
0.425621 0
0.138294 0
0.539273 0
0.474743 0
0.128004 0
0.128175 0
0.157510 0
0.925423 0
1.157553 0
0.042960 0
0.066414 0
0.050705 0
1.142576 0
0.173889 0
0.320486 0
0.860942 0
0.023736 0
0.130615 0
0.557974 0
1.577868 0
0.449139 0
1.467800 0
0.056061 0
0.096668 0
0.449916 0
0.074482 0
1.171712 0
0.019734 0
0.024397 0
0.803716 0
0.038435 0
0.363537 0
1.402779 0
0.517815 0
0.080592 0
0.078999 0
0.321015 0
1.595242 0
0.598126 0
0.303229 0
0.352030 0
0.383206 0
0.177393 0
0.641417 0
0.001228 0
0.107071 0
0.055231 0
0.205852 0
0.410086 0
0.173825 0
0.516987 0
0.339483 0
0.293696 0
0.302000 0
0.044551 0
0.160498 0
0.320460 0
0.546238 0
0.722495 0
0.455129 0
0.606260 0
0.337523 0
0.227881 0
0.295224 0
0.282427 0
1.557717 0
0.339579 0
0.126292 0
0.648357 0
0.174827 0
0.031463 0
0.612249 0
0.311546 0
0.026138 0
0.751844 0
1.002261 0
0.579834 0
0.406161 0
0.278372 0
0.417527 0
1.298469 0
0.576211 0
0.015101 0
0.110224 0
0.692951 0
0.850837 0
0.213563 0
1.515941 0
1.361390 0
1.601588 0
0.103553 0
0.279430 0
0.329450 0
0.054329 0
1.029034 0
0.480604 0
0.108970 0
0.711959 0
0.320090 0
0.322167 0
0.638349 0
0.254443 0
0.283887 0
0.067315 0
0.536171 0
0.876023 0
1.044526 0
0.056494 0
0.075552 0
0.124483 0
0.614940 0
0.549712 0
0.003509 0
0.298102 0
0.036884 0
0.421228 0
0.096745 0
0.362170 0
0.397158 0
0.059846 0
0.272151 0
0.364473 0
0.812114 0
0.708784 0
0.059188 0
1.207040 0
1.139965 0
0.420286 0
0.422929 0
0.631174 0
1.044691 0
0.417991 0
1.440434 0
0.458060 0
0.436584 0
0.064025 0
0.521905 0
0.067098 0
0.358020 0
0.472280 0
1.268342 0
0.719832 0
0.503146 0
0.029887 0
0.641861 0
0.112868 0
0.488124 0
0.638966 0
0.447604 0
0.231484 0
0.236908 0
0.204382 0
0.089050 0
1.113680 0
0.570448 0
1.211728 0
0.073155 0
0.124033 0
0.126929 0
0.184156 0
0.419775 0
0.629792 0
0.041613 0
0.278212 0
0.104891 0
0.282691 0
0.265439 0
1.520393 0
0.267052 0
0.580056 0
1.262807 0
0.359163 0
0.431481 0
1.440627 0
0.540691 0
0.129886 0
0.190337 0
0.710309 0
0.016587 0
0.186582 0
1.379228 0
0.095880 0
0.125431 0
0.082614 0
0.657012 0
0.305130 0
1.402148 0
0.318058 0
0.269721 0
0.363529 0
0.051355 0
0.259561 0
0.121980 0
0.958861 0
0.062061 0
0.338171 0
0.039601 0
0.328223 0
0.138160 0
0.131224 0
1.610874 0
0.018441 0
0.666087 0
0.311050 0
0.379315 0
0.133707 0
0.152850 0
0.404653 0
0.750695 0
0.066820 0
0.128773 0
0.269436 0
0.082237 0
0.535818 0
0.085151 0
0.299033 0
1.397324 0
0.374805 0
0.340406 0
0.333758 0
0.250618 0
0.249883 0
1.413678 0
1.060381 0
0.331311 0
1.371917 0
0.955382 0
0.113062 0
1.377315 0
0.259387 0
0.290719 0
0.616057 0
1.649317 0
0.038154 0
0.121352 0
0.744862 0
0.048229 0
0.357981 0
0.065852 0
0.117886 0
0.442195 0
0.135781 0
0.631095 0
0.008983 0
0.212879 0
0.428169 0
1.595560 0
1.447798 0
0.603727 0
0.257066 0
0.001338 0
1.151197 0
0.328515 0
0.104373 0
0.171765 0
0.030768 0
0.698776 0
0.560199 0
1.479597 0
0.912896 0
0.111893 0
0.216855 0
0.067853 0
0.358549 0
1.562732 0
0.700644 0
0.245917 0
0.279706 0
0.187321 0
0.328389 0
0.911532 0
0.339340 0
0.050339 0
0.312878 0
0.037029 0
0.045882 0
0.196670 0
0.057993 0
0.885927 0
1.568230 0
1.191756 0
0.066529 0
0.146496 0
0.594251 0
1.705149 0
0.098724 0
0.645932 0
1.322420 0
1.630720 0
0.176511 0
0.182093 0
0.017566 0
0.903735 0
0.861500 0
0.017321 0
0.448181 0
0.664628 0
0.814077 0
0.384143 0
0.086178 0
0.128414 0
0.147755 0
0.412940 0
0.227384 0
0.428227 0
0.587422 0
0.170691 0
0.210410 0
1.166346 0
1.075758 0
0.997699 0
1.153480 0
1.201265 0
0.620669 0
1.414561 0
0.338055 0
0.138996 0
0.185341 0
1.564151 0
0.403986 0
0.152008 0
0.661565 0
0.515200 0
0.168863 0
0.078042 0
1.806075 0
0.915008 0
0.580275 0
0.066974 0
0.486754 0
0.224097 0
0.239420 0
0.527738 0
0.130427 0
1.014651 0
0.026759 0
0.853788 0
0.631974 0
0.418961 0
0.707249 0
0.152567 0
0.224146 0
0.584992 0
1.847630 0
0.133728 0
0.267658 0
0.014043 0
0.983617 0
0.036597 0
0.504177 0
0.161702 0
0.140882 0
0.314311 0
0.214886 0
0.456299 0
0.166494 0
1.504442 0
0.779638 0
1.339117 0
0.870980 0
0.021251 0
0.065459 0
0.201713 0
0.167664 0
0.396874 0
0.263935 0
1.136565 0
0.414188 0
0.564438 0
0.159354 0
0.141654 0
0.324889 0
0.381333 0
0.014346 0
0.215059 0
1.288236 0
0.546773 0
0.162917 0
0.601823 0
0.110676 0
0.315725 0
0.320307 0
0.386037 0
0.168260 0
0.459820 0
0.139023 0
1.263722 0
1.448320 0
0.256684 0
0.199270 0
1.590490 0
0.106749 0
0.478222 0
0.569441 0
0.411202 0
1.590551 0
0.166469 0
0.192573 0
0.791172 0
0.793696 0
0.172219 0
0.422790 0
0.723047 0
0.588847 0
1.575342 0
1.638548 0
0.058147 0
0.016487 0
1.469213 0
1.017735 0
0.374362 0
0.040067 0
0.658206 0
0.038374 0
0.500606 0
1.789410 0
1.285438 0
0.321049 0
1.161984 0
0.347545 0
0.068011 0
0.903408 0
0.150697 0
0.002083 0
0.630103 0
0.607052 0
0.016131 0
0.695571 0
0.276391 0
0.068327 0
0.089762 0
0.271883 0
0.623558 0
0.200302 0
0.796597 0
0.003209 0
0.894802 0
0.344344 0
0.432532 0
0.153684 0
1.273105 0
0.999113 0
0.054536 0
0.065080 0
0.205256 0
0.140365 0
0.013044 0
0.118531 0
0.938384 0
1.450427 0
0.595583 0
0.264303 0
0.415369 0
0.036633 0
0.152379 0
0.331243 0
0.490379 0
1.265051 0
1.264297 0
0.318183 0
0.514016 0
0.322545 0
0.016277 0
0.173748 0
0.164353 0
1.320840 0
0.074445 0
0.177521 0
0.134136 0
0.048861 0
0.277093 0
0.459347 0
0.994710 0
1.160084 0
0.434549 0
0.079371 0
0.051862 0
0.218605 0
0.176480 0
0.133760 0
0.356767 0
0.105468 0
0.160111 0
0.670742 0
0.152581 0
0.838005 0
0.101441 0
0.066867 0
0.106849 0
0.723668 0
0.180854 0
0.290561 0
0.669567 0
0.166979 0
0.761794 0
0.088913 0
0.149684 0
0.415313 0
0.333954 0
0.016943 0
0.403562 0
0.013301 0
0.190859 0
0.777049 0
1.205142 0
0.145144 0
0.525579 0
0.444694 0
0.436432 0
0.747351 0
1.364020 0
0.723439 0
0.321565 0
0.116001 0
1.156035 0
0.086307 0
0.517768 0
0.015817 0
0.294771 0
0.600618 0
0.272890 0
0.021587 0
0.339062 0
0.809264 0
1.073441 0
0.163656 0
0.068215 0
0.719319 0
0.160352 0
0.226729 0
1.419050 0
1.450335 0
0.294757 0
0.209443 0
0.029436 0
0.008679 0
0.176004 0
1.067424 0
0.440372 0
0.188588 0
0.024947 0
1.039900 0
1.186160 0
0.309291 0
0.397184 0
0.298979 0
1.015774 0
0.350622 0
0.073353 0
0.673699 0
0.294091 0
0.515799 0
0.068485 0
0.404014 0
0.019028 0
0.837190 0
0.707183 0
0.064668 0
0.415861 0
0.509347 0
0.095488 0
0.335938 0
0.369026 0
0.143870 0
1.010910 0
0.430789 0
0.091072 0
1.487913 0
0.155946 0
0.321126 0
1.503208 0
0.088714 0
0.339322 0
0.520504 0
0.825314 0
0.200362 0
0.124504 0
0.131581 0
0.246999 0
0.810663 0
0.386891 0
0.046556 0
0.039520 0
0.116567 0
0.208040 0
0.141475 0
1.190796 0
0.384918 0
0.383991 0
0.279425 0
0.141621 0
0.737123 0
0.726035 0
1.704694 0
0.656794 0
0.501770 0
1.492153 0
0.239957 0
0.086303 0
0.337230 0
0.225957 0
0.135982 0
0.990166 0
0.650544 0
1.129623 0
0.160143 0
0.336247 0
0.197399 0
0.462672 0
1.456859 0
0.242284 0
0.051496 0
0.916905 0
0.176435 0
0.209527 0
0.541348 0
0.038657 0
0.958601 0
0.069667 0
0.148048 0
0.950055 0
0.889162 0
0.143238 0
0.090210 0
0.322149 0
0.147544 0
0.223890 0
0.016036 0
0.302762 0
0.350687 0
0.577142 0
0.211160 0
0.434012 0
0.342650 0
0.267719 0
1.069826 0
0.269039 0
0.322028 0
0.031463 0
0.382238 0
0.222119 0
0.859581 0
1.074001 0
0.282182 0
0.012250 0
0.340755 0
0.446269 0
0.490125 0
0.328905 0
0.364354 0
0.238928 0
0.841747 0
0.125420 0
1.280602 0
0.483991 0
0.419869 0
0.015869 0
0.090818 0
0.047711 0
1.180761 0
1.236808 0
0.032463 0
1.478949 0
0.085704 0
0.806280 0
0.025577 0
1.272295 0
1.452272 0
1.077830 0
0.029940 0
0.277559 0
0.102832 0
0.847639 0
0.005959 0
0.528170 0
0.334415 0
0.381557 0
0.109195 0
1.397391 0
0.017685 0
1.376142 0
0.056161 0
0.308982 0
0.232273 0
0.098376 0
0.372194 0
0.215631 0
1.473370 0
0.229997 0
0.145404 0
1.506681 0
0.453157 0
1.001035 0
0.487428 0
1.504656 0
0.232912 0
0.494058 0
0.626387 0
1.204965 0
0.704061 0
0.335858 0
0.482176 0
1.383152 0
0.128348 0
1.152345 0
0.058858 0
1.171762 0
0.212776 0
0.385568 0
0.158003 0
0.189259 0
0.026095 0
0.142665 0
0.177364 0
0.291668 0
0.418721 0
0.313134 0
0.762877 0
0.755012 0
1.173777 0
0.597843 0
0.706323 0
1.295154 0
0.033309 0
0.139718 0
0.657191 0
1.036471 0
0.509813 0
0.084232 0
0.302462 0
0.808339 0
0.997532 0
0.545631 0
0.050363 0
0.366182 0
0.357513 0
0.539153 0
0.676565 0
0.110169 0
0.176232 0
1.304974 0
1.063285 0
0.763171 0
0.586245 0
0.174223 0
0.433498 0
0.585949 0
0.194368 0
0.234444 0
0.991779 0
0.488096 0
0.567017 0
0.212942 0
0.428819 0
0.437922 0
0.419640 0
0.254379 0
0.496272 0
0.889404 0
0.507616 0
0.872853 0
0.882368 0
0.187528 0
1.279647 0
0.059998 0
0.216682 0
0.648067 0
0.070992 0
0.059726 0
1.026033 0
0.434290 0
0.369373 0
0.356635 0
1.264571 0
1.012708 0
0.367430 0
1.396541 0
0.397423 0
0.156161 0
0.097964 0
0.084788 0
0.294530 0
0.029085 0
1.011187 0
0.019453 0
1.494402 0
0.182196 0
0.875123 0
0.482430 0
1.478487 0
0.157304 0
0.736630 0
0.297595 0
1.333629 0
0.769916 0
0.391726 0
0.099888 0
0.112351 0
0.163288 0
0.131301 0
0.028864 0
0.435392 0
0.731329 0
0.830953 0
0.148765 0
0.101082 0
0.061219 0
0.611316 0
0.038111 0
1.007396 0
0.577011 0
0.311534 0
0.239411 0
0.156087 0
0.278588 0
0.339082 0
0.299686 0
1.069141 0
0.049147 0
0.733492 0
0.062215 0
0.043314 0
0.618180 0
0.873523 0
0.427834 0
0.072211 0
0.381623 0
1.496688 0
0.167443 0
0.289960 0
0.047030 0
0.246925 0
0.062271 0
0.076990 0
0.341489 0
0.363227 0
0.091437 0
0.034739 0
0.147595 0
0.852954 0
1.214046 0
0.219262 0
0.071845 0
0.059052 0
0.270794 0
0.091261 0
0.645393 0
0.753811 0
0.385356 0
0.325562 0
0.057217 0
0.064841 0
1.431798 0
0.643347 0
0.458561 0
0.746180 0
0.191534 0
0.459081 0
0.587941 0
0.043481 0
0.727943 0
0.090760 0
0.117539 0
0.612172 0
0.162446 0
0.271382 0
0.408285 0
1.136886 0
1.243689 0
0.047028 0
0.696317 0
0.967220 0
0.023502 0
0.043833 0
0.308246 0
0.127533 0
0.455115 0
1.055709 0
0.791122 0
0.284971 0
0.047062 0
0.071103 0
0.634501 0
0.213863 0
0.310076 0
1.003757 0
0.498883 0
0.126497 0
0.011425 0
0.819053 0
0.267348 0
0.597154 0
0.105750 0
1.462882 0
0.053488 0
0.066129 0
0.417713 0
0.183700 0
0.012727 0
0.086014 0
0.520852 0
0.104129 0
0.066781 0
0.732146 0
