0.289174 0
0.683131 0
1.320089 0
0.281952 0
0.157222 0
1.031234 0
0.192819 0
1.324937 0
0.797803 0
0.047734 0
1.560039 0
1.414118 0
0.786372 0
1.366245 0
0.117390 0
0.348747 0
1.537876 0
0.065369 0
1.065898 0
0.056573 0
0.158003 0
0.083427 0
0.186150 0
0.061221 0
0.360428 0
0.569318 0
0.100319 0
0.595211 0
0.528910 0
0.478599 0
0.096135 0
0.727950 0
1.463479 0
0.405237 0
0.028905 0
1.326498 0
0.309009 0
0.900085 0
0.219655 0
0.893217 0
0.089502 0
0.306523 0
0.035927 0
0.619949 0
0.308252 0
0.670597 0
1.364386 0
0.795455 0
0.429699 0
1.215773 0
0.774595 0
0.196323 0
1.362812 0
1.158601 0
1.612784 0
0.409371 0
0.515687 0
0.116275 0
1.116947 0
0.202782 0
0.615760 0
0.127596 0
1.461919 0
0.344147 0
0.444045 0
0.638474 0
0.023906 0
0.645056 0
0.623804 0
0.495546 0
0.831790 0
0.109854 0
0.536409 0
0.715418 0
0.091271 0
1.473215 0
0.929982 0
0.133244 0
0.143933 0
0.125877 0
0.226019 0
0.694583 0
1.146135 0
0.230856 0
0.537596 0
0.170667 0
1.784077 0
0.779689 0
0.662502 0
0.472601 0
0.067370 0
0.397251 0
0.510840 0
0.301877 0
0.708873 0
0.121240 0
0.430223 0
0.047952 0
0.591188 0
1.915695 0
1.148632 0
1.269171 0
0.298318 0
0.104385 0
0.059506 0
0.282172 0
0.059074 0
0.469703 0
0.615081 0
1.215037 0
0.505755 0
0.139796 0
1.740409 0
0.064102 0
0.521143 0
0.040613 0
0.855950 0
0.545118 0
0.718589 0
0.009835 0
1.381777 0
0.535574 0
0.765506 0
0.737140 0
0.350012 0
0.338675 0
0.600460 0
0.789273 0
0.141994 0
0.118975 0
0.821579 0
0.078120 0
0.539586 0
1.176652 0
0.057162 0
1.579713 0
0.538652 0
0.143939 0
0.989763 0
0.389625 0
0.279486 0
0.262976 0
0.329932 0
0.018728 0
0.974281 0
0.847950 0
0.382316 0
0.104828 0
1.118037 0
0.951386 0
0.898230 0
0.365218 0
0.288031 0
0.380473 0
0.079782 0
0.289697 0
0.407295 0
0.438281 0
1.494219 0
0.436595 0
0.370798 0
0.184911 0
0.519358 0
0.186254 0
1.431343 0
0.008066 0
0.127054 0
0.354530 0
0.295365 0
0.252612 0
0.402533 0
0.170100 0
0.356341 0
0.692253 0
0.136460 0
0.445979 0
0.948492 0
0.889789 0
0.399034 0
0.682473 0
0.383251 0
0.590894 0
0.610180 0
0.072049 0
0.078644 0
0.392643 0
0.052361 0
0.129320 0
0.496094 0
0.215419 0
1.512968 0
1.866706 0
0.653400 0
1.282640 0
0.142203 0
0.042727 0
0.216078 0
0.111301 0
0.060808 0
1.068943 0
0.085620 0
0.174447 0
0.505315 0
0.682346 0
0.105553 0
0.320405 0
1.392155 0
1.102552 0
0.476556 0
0.686190 0
0.079138 0
0.465726 0
0.243999 0
0.310375 0
0.167950 0
0.333556 0
0.689384 0
1.427603 0
0.369934 0
0.029429 0
0.584488 0
0.210002 0
1.377511 0
0.707959 0
0.058016 0
0.512768 0
1.362558 0
0.719435 0
0.086843 0
0.374679 0
0.557150 0
0.560889 0
0.147508 0
0.213852 0
0.463510 0
1.402106 0
0.800877 0
0.801533 0
0.161897 0
1.504164 0
1.083103 0
0.499160 0
0.144799 0
0.548738 0
0.332602 0
0.145586 0
0.182168 0
0.049254 0
0.037993 0
0.851490 0
0.498331 0
1.443509 0
0.769493 0
0.970142 0
1.381426 0
0.275612 0
0.357755 0
0.685706 0
0.428799 0
1.525796 0
0.310334 0
0.056017 0
0.406030 0
1.520333 0
0.176273 0
0.253579 0
0.645797 0
0.363295 0
0.431868 0
0.823109 0
0.049597 0
0.098685 0
0.186327 0
0.262241 0
1.200882 0
0.272044 0
0.200536 0
0.902143 0
0.251831 0
0.678291 0
0.692831 0
0.725943 0
0.483476 0
0.051532 0
0.378495 0
0.305109 0
0.063424 0
0.359145 0
1.655814 0
0.504685 0
0.555860 0
0.371465 0
0.217267 0
0.118832 0
1.226135 0
0.028568 0
1.492589 0
0.052085 0
0.107783 0
0.044007 0
0.550983 0
0.513990 0
0.693204 0
0.067187 0
0.472771 0
0.920020 0
0.224125 0
0.101729 0
1.181439 0
0.134728 0
1.583173 0
0.092492 0
1.379612 0
0.666020 0
0.121465 0
1.763385 0
1.467290 0
0.179690 0
1.416307 0
0.106861 0
1.519552 0
1.435887 0
0.506142 0
0.394388 0
0.024645 0
0.135488 0
0.108517 0
0.529026 0
0.036747 0
0.049404 0
0.058905 0
0.842194 0
0.011387 0
0.164830 0
0.201345 0
0.494291 0
0.244596 0
0.975114 0
0.013315 0
0.587443 0
0.286973 0
0.047401 0
0.345396 0
0.348787 0
0.866926 0
0.016117 0
0.945248 0
0.181133 0
0.368096 0
0.283467 0
0.347190 0
1.090871 0
0.249372 0
0.370879 0
0.471730 0
0.037192 0
0.162432 0
0.585419 0
0.354216 0
0.793238 0
0.178938 0
1.069399 0
0.409759 0
0.054911 0
1.421301 0
0.271428 0
0.227747 0
0.467526 0
0.128402 0
0.210389 0
0.084911 0
0.113131 0
0.279784 0
0.015605 0
1.018844 0
0.583794 0
1.360325 0
0.018813 0
0.409382 0
0.304179 0
0.109635 0
0.231604 0
0.363441 0
0.310095 0
0.225171 0
0.061993 0
0.370309 0
0.567091 0
0.609084 0
0.356405 0
0.758017 0
0.205945 0
1.098570 0
0.454362 0
0.047506 0
0.057170 0
0.409198 0
0.220989 0
0.541515 0
0.051269 0
0.490562 0
0.323104 0
0.376719 0
0.101322 0
0.181718 0
0.513652 0
0.453782 0
0.142644 0
0.891413 0
0.076651 0
0.285843 0
0.147504 0
0.192369 0
0.216567 0
0.475947 0
0.767323 0
0.059644 0
0.781364 0
1.160309 0
1.485874 0
0.045882 0
0.230928 0
0.161206 0
0.278519 0
0.738857 0
1.648280 0
0.736817 0
0.370549 0
0.222379 0
0.497161 0
0.118111 0
0.017330 0
0.257428 0
0.224215 0
0.900385 0
0.991566 0
0.092358 0
0.004489 0
0.984445 0
0.268364 0
0.059818 0
0.017570 0
0.052890 0
0.202211 0
0.092703 0
0.098646 0
0.650049 0
0.098926 0
0.259555 0
0.385757 0
0.227450 0
0.655572 0
0.722168 0
0.429701 0
0.273626 0
0.330094 0
0.611357 0
0.670231 0
0.421157 0
0.274165 0
0.728449 0
0.200559 0
0.744184 0
0.595603 0
1.904120 0
0.042755 0
0.588944 0
0.626782 0
0.184669 0
0.142607 0
0.482207 0
0.104199 0
1.095475 0
0.090487 0
0.109939 0
0.038678 0
0.074164 0
0.658634 0
0.228424 0
0.834775 0
0.051885 0
0.269959 0
0.738614 0
0.713579 0
0.094891 0
0.393891 0
1.189132 0
0.234778 0
0.655038 0
0.077752 0
0.298227 0
0.348490 0
0.064466 0
0.284703 0
0.924074 0
0.186090 0
0.046347 0
1.583260 0
1.185012 0
0.168509 0
0.093824 0
1.149146 0
0.116754 0
0.484498 0
0.020891 0
1.446796 0
0.435353 0
0.168021 0
0.081119 0
0.043235 0
0.259474 0
0.096142 0
0.111729 0
0.120507 0
0.623836 0
0.009028 0
0.003742 0
0.069951 0
1.612187 0
0.623331 0
0.209246 0
0.144329 0
0.395572 0
0.343341 0
0.213227 0
0.240113 0
0.462701 0
0.126232 0
0.012401 0
0.715951 0
0.625879 0
0.821760 0
0.890823 0
0.804040 0
0.214226 0
0.586163 0
0.599709 0
0.561220 0
0.282575 0
0.120016 0
0.164499 0
0.189395 0
0.112392 0
0.193315 0
0.614544 0
0.196360 0
0.154840 0
0.030883 0
0.525155 0
0.805798 0
0.725768 0
1.362443 0
0.325047 0
0.198271 0
1.058365 0
0.540145 0
1.008661 0
0.443211 0
0.064577 0
0.147090 0
0.241834 0
0.450825 0
1.380712 0
0.054801 0
0.146276 0
0.043666 0
0.269107 0
0.736446 0
0.464346 0
0.434656 0
0.074409 0
0.559516 0
0.752637 0
0.414424 0
0.171823 0
0.813767 0
0.320665 0
0.061486 0
0.545236 0
0.233169 0
0.177559 0
0.029601 0
0.145418 0
0.154772 0
0.006929 0
0.347677 0
0.881328 0
0.063225 0
0.080371 0
1.192674 0
0.225056 0
0.844437 0
0.050208 0
0.175770 0
0.202513 0
0.276065 0
1.101418 0
0.694002 0
0.824974 0
0.692125 0
0.409850 0
0.475576 0
0.056216 0
0.132748 0
0.373996 0
0.443151 0
0.421203 0
0.314807 0
0.142815 0
0.505688 0
0.153754 0
0.608716 0
0.447912 0
0.935384 0
0.014690 0
0.244427 0
0.003055 0
0.696229 0
0.088267 0
0.361158 0
0.003449 0
0.017568 0
0.973781 0
0.526285 0
0.450788 0
1.440329 0
0.171592 0
0.087983 0
1.628860 0
0.227416 0
0.078623 0
1.373470 0
0.434569 0
0.765942 0
0.098527 0
0.114420 0
0.068469 0
0.215574 0
0.162524 0
0.180277 0
0.177227 0
0.728813 0
0.141338 0
0.820364 0
0.164169 0
0.244159 0
0.204408 0
0.203663 0
0.355469 0
0.058047 0
0.517098 0
0.288448 0
0.107455 0
0.088481 0
0.595749 0
0.156484 0
0.066994 0
0.623159 0
0.118032 0
0.201996 0
0.418140 0
0.247623 0
0.255427 0
1.608025 0
0.215455 0
0.069321 0
0.113676 0
0.349717 0
1.504261 0
0.214958 0
0.156462 0
0.708500 0
0.075311 0
0.611959 0
0.502872 0
0.098924 0
0.661956 0
0.422940 0
1.536143 0
0.413655 0
0.231644 0
1.049436 0
0.208465 0
0.185625 0
0.923162 0
0.339545 0
0.181031 0
1.181637 0
0.243153 0
0.268410 0
0.310019 0
0.518292 0
0.255556 0
0.172806 0
0.448586 0
0.163974 0
0.162577 0
0.188908 0
0.131078 0
0.911373 0
0.112831 0
0.385541 0
0.249678 0
0.176496 0
0.114735 0
0.247864 0
0.393092 0
0.476803 0
1.058621 0
0.176023 0
0.258827 0
1.418513 0
0.148159 0
0.280097 0
0.053285 0
1.317557 0
1.076682 0
0.355555 0
0.119300 0
0.294563 0
1.416804 0
0.137328 0
0.055593 0
0.203651 0
1.133006 0
1.034849 0
0.507323 0
1.301558 0
0.033348 0
0.192027 0
1.368515 0
0.889540 0
0.335417 0
0.022395 0
0.441528 0
0.275555 0
0.401952 0
0.062733 0
0.318967 0
0.391851 0
0.403637 0
0.175222 0
0.405981 0
0.169870 0
0.697615 0
0.642430 0
0.160502 0
0.779623 0
0.923128 0
0.323202 0
0.081343 0
0.912520 0
0.100398 0
0.227878 0
1.085281 0
0.637932 0
0.015255 0
0.447247 0
0.775981 0
0.671537 0
0.470176 0
0.230060 0
0.871455 0
0.011483 0
0.241005 0
0.440401 0
0.002225 0
0.335651 0
0.308693 0
0.971898 0
1.429207 0
0.552168 0
0.857108 0
0.669456 0
0.322068 0
0.244367 0
0.629617 0
0.469535 0
0.286388 0
1.564912 0
0.358761 0
0.091427 0
0.784561 0
0.186394 0
0.364346 0
0.142860 0
0.918860 0
0.092740 0
0.182940 0
0.042992 0
0.313954 0
0.639703 0
2.007012 0
0.282978 0
0.087247 0
0.026357 0
0.777877 0
0.720407 0
0.552434 0
0.655137 0
0.145774 0
0.084400 0
0.177296 0
0.072499 0
0.226604 0
0.436664 0
0.226552 0
0.561652 0
1.383344 0
0.616178 0
0.603333 0
0.021950 0
0.269684 0
0.270520 0
0.526758 0
0.025375 0
1.321060 0
0.732338 0
0.442867 0
0.993126 0
0.156213 0
0.305283 0
0.328089 0
0.298780 0
0.242106 0
0.066588 0
0.174509 0
0.304885 0
0.215365 0
0.906382 0
0.362941 0
0.622876 0
0.101440 0
1.306308 0
0.548830 0
1.042555 0
0.175260 0
0.327355 0
0.301704 0
0.598621 0
1.807947 0
0.288090 0
0.343344 0
0.917980 0
0.599180 0
0.428187 0
0.886743 0
0.481635 0
0.101069 0
0.025872 0
0.055839 0
0.464594 0
0.382319 0
0.603976 0
1.086769 0
0.151149 0
0.990529 0
0.108373 0
0.311711 0
0.635830 0
0.138132 0
0.350570 0
1.368110 0
0.471711 0
0.821961 0
0.014420 0
0.372529 0
0.442098 0
0.341045 0
0.647267 0
0.055128 0
0.697056 0
0.350619 0
0.090529 0
0.026106 0
0.081002 0
0.173675 0
0.415595 0
0.046806 0
0.426713 0
0.766819 0
0.130510 0
0.775732 0
1.410208 0
0.166462 0
0.709907 0
0.366439 0
1.113082 0
1.038930 0
0.644403 0
0.282636 0
0.539231 0
0.824413 0
0.330539 0
0.443040 0
1.072929 0
0.255486 0
0.985456 0
0.105770 0
1.665645 0
1.372237 0
1.139473 0
0.061114 0
0.532579 0
0.290945 0
0.285326 0
0.108643 0
0.058075 0
0.034876 0
0.047375 0
0.277627 0
0.388612 0
1.641546 0
0.209977 0
0.254611 0
0.280757 0
0.313080 0
0.456645 0
0.075271 0
0.383671 0
0.691948 0
0.908456 0
1.808505 0
0.431323 0
0.052577 0
0.129140 0
1.417011 0
1.131086 0
0.414577 0
0.230489 0
0.350165 0
0.105852 0
0.198398 0
0.375924 0
0.938727 0
0.426832 0
0.007030 0
0.466573 0
0.095883 0
0.169481 0
0.363626 0
0.048943 0
0.505231 0
0.401092 0
0.182451 0
0.595266 0
0.288402 0
0.094830 0
0.174929 0
0.205415 0
0.316980 0
1.191731 0
0.171829 0
0.282065 0
0.630796 0
0.090695 0
0.565589 0
0.760487 0
0.061658 0
0.505046 0
0.043527 0
0.047296 0
0.050479 0
1.589153 0
0.077018 0
0.052361 0
0.124763 0
0.384374 0
0.765791 0
0.157272 0
0.008306 0
0.158746 0
0.343190 0
1.205403 0
0.947586 0
1.214331 0
0.892344 0
0.075556 0
1.367829 0
1.497390 0
0.578625 0
0.639518 0
0.030923 0
1.248042 0
0.734733 0
1.203978 0
0.172282 0
0.193088 0
0.121365 0
0.213406 0
0.416589 0
0.367799 0
0.538067 0
0.198087 0
1.107972 0
0.861990 0
1.512416 0
0.087526 0
0.131258 0
0.143236 0
0.388493 0
1.156814 0
1.316088 0
0.940490 0
0.309506 0
0.363415 0
0.488176 0
0.212687 0
0.155492 0
0.112980 0
0.905560 0
0.050529 0
1.071796 0
0.569221 0
0.413610 0
0.135405 0
0.123206 0
0.183124 0
0.615055 0
0.594439 0
0.514208 0
0.311583 0
0.212032 0
0.616978 0
0.044086 0
0.832452 0
0.199770 0
0.469442 0
0.675784 0
1.312649 0
0.048197 0
0.057123 0
0.933144 0
0.205821 0
0.065151 0
0.194594 0
1.119314 0
0.559254 0
0.785622 0
0.042950 0
0.755037 0
0.733415 0
0.125907 0
0.739674 0
0.432159 0
0.272882 0
0.317455 0
0.193207 0
0.481036 0
0.040853 0
0.790422 0
0.095000 0
1.097701 0
0.331341 0
0.100439 0
0.556282 0
0.651633 0
0.495965 0
0.081672 0
0.738911 0
0.037974 0
0.658260 0
0.866801 0
0.209051 0
1.026652 0
0.655762 0
0.154279 0
0.173603 0
1.170410 0
0.169687 0
0.689448 0
0.287402 0
0.943847 0
0.705684 0
0.081492 0
0.539479 0
1.362635 0
0.195075 0
0.430809 0
0.467613 0
0.448306 0
0.073733 0
0.551932 0
0.217289 0
0.134910 0
0.321549 0
0.285838 0
0.617813 0
0.014863 0
0.026868 0
0.707968 0
0.614332 0
0.025640 0
0.147486 0
0.100015 0
0.360282 0
0.299145 0
0.126590 0
0.274559 0
0.093838 0
0.638342 0
0.379262 0
0.207854 0
0.293906 0
0.999884 0
1.353524 0
0.423520 0
1.531583 0
0.465942 0
0.263691 0
0.211410 0
0.609453 0
0.255864 0
0.401368 0
0.120406 0
0.050231 0
0.545358 0
0.109355 0
0.351748 0
0.172855 0
1.030054 0
0.819176 0
0.150474 0
0.405369 0
0.107148 0
0.035590 0
0.262329 0
0.595743 0
0.706507 0
0.109418 0
0.963441 0
0.499989 0
0.285260 0
0.281765 0
0.052279 0
0.831932 0
0.223039 0
0.270179 0
0.661937 0
0.868956 0
0.033049 0
0.276403 0
0.689234 0
0.872424 0
1.568514 0
0.502731 0
0.006732 0
0.413610 0
0.260148 0
0.114526 0
0.030574 0
0.417205 0
0.259677 0
0.872324 0
0.450153 0
1.632978 0
0.145452 0
0.075757 0
0.886362 0
0.020593 0
0.259850 0
0.127458 0
1.836025 0
0.229336 0
0.158961 0
0.334459 0
0.070236 0
0.601655 0
0.314136 0
0.369095 0
0.245271 0
0.358705 0
0.319584 0
0.551091 0
1.226899 0
0.864476 0
1.377564 0
0.611950 0
0.079902 0
0.497662 0
0.325082 0
0.267839 0
1.476677 0
0.075942 0
0.240414 0
0.326621 0
1.367443 0
0.070539 0
0.844923 0
1.325057 0
0.751749 0
1.448768 0
0.652747 0
0.817336 0
0.371521 0
0.434042 0
0.097147 0
0.210906 0
1.558299 0
0.145811 0
0.212276 0
0.183229 0
0.999130 0
0.191657 0
0.039381 0
0.140280 0
0.806943 0
0.170919 0
0.283888 0
0.700768 0
0.099308 0
0.355384 0
0.637510 0
0.239993 0
1.209504 0
0.074565 0
1.497902 0
0.240850 0
0.495511 0
0.258834 0
1.578024 0
1.132874 0
0.072244 0
0.196275 0
0.114519 0
1.099885 0
0.210360 0
0.249237 0
0.030532 0
0.280071 0
0.075526 0
0.595842 0
0.282365 0
0.485878 0
0.166600 0
0.618535 0
0.427051 0
0.578779 0
0.115947 0
0.139879 0
1.299405 0
0.657242 0
0.594121 0
1.283714 0
0.190804 0
0.681595 0
0.052263 0
0.065897 0
0.261903 0
0.050319 0
1.721402 0
0.207560 0
0.181214 0
0.432228 0
0.079291 0
0.624042 0
0.154585 0
0.470246 0
0.300593 0
0.719547 0
0.822807 0
0.019002 0
0.607470 0
0.844662 0
0.330679 0
0.892803 0
1.016377 0
0.097732 0
0.758366 0
0.171781 0
0.285604 0
0.182049 0
0.112823 0
0.086550 0
0.171555 0
0.013544 0
0.158904 0
0.853829 0
1.388634 0
0.204709 0
0.033677 0
0.634662 0
0.146414 0
0.053858 0
1.441225 0
0.169844 0
1.380271 0
0.445070 0
0.209963 0
0.758379 0
0.332488 0
1.674327 0
0.169055 0
0.337517 0
0.984638 0
0.220469 0
0.048236 0
0.410638 0
0.467261 0
0.690634 0
0.010535 0
0.457269 0
0.598704 0
0.125749 0
0.171971 0
0.214451 0
0.077184 0
1.048621 0
0.183146 0
0.802426 0
0.389953 0
0.018297 0
0.674012 0
0.102998 0
0.512685 0
0.411199 0
0.149235 0
0.298959 0
0.162447 0
0.021966 0
0.114149 0
0.737555 0
0.445193 0
1.862637 0
1.860785 0
0.975046 0
0.527121 0
0.536475 0
0.666047 0
0.709026 0
0.603061 0
0.585753 0
0.300206 0
0.945599 0
0.057409 0
0.009114 0
0.798728 0
0.123370 0
0.663710 0
0.022955 0
0.426020 0
0.673037 0
0.490611 0
0.699591 0
0.047519 0
0.459862 0
0.134916 0
1.370074 0
0.171793 0
0.403042 0
0.412096 0
1.234371 0
0.142411 0
0.089053 0
0.022279 0
0.920048 0
1.287165 0
2.526127 0
0.856949 0
0.468493 0
0.691336 0
0.663041 0
0.195283 0
0.996153 0
0.359202 0
0.079798 0
0.369705 0
0.217104 0
0.358960 0
0.028317 0
0.788687 0
0.829501 0
0.542177 0
1.039842 0
0.542749 0
0.779463 0
0.375374 0
0.688543 0
0.188401 0
0.174738 0
0.111514 0
0.323177 0
0.674847 0
0.491078 0
1.368947 0
0.016829 0
1.480592 0
0.057998 0
1.362573 0
0.956728 0
0.033396 0
1.502882 0
1.051069 0
0.795700 0
0.258425 0
0.198280 0
0.096794 0
0.389478 0
0.535228 0
0.100707 0
0.138123 0
1.743107 0
0.212745 0
0.171744 0
1.187352 0
0.293634 0
0.270270 0
1.476857 0
0.939931 0
0.196680 0
0.533287 0
0.737033 0
0.033435 0
1.779677 0
0.028685 0
0.008516 0
1.283741 0
0.908354 0
0.248623 0
1.355794 0
0.047709 0
0.077204 0
1.130811 0
0.422336 0
0.086653 0
0.870003 0
0.128852 0
0.126221 0
0.079662 0
0.652617 0
0.304733 0
1.268925 0
0.295889 0
0.139660 0
0.717117 0
0.084315 0
0.399864 0
0.387763 0
0.575197 0
0.510539 0
0.096058 0
0.434678 0
0.046250 0
0.988826 0
0.234166 0
0.676935 0
1.558986 0
0.785249 0
0.543427 0
0.032490 0
1.408044 0
0.186101 0
0.372921 0
0.621899 0
0.108514 0
0.777289 0
0.038840 0
0.327547 0
0.340515 0
0.399986 0
0.769522 0
0.293810 0
0.173121 0
0.090039 0
0.543199 0
0.129914 0
0.215991 0
0.339065 0
0.307979 0
1.223477 0
0.161376 0
0.243551 0
0.529204 0
0.134649 0
0.233497 0
0.838277 0
1.076686 0
0.664488 0
0.048724 0
0.508539 0
0.892526 0
1.167024 0
0.162864 0
0.067374 0
1.533881 0
0.038787 0
0.626513 0
0.089616 0
1.210596 0
1.303648 0
0.099091 0
0.726970 0
1.935789 0
0.020941 0
0.144950 0
0.517470 0
0.373692 0
0.487063 0
0.248204 0
0.660725 0
0.637169 0
0.651491 0
0.510105 0
0.145539 0
1.283701 0
0.354831 0
0.252752 0
1.077189 0
0.129303 0
0.306764 0
0.102549 0
0.312622 0
0.173351 0
0.182929 0
0.755244 0
0.385061 0
0.015957 0
0.151756 0
0.024147 0
0.701081 0
0.279493 0
0.092431 0
0.226838 0
0.106794 0
1.044040 0
0.145532 0
0.362795 0
0.270598 0
0.739798 0
0.031200 0
0.890956 0
0.575805 0
0.512754 0
0.176835 0
0.638805 0
0.724894 0
0.388409 0
0.295959 0
0.026221 0
0.584672 0
0.143814 0
1.716257 0
0.478632 0
0.015325 0
0.417714 0
1.349407 0
0.380012 0
1.248241 0
0.675965 0
0.739032 0
0.125339 0
0.798483 0
0.953052 0
1.142647 0
0.226375 0
0.437700 0
0.046247 0
1.573322 0
0.556424 0
0.127813 0
1.379443 0
1.566848 0
0.728354 0
0.571223 0
0.337557 0
0.384624 0
0.336324 0
0.245362 0
0.051018 0
0.168085 0
0.227754 0
0.085869 0
0.342207 0
0.026997 0
0.011616 0
1.455556 0
0.059195 0
0.128113 0
0.115519 0
0.389771 0
0.282916 0
0.259058 0
0.761088 0
0.720943 0
0.020699 0
0.252938 0
0.328074 0
0.484432 0
0.367161 0
0.024933 0
0.026655 0
0.088612 0
1.201653 0
0.092764 0
0.381267 0
1.833171 0
0.214321 0
0.072000 0
0.743857 0
1.279356 0
0.036823 0
0.631790 0
0.488293 0
0.374644 0
0.348102 0
0.055447 0
0.097327 0
0.100953 0
1.055281 0
0.197010 0
1.559807 0
0.757004 0
0.542202 0
0.901295 0
0.803761 0
0.705043 0
0.836343 0
0.689203 0
0.697698 0
0.052683 0
0.522601 0
0.033643 0
0.218359 0
1.348903 0
0.179383 0
0.551971 0
0.923925 0
0.208521 0
0.241858 0
0.789283 0
1.336146 0
1.128350 0
0.172540 0
0.153089 0
0.532879 0
0.177178 0
0.159811 0
1.047069 0
0.093708 0
0.362065 0
0.039353 0
0.670378 0
0.318828 0
1.979616 0
0.183190 0
0.893263 0
1.518955 0
0.383552 0
0.340503 0
0.198322 0
0.100772 0
0.309378 0
0.065825 0
0.204159 0
0.451353 0
0.669015 0
0.098099 0
0.234612 0
0.217303 0
0.998715 0
0.023849 0
0.660761 0
0.009088 0
0.165021 0
0.596221 0
0.163484 0
0.072090 0
0.233990 0
0.093128 0
0.043489 0
0.385961 0
0.622935 0
0.387334 0
0.116486 0
1.477584 0
0.134389 0
0.051418 0
0.017996 0
0.119343 0
0.371857 0
0.291670 0
0.170263 0
0.109275 0
0.152385 0
0.047831 0
0.491050 0
0.119241 0
0.762206 0
0.181858 0
0.975929 0
0.493058 0
0.146750 0
0.189334 0
0.176663 0
0.172599 0
0.062655 0
0.063196 0
1.113750 0
0.295835 0
0.373099 0
0.602559 0
0.656028 0
0.216952 0
0.603707 0
1.686845 0
0.174557 0
0.488549 0
0.983402 0
0.049278 0
0.373873 0
0.364864 0
0.239829 0
0.342202 0
0.647498 0
1.192798 0
1.223294 0
0.611607 0
1.392737 0
0.582197 0
1.371610 0
0.333990 0
0.456085 0
0.132831 0
0.874850 0
0.205987 0
1.422781 0
1.041487 0
0.250752 0
0.862354 0
0.351437 0
0.192571 0
0.250675 0
0.136249 0
0.242200 0
0.502685 0
0.133224 0
0.484052 0
0.251380 0
0.042764 0
1.154990 0
0.477875 0
0.033816 0
0.863171 0
0.407947 0
0.299295 0
0.507990 0
0.340152 0
1.399536 0
0.224998 0
0.248243 0
0.256399 0
0.231203 0
1.304883 0
1.378565 0
0.681731 0
0.170127 0
0.249611 0
1.392970 0
0.724841 0
0.006793 0
1.141446 0
0.363110 0
1.307938 0
0.111096 0
0.108694 0
0.071376 0
0.202471 0
0.121129 0
0.329826 0
0.062133 0
0.227793 0
0.269487 0
0.064837 0
0.336426 0
0.134377 0
0.053745 0
0.030859 0
0.053942 0
0.033507 0
0.392261 0
0.173592 0
0.025401 0
0.647999 0
0.474378 0
0.774641 0
0.395273 0
0.502642 0
0.032632 0
0.129857 0
0.166896 0
0.603471 0
0.070870 0
0.053838 0
0.823991 0
0.026451 0
0.891024 0
0.334439 0
0.039564 0
0.421584 0
0.104659 0
0.166068 0
0.013448 0
0.295711 0
0.660451 0
0.225733 0
0.223171 0
0.028517 0
0.108524 0
0.055130 0
0.430874 0
0.505841 0
0.563072 0
0.007894 0
0.802603 0
0.109683 0
0.148470 0
0.035544 0
0.637107 0
0.026554 0
0.062349 0
1.408953 0
0.014344 0
0.068359 0
0.091759 0
1.258358 0
0.751651 0
1.134646 0
0.029868 0
0.153498 0
0.435382 0
1.913231 0
0.079642 0
0.024724 0
0.125186 0
0.057102 0
0.444976 0
0.548126 0
0.514512 0
0.725430 0
0.178513 0
0.835805 0
0.048177 0
1.396472 0
0.450326 0
0.732136 0
0.012638 0
0.020773 0
0.203514 0
0.098574 0
0.028929 0
1.285445 0
1.456618 0
0.954696 0
0.655226 0
0.255871 0
0.406426 0
0.799207 0
0.515503 0
0.238354 0
0.096928 0
0.075845 0
0.389811 0
1.501394 0
0.133443 0
0.223549 0
0.221031 0
0.257415 0
0.168330 0
0.055831 0
0.144794 0
0.127995 0
0.139247 0
0.025967 0
0.573909 0
0.326929 0
0.664949 0
0.725413 0
0.843419 0
1.369156 0
0.126277 0
0.631096 0
0.511459 0
0.283274 0
0.071838 0
0.507814 0
0.269259 0
0.713017 0
0.406811 0
0.256470 0
0.029980 0
0.386413 0
1.652281 0
0.071020 0
0.084674 0
0.482821 0
0.053809 0
0.052504 0
0.250507 0
0.360149 0
0.374617 0
0.410461 0
0.771046 0
0.764492 0
0.260973 0
0.189212 0
0.852150 0
0.061792 0
0.055571 0
0.644986 0
0.255737 0
0.278905 0
0.268170 0
0.063244 0
0.203566 0
1.567484 0
0.060990 0
0.765733 0
0.764520 0
0.209747 0
0.102018 0
0.385151 0
0.194126 0
0.225134 0
0.224318 0
0.161702 0
0.357776 0
0.475157 0
1.043425 0
0.560369 0
0.220329 0
1.526174 0
0.160277 0
0.477221 0
0.123416 0
0.072278 0
0.748279 0
0.059224 0
1.170052 0
0.828528 0
0.320759 0
0.053977 0
0.375563 0
0.367535 0
0.006425 0
0.790078 0
0.003021 0
1.572800 0
1.555415 0
0.063168 0
0.328046 0
0.003242 0
0.297199 0
0.102246 0
0.525680 0
1.485560 0
0.613006 0
0.069865 0
0.132969 0
1.054798 0
0.615752 0
0.120129 0
0.063529 0
0.378213 0
1.336964 0
0.219020 0
0.396973 0
0.298827 0
0.358340 0
0.489206 0
0.734255 0
0.248567 0
0.063195 0
0.145836 0
0.322584 0
0.171382 0
0.546287 0
0.169854 0
0.929572 0
0.380576 0
0.208818 0
0.245622 0
0.157872 0
0.559113 0
0.334262 0
0.026174 0
0.043665 0
1.440850 0
0.267136 0
0.435672 0
0.391808 0
0.260589 0
1.735699 0
0.594003 0
0.943513 0
1.175880 0
1.258080 0
0.043044 0
0.466071 0
0.367261 0
0.255295 0
0.282843 0
0.342027 0
0.742156 0
0.481033 0
0.257808 0
0.074939 0
0.013381 0
0.468300 0
0.314548 0
0.340043 0
0.357303 0
1.557490 0
1.284922 0
0.448180 0
1.342311 0
0.160042 0
0.346221 0
0.119912 0
0.154146 0
0.881102 0
1.490996 0
1.252480 0
0.242684 0
0.304295 0
0.043971 0
0.150349 0
0.047273 0
0.255088 0
0.680856 0
0.553456 0
0.395630 0
0.051706 0
1.171440 0
0.377722 0
0.730677 0
1.147804 0
0.630630 0
0.964323 0
0.001931 0
0.155669 0
0.431565 0
0.182296 0
0.151790 0
0.602685 0
0.227254 0
1.356129 0
0.569504 0
1.593136 0
0.187445 0
0.127552 0
0.172620 0
0.169128 0
0.767819 0
0.825483 0
0.732140 0
0.267571 0
0.482074 0
0.038431 0
0.960392 0
0.091601 0
0.893831 0
0.362736 0
0.604719 0
0.166287 0
0.124225 0
0.292195 0
0.103800 0
0.111948 0
0.016984 0
1.631967 0
1.127967 0
0.647452 0
0.409568 0
0.279191 0
0.534079 0
1.132713 0
0.807395 0
0.607731 0
1.211356 0
0.495104 0
0.667999 0
0.585793 0
0.234568 0
0.179863 0
0.008102 0
0.958691 0
0.102454 0
0.207458 0
0.724870 0
0.004561 0
0.525715 0
1.113370 0
1.340878 0
0.101296 0
0.309894 0
0.621387 0
0.073371 0
0.825354 0
0.019957 0
0.137780 0
1.702170 0
0.121657 0
0.998321 0
0.083916 0
1.484410 0
0.136938 0
0.695362 0
0.419664 0
0.246087 0
0.172244 0
0.816450 0
0.192451 0
0.252516 0
1.118384 0
0.256658 0
0.035203 0
0.112097 0
1.133482 0
0.318780 0
0.212532 0
0.035440 0
0.723817 0
1.028373 0
0.000758 0
0.205770 0
0.338709 0
0.441199 0
0.854600 0
0.434573 0
0.397703 0
0.136124 0
0.617324 0
1.016321 0
0.138477 0
0.576441 0
0.240217 0
0.239163 0
0.209806 0
0.125525 0
0.837353 0
0.392513 0
0.438070 0
0.394037 0
0.546214 0
1.006218 0
0.048915 0
0.851191 0
0.241421 0
0.098851 0
1.128240 0
0.100381 0
0.486633 0
0.086397 0
0.047153 0
0.318861 0
0.054146 0
0.480962 0
1.782935 0
0.070515 0
0.352695 0
0.152900 0
1.036632 0
0.119015 0
0.026911 0
0.031082 0
0.898210 0
0.966334 0
0.058859 0
0.091767 0
0.304646 0
0.457688 0
0.016631 0
0.579582 0
0.499458 0
1.226899 0
1.342955 0
0.146892 0
0.399853 0
0.305558 0
0.041417 0
0.182825 0
0.657750 0
0.676838 0
0.768283 0
1.112105 0
0.131110 0
0.567152 0
0.298127 0
0.304605 0
0.297386 0
0.255140 0
0.413969 0
0.160710 0
0.044646 0
1.082126 0
0.891548 0
0.856527 0
0.346809 0
0.269397 0
0.208523 0
0.815055 0
0.945330 0
0.786917 0
0.211332 0
1.018786 0
0.089659 0
1.572277 0
1.058568 0
0.313870 0
0.363689 0
0.257821 0
0.191602 0
0.386117 0
0.066290 0
0.421667 0
0.060435 0
0.902706 0
0.012204 0
0.393189 0
0.532989 0
0.457441 0
0.131021 0
0.069581 0
0.258457 0
0.101279 0
0.851718 0
0.280574 0
0.291761 0
1.360253 0
0.162628 0
0.063360 0
0.530826 0
0.020884 0
0.348059 0
0.202464 0
0.101145 0
0.608895 0
1.698589 0
0.737581 0
0.063440 0
0.218568 0
0.644881 0
0.176142 0
0.584941 0
0.062817 0
0.362181 0
0.589894 0
0.875459 0
0.783021 0
0.037917 0
0.038861 0
0.078426 0
0.687432 0
0.656725 0
0.992111 0
0.953906 0
0.916996 0
0.077619 0
0.300598 0
1.331725 0
0.207770 0
0.281699 0
0.291957 0
0.079623 0
0.272665 0
1.615373 0
0.004797 0
1.307051 0
0.164238 0
1.084561 0
0.107306 0
0.875690 0
0.439259 0
0.220135 0
0.102883 0
0.116084 0
0.331087 0
0.863851 0
0.249583 0
0.479181 0
0.621373 0
0.538596 0
1.004436 0
0.216598 0
0.153329 0
0.293207 0
0.452877 0
0.328608 0
0.643117 0
0.308418 0
0.816308 0
0.602850 0
0.495398 0
0.448856 0
0.068731 0
0.920094 0
0.213310 0
0.322797 0
0.365231 0
1.073211 0
0.147633 0
1.397144 0
0.101938 0
0.138486 0
0.020788 0
0.309891 0
1.173618 0
0.589204 0
0.362129 0
0.282967 0
1.657637 0
0.445133 0
0.264132 0
0.130312 0
0.376510 0
0.714755 0
0.015026 0
0.334474 0
1.717741 0
0.564702 0
0.525614 0
0.753470 0
0.385761 0
0.971381 0
0.176530 0
0.039124 0
0.628740 0
0.126432 0
0.314695 0
0.144156 0
1.373855 0
0.231707 0
0.307611 0
0.332521 0
0.435329 0
0.187843 0
1.225920 0
0.766581 0
0.691211 0
0.178711 0
0.435231 0
0.294066 0
1.029844 0
0.224382 0
0.407948 0
0.727792 0
1.037554 0
0.014398 0
0.599571 0
0.321988 0
0.427984 0
1.083289 0
1.371062 0
0.678199 0
0.113307 0
0.345961 0
0.349159 0
0.056620 0
0.171118 0
0.246272 0
0.067437 0
0.214984 0
0.226262 0
0.130074 0
1.362345 0
0.431247 0
0.591933 0
0.459821 0
1.306292 0
0.058689 0
0.146504 0
1.385564 0
0.605283 0
0.101732 0
0.491668 0
0.107861 0
0.074358 0
1.682362 0
0.102418 0
0.640386 0
0.113946 0
0.403387 0
0.094423 0
0.319453 0
0.147403 0
0.846323 0
1.568914 0
0.290054 0
0.123797 0
1.119758 0
0.456633 0
0.051400 0
0.092124 0
0.063015 0
0.491100 0
0.630417 0
0.894836 0
0.308318 0
0.147663 0
0.076433 0
0.473301 0
0.120685 0
0.314768 0
0.197600 0
0.268055 0
0.618222 0
1.467248 0
0.355799 0
0.054802 0
0.336583 0
0.046384 0
0.577115 0
0.303168 0
0.167315 0
0.083108 0
0.014220 0
0.268673 0
0.192993 0
0.235008 0
0.482341 0
0.476903 0
0.146715 0
0.468663 0
0.487094 0
0.327910 0
0.456344 0
0.263620 0
0.092343 0
0.120670 0
0.443864 0
0.362590 0
0.594247 0
0.247053 0
0.082315 0
0.414358 0
0.413677 0
0.097237 0
0.078188 0
0.791458 0
1.443970 0
0.489292 0
0.127479 0
0.571268 0
0.241917 0
0.297012 0
0.273836 0
0.596433 0
0.586474 0
0.500559 0
0.976066 0
1.364728 0
0.098645 0
1.264961 0
0.458635 0
1.239466 0
0.233676 0
0.171560 0
0.072460 0
0.421816 0
0.305272 0
0.181340 0
1.438154 0
0.219415 0
0.214376 0
1.123307 0
1.255240 0
0.844619 0
1.060014 0
0.080895 0
0.263201 0
1.057420 0
0.198352 0
0.038654 0
0.270628 0
0.652261 0
0.085959 0
0.062897 0
0.158860 0
0.184887 0
0.161231 0
0.397774 0
0.624786 0
0.228542 0
0.862013 0
1.421103 0
0.496114 0
0.345270 0
0.016978 0
1.041904 0
1.014583 0
0.275811 0
0.122267 0
0.881808 0
0.060311 0
0.250940 0
0.481424 0
0.287858 0
0.180601 0
0.083857 0
0.253682 0
0.708453 0
0.145822 0
0.006775 0
0.320263 0
0.436161 0
0.316357 0
0.019267 0
0.034718 0
0.048983 0
0.169618 0
0.175372 0
0.031228 0
0.326804 0
0.330035 0
0.191522 0
0.326364 0
0.341931 0
0.087065 0
1.364831 0
0.597079 0
0.376084 0
0.522492 0
0.464547 0
0.404001 0
0.106914 0
0.460961 0
0.428995 0
1.111605 0
0.257082 0
0.324431 0
0.604058 0
1.191125 0
0.390955 0
0.417894 0
0.444127 0
0.638565 0
0.234348 0
1.164151 0
0.081091 0
0.283296 0
1.462392 0
0.725930 0
1.057948 0
0.496283 0
0.148262 0
0.295883 0
0.347558 0
0.330613 0
0.535002 0
0.285494 0
1.147480 0
0.110026 0
0.339133 0
0.619196 0
0.762106 0
0.183599 0
0.399338 0
0.195564 0
0.774808 0
1.008110 0
0.062580 0
0.121927 0
1.120718 0
0.399578 0
0.007528 0
0.975818 0
0.563028 0
1.604349 0
0.404154 0
0.335487 0
0.992591 0
0.236298 0
0.116027 0
0.822441 0
0.286612 0
0.443132 0
0.152414 0
0.883474 0
0.213968 0
1.038667 0
0.193506 0
1.218586 0
1.454914 0
0.020416 0
0.113541 0
0.168843 0
0.775902 0
0.129826 0
1.402288 0
0.297096 0
0.076408 0
0.374364 0
0.628300 0
0.069104 0
1.380219 0
0.692481 0
0.995242 0
0.170306 0
0.130630 0
0.150188 0
0.032776 0
0.248881 0
0.206374 0
1.419766 0
0.632666 0
0.352172 0
0.864679 0
0.145325 0
0.598068 0
0.868504 0
0.491095 0
0.041592 0
0.338013 0
0.215733 0
0.184787 0
1.120471 0
0.239964 0
0.663316 0
0.023104 0
0.285599 0
0.484651 0
0.687329 0
0.108374 0
0.195455 0
0.315078 0
0.708365 0
0.157129 0
0.671581 0
0.655431 0
0.579993 0
0.258816 0
0.200141 0
0.679564 0
0.172701 0
0.450699 0
0.141995 0
0.874469 0
0.452070 0
0.214758 0
0.093272 0
0.880973 0
0.190760 0
0.026265 0
1.027377 0
0.284153 0
0.133231 0
0.081156 0
0.056409 0
0.462601 0
0.872289 0
0.080512 0
0.443868 0
0.197566 0
1.153122 0
0.199015 0
0.794815 0
0.169873 0
0.141781 0
0.347051 0
0.573887 0
0.648220 0
0.487085 0
0.517533 0
0.104711 0
0.049857 0
0.522536 0
1.352329 0
0.360580 0
0.365894 0
0.581064 0
0.266626 0
0.026739 0
0.169750 0
0.102900 0
0.996812 0
0.479780 0
0.478400 0
0.072175 0
0.441480 0
0.419795 0
0.333156 0
1.247245 0
1.301697 0
0.121951 0
1.341011 0
0.184813 0
0.304661 0
0.344299 0
0.083421 0
1.529071 0
0.566608 0
0.110697 0
0.425923 0
0.626635 0
0.198559 0
0.049140 0
0.277206 0
0.621385 0
0.009883 0
0.072362 0
0.363929 0
1.711205 0
0.608470 0
0.146941 0
1.028098 0
0.233404 0
0.619289 0
0.146539 0
0.117610 0
0.018862 0
0.196829 0
0.484316 0
0.531277 0
0.141424 0
0.090086 0
0.176167 0
0.043285 0
0.272385 0
0.725616 0
0.324640 0
0.068811 0
0.087510 0
0.410722 0
0.003940 0
1.422298 0
0.062044 0
0.330038 0
0.345986 0
0.408186 0
0.009720 0
0.138767 0
0.172357 0
0.525360 0
0.542953 0
0.526635 0
0.176728 0
0.534860 0
0.894404 0
0.701898 0
0.743231 0
1.797753 0
0.223264 0
0.374982 0
0.269420 0
0.453309 0
0.388099 0
0.054717 0
1.054914 0
0.058462 0
0.812983 0
1.148756 0
0.159249 0
0.799024 0
0.092427 0
0.208808 0
1.287653 0
0.030465 0
0.325268 0
0.664964 0
0.459852 0
0.023409 0
0.017613 0
0.149519 0
0.341934 0
0.514845 0
0.575599 0
0.182037 0
0.409829 0
0.133625 0
1.363311 0
0.810658 0
0.248214 0
0.340795 0
0.366142 0
0.120703 0
0.758809 0
0.220105 0
0.056577 0
0.822939 0
0.195393 0
0.222073 0
0.125563 0
0.162789 0
0.129734 0
0.150724 0
0.630924 0
0.841892 0
0.082286 0
0.374346 0
0.765295 0
0.360860 0
1.318456 0
0.205517 0
0.142380 0
1.408102 0
0.448311 0
0.080817 0
0.087863 0
1.087434 0
0.609610 0
0.907675 0
0.113206 0
0.496890 0
0.016749 0
0.456698 0
0.171797 0
0.031612 0
0.084796 0
0.035472 0
0.143305 0
0.202513 0
0.132514 0
0.106625 0
0.308758 0
0.619436 0
0.384628 0
0.128902 0
0.040866 0
0.004949 0
0.195287 0
0.073328 0
0.421046 0
0.192109 0
0.823283 0
0.063937 0
1.585387 0
0.134568 0
0.645187 0
0.268799 0
0.858928 0
0.028726 0
0.612305 0
0.323714 0
0.044452 0
0.676572 0
0.610616 0
1.027576 0
0.846407 0
1.693077 0
0.438832 0
1.697188 0
0.024195 0
0.072434 0
0.081689 0
0.210102 0
0.114872 0
0.013071 0
0.252531 0
0.102751 0
0.230620 0
0.013412 0
0.967961 0
1.979808 0
0.529703 0
0.163509 0
0.315283 0
0.098047 0
0.102186 0
0.972253 0
0.896842 0
1.723676 0
0.290147 0
0.105341 0
1.213968 0
0.555368 0
0.440593 0
0.103426 0
0.975255 0
1.243626 0
0.202345 0
0.415580 0
0.133035 0
0.684920 0
0.876924 0
0.294079 0
0.293469 0
0.148524 0
1.258697 0
1.025084 0
0.035582 0
0.487081 0
0.113460 0
1.378890 0
0.024569 0
0.175388 0
0.036697 0
0.446904 0
0.254403 0
0.927477 0
0.230449 0
0.370362 0
0.204969 0
1.433108 0
0.098399 0
1.278635 0
0.125888 0
0.920212 0
0.296175 0
0.120944 0
0.012051 0
0.151667 0
0.085878 0
0.191346 0
0.028211 0
0.190898 0
0.609848 0
0.050193 0
0.436052 0
0.386772 0
0.198108 0
1.022194 0
0.654576 0
0.228351 0
0.443425 0
0.802988 0
0.438006 0
0.363871 0
0.005234 0
0.090970 0
0.347655 0
0.058967 0
0.386478 0
0.487205 0
0.114749 0
0.408184 0
0.230187 0
1.335769 0
0.210397 0
0.211328 0
0.576524 0
1.129210 0
0.446309 0
1.432575 0
0.218956 0
0.743019 0
0.734781 0
0.180350 0
0.774846 0
0.143509 0
0.612549 0
0.265214 0
0.432971 0
0.209227 0
0.429845 0
0.121629 0
0.066153 0
0.083322 0
0.418660 0
1.222934 0
0.325679 0
0.117097 0
0.128332 0
0.101753 0
0.581356 0
0.241905 0
0.690755 0
0.989624 0
0.545622 0
0.554971 0
0.645192 0
0.306636 0
0.726017 0
0.459974 0
0.413438 0
0.779260 0
0.665523 0
0.238037 0
0.260372 0
0.916271 0
0.089054 0
0.005471 0
0.471071 0
0.142818 0
0.796495 0
0.879445 0
0.082740 0
0.622045 0
0.676084 0
0.644838 0
1.429129 0
0.425430 0
0.291158 0
0.039518 0
0.008863 0
0.603191 0
0.593454 0
0.064436 0
1.410128 0
0.070102 0
1.413082 0
0.647435 0
0.108573 0
0.808980 0
0.056818 0
0.298556 0
0.422381 0
0.274226 0
0.006045 0
0.180404 0
1.145137 0
0.068715 0
0.051911 0
0.096191 0
0.911706 0
1.273771 0
0.416517 0
0.332188 0
0.193908 0
1.233162 0
0.331364 0
0.649416 0
0.424936 0
0.743973 0
0.191812 0
0.404603 0
0.047389 0
0.993924 0
0.404759 0
0.215017 0
0.468429 0
0.300444 0
0.436954 0
1.295407 0
0.647139 0
0.732942 0
0.200827 0
0.030698 0
1.162024 0
0.463800 0
0.515267 0
1.372813 0
0.123006 0
0.334600 0
0.367693 0
0.890598 0
1.123501 0
0.812159 0
0.138905 0
0.349472 0
1.234284 0
0.393834 0
0.406295 0
0.280480 0
0.370803 0
0.077655 0
1.350963 0
0.020670 0
0.145319 0
0.477157 0
0.866964 0
0.055231 0
0.472423 0
0.602528 0
1.037559 0
0.616978 0
0.492194 0
1.176977 0
0.679144 0
0.082548 0
0.240379 0
0.972841 0
0.844520 0
1.626740 0
0.426757 0
0.254625 0
0.472185 0
0.061878 0
0.611729 0
0.853602 0
1.164196 0
0.110091 0
0.146181 0
0.767848 0
1.063128 0
0.481619 0
0.080473 0
0.090265 0
0.606437 0
1.082057 0
0.302804 0
0.310593 0
0.055901 0
1.505681 0
0.589093 0
1.212791 0
0.935157 0
0.314402 0
0.630979 0
1.234453 0
0.070077 0
0.041833 0
0.108275 0
0.247960 0
0.304869 0
0.225799 0
0.786018 0
0.372865 0
0.321001 0
2.271095 0
0.242157 0
0.199355 0
0.248282 0
0.301907 0
0.369299 0
0.415396 0
0.128280 0
0.148103 0
0.139732 0
0.720555 0
0.062923 0
0.243882 0
1.197560 0
0.379212 0
0.349348 0
0.584461 0
0.605942 0
1.090402 0
0.437556 0
0.095297 0
0.468970 0
1.198992 0
0.494938 0
0.283515 0
0.432144 0
0.140853 0
0.547274 0
0.771363 0
0.053637 0
0.369099 0
0.498771 0
0.248889 0
0.055699 0
0.836298 0
0.476932 0
0.597046 0
0.597861 0
0.072833 0
0.353758 0
0.274327 0
0.007173 0
0.811073 0
1.118818 0
0.431557 0
0.808373 0
0.596291 0
0.043973 0
0.750187 0
0.016034 0
0.696349 0
0.592567 0
0.960491 0
0.142233 0
0.099034 0
0.356545 0
0.241582 0
0.485470 0
1.436988 0
0.679699 0
0.185236 0
0.337928 0
0.107977 0
0.753314 0
0.760657 0
0.268529 0
0.136889 0
0.244939 0
0.484525 0
0.196845 0
1.460641 0
0.034275 0
0.304501 0
0.769046 0
0.165915 0
0.481082 0
0.346985 0
1.141358 0
0.088264 0
0.212295 0
0.041387 0
0.341016 0
2.040385 0
1.724833 0
0.278348 0
0.042338 0
1.333424 0
0.344827 0
0.853906 0
0.121149 0
0.742227 0
0.685910 0
0.402267 0
0.050262 0
0.346049 0
0.819002 0
0.044631 0
0.390691 0
0.511600 0
0.427336 0
0.228590 0
1.610237 0
0.711016 0
0.712406 0
0.111654 0
0.239070 0
0.167843 0
0.807211 0
0.967638 0
0.599742 0
0.547808 0
0.431654 0
0.521787 0
0.778930 0
0.869006 0
1.690959 0
1.070812 0
0.130356 0
0.009124 0
1.375111 0
0.099363 0
0.633571 0
0.377494 0
0.001897 0
0.803941 0
0.510152 0
0.227184 0
0.199574 0
0.608049 0
0.489370 0
0.345059 0
0.099470 0
0.314212 0
0.765731 0
0.016726 0
0.411885 0
0.840746 0
0.663232 0
0.127807 0
0.882079 0
0.889644 0
0.612863 0
0.660866 0
0.435537 0
1.428377 0
0.339212 0
0.075448 0
1.157311 0
0.074423 0
0.612531 0
0.413362 0
0.153300 0
0.452929 0
0.236679 0
0.647978 0
0.769536 0
0.820675 0
0.067790 0
0.108755 0
0.045326 0
0.234274 0
0.477775 0
0.951279 0
0.548636 0
1.232618 0
0.306858 0
0.329823 0
0.223306 0
0.073196 0
0.076177 0
1.296153 0
0.104216 0
0.306665 0
2.220577 0
1.614054 0
0.483212 0
0.392227 0
0.206808 0
0.767208 0
0.215390 0
0.143479 0
0.179831 0
1.595820 0
0.018451 0
0.045936 0
1.131994 0
0.368567 0
0.218659 0
0.802703 0
0.034495 0
0.948617 0
0.178569 0
0.511166 0
0.368082 0
0.876073 0
0.442000 0
0.890488 0
0.609964 0
0.466083 0
0.056896 0
1.702375 0
0.286622 0
0.083446 0
0.481021 0
0.054521 0
0.780302 0
1.396015 0
0.556210 0
0.484368 0
0.132862 0
1.101424 0
0.203480 0
0.139482 0
0.210149 0
0.061791 0
0.012642 0
0.150962 0
0.992360 0
0.135114 0
0.007323 0
0.606911 0
0.200558 0
0.075859 0
0.043991 0
0.068864 0
1.263126 0
0.775450 0
0.844195 0
0.576981 0
0.149042 0
0.188436 0
0.618194 0
1.616900 0
0.293305 0
0.260379 0
0.291061 0
0.773747 0
0.097412 0
0.567001 0
0.242128 0
0.282418 0
0.016294 0
0.015663 0
1.088954 0
0.063759 0
0.345586 0
0.770593 0
0.119584 0
0.268338 0
0.242834 0
0.033421 0
1.376316 0
0.018880 0
0.778307 0
0.609180 0
1.042539 0
0.766406 0
0.500224 0
1.049856 0
0.152164 0
0.228612 0
0.353601 0
0.012429 0
0.027274 0
0.412623 0
0.390884 0
0.835466 0
0.038357 0
0.209906 0
0.239626 0
0.081055 0
0.185297 0
0.003055 0
0.391994 0
0.203548 0
0.735450 0
0.939279 0
1.031536 0
0.015804 0
0.432054 0
0.703047 0
0.324747 0
0.061227 0
0.113155 0
0.269836 0
0.150811 0
1.097108 0
0.154039 0
1.164282 0
0.685617 0
0.040703 0
0.697509 0
1.032211 0
1.311831 0
1.402365 0
1.515863 0
0.473871 0
0.021818 0
1.207452 0
0.693148 0
1.069112 0
0.996224 0
0.056692 0
0.146540 0
1.413746 0
0.367792 0
0.402647 0
0.145647 0
0.678271 0
0.822738 0
0.488979 0
0.066997 0
1.527489 0
0.275431 0
0.081991 0
0.246107 0
0.546225 0
0.375748 0
0.603958 0
0.280463 0
1.372504 0
0.457758 0
0.022920 0
0.203430 0
0.057744 0
0.496072 0
0.254087 0
0.550871 0
0.216950 0
0.022088 0
0.286518 0
0.472158 0
0.448154 0
0.105179 0
0.427187 0
0.413297 0
0.016493 0
0.133498 0
0.085577 0
0.274088 0
0.328562 0
0.281710 0
0.014185 0
0.287504 0
0.403093 0
0.084698 0
1.501460 0
0.072506 0
1.437403 0
0.509722 0
0.101564 0
0.128716 0
0.442052 0
0.327020 0
0.470506 0
0.092420 0
0.418761 0
0.987233 0
0.260868 0
0.229829 0
0.145375 0
0.303355 0
0.185455 0
0.435681 0
0.477664 0
0.275083 0
0.333995 0
0.977280 0
0.059639 0
0.016779 0
0.491054 0
0.780676 0
0.191128 0
0.021382 0
0.437526 0
0.248627 0
0.221351 0
0.934999 0
0.047159 0
0.115669 0
0.115626 0
0.404598 0
0.045828 0
0.206745 0
0.091628 0
0.294703 0
1.100164 0
0.257731 0
0.281209 0
0.551993 0
1.292699 0
0.294279 0
0.335369 0
0.327649 0
0.511391 0
0.319188 0
0.284534 0
0.373015 0
0.459035 0
0.228850 0
0.368640 0
0.472531 0
0.425595 0
0.675521 0
0.513688 0
0.532427 0
0.359319 0
0.016646 0
0.292534 0
0.378840 0
0.978698 0
0.246209 0
0.633877 0
0.174276 0
0.275783 0
0.315755 0
0.868442 0
0.024476 0
0.032388 0
0.419294 0
0.674290 0
0.097717 0
0.245506 0
0.086366 0
0.139517 0
0.695259 0
0.016753 0
1.412242 0
0.308886 0
1.476785 0
0.155375 0
1.663962 0
0.264719 0
0.057405 0
0.216713 0
0.543885 0
0.817969 0
0.566792 0
0.195911 0
0.029952 0
0.918373 0
0.840250 0
0.083937 0
0.128033 0
1.234938 0
0.575885 0
0.943724 0
1.602604 0
0.283615 0
0.736806 0
0.423625 0
0.893019 0
0.864766 0
0.099431 0
0.181750 0
0.223416 0
0.754281 0
0.537509 0
0.234785 0
0.304673 0
0.098622 0
0.387712 0
0.325508 0
0.782199 0
0.555951 0
0.540353 0
0.108450 0
0.019331 0
0.426771 0
0.544917 0
0.055106 0
0.436763 0
0.034450 0
0.841636 0
0.123719 0
0.115713 0
0.032809 0
0.316376 0
0.179279 0
1.401892 0
0.040730 0
0.464948 0
0.244620 0
0.790243 0
0.151824 0
0.330864 0
0.156042 0
0.017144 0
0.355583 0
0.220157 0
1.228177 0
0.396427 0
0.955710 0
0.126924 0
0.659850 0
0.374496 0
0.966812 0
0.539410 0
0.095953 0
0.310210 0
0.213665 0
0.736921 0
0.756647 0
0.018003 0
0.773780 0
0.658290 0
1.366449 0
0.624006 0
0.414944 0
0.179398 0
0.704864 0
0.364343 0
0.427899 0
0.267360 0
0.875024 0
0.679855 0
0.018404 0
0.107069 0
0.491430 0
0.096262 0
0.762176 0
0.531988 0
0.085754 0
0.183639 0
0.158207 0
0.028480 0
1.737015 0
0.822948 0
0.204514 0
0.675304 0
0.437843 0
0.542715 0
0.015739 0
0.344732 0
0.452826 0
0.196819 0
0.186658 0
1.475813 0
0.619497 0
0.110735 0
0.362858 0
0.330323 0
0.170848 0
0.048858 0
0.362766 0
1.023485 0
0.070904 0
0.473357 0
0.964646 0
0.343185 0
0.603994 0
0.048926 0
0.234543 0
0.284407 0
1.334626 0
0.594248 0
1.245301 0
1.380500 0
0.255901 0
0.829046 0
2.129652 0
0.743856 0
0.076988 0
0.952178 0
0.581762 0
0.267466 0
0.448116 0
0.485008 0
1.826806 0
0.353855 0
0.663879 0
0.292698 0
0.801263 0
0.051685 0
0.315371 0
0.359479 0
0.372562 0
0.240503 0
0.369446 0
1.417923 0
0.021772 0
1.311572 0
1.548020 0
1.630178 0
0.247386 0
0.067010 0
0.281540 0
0.537289 0
1.486937 0
0.593879 0
0.082352 0
0.661976 0
0.027010 0
0.031351 0
0.167070 0
1.050953 0
0.038892 0
0.043036 0
0.578599 0
1.339860 0
0.047339 0
0.700297 0
0.220492 0
0.115051 0
0.020090 0
1.131846 0
0.623210 0
0.365862 0
0.347727 0
0.232383 0
1.048422 0
0.206985 0
0.617319 0
0.234348 0
0.789713 0
0.171062 0
0.297326 0
0.724791 0
0.229171 0
1.688405 0
1.146142 0
0.074832 0
0.129904 0
0.110901 0
0.038476 0
0.135437 0
0.883029 0
0.020675 0
0.397346 0
0.199347 0
0.433652 0
0.665699 0
0.110584 0
0.133732 0
0.238764 0
0.024212 0
0.235306 0
0.124275 0
0.188120 0
0.416707 0
0.622187 0
0.074257 0
0.043308 0
1.337692 0
0.075595 0
0.125976 0
0.918365 0
1.553460 0
0.033226 0
0.260114 0
1.108898 0
1.789352 0
0.439523 0
1.061876 0
0.305110 0
0.148618 0
0.400058 0
0.020903 0
0.873598 0
0.945583 0
0.017909 0
0.128930 0
0.304291 0
0.916833 0
0.296685 0
0.037168 0
0.496279 0
0.232943 0
0.325914 0
0.254975 0
0.565340 0
0.777652 0
0.498673 0
0.355681 0
0.473773 0
0.127432 0
1.365557 0
0.703797 0
0.308808 0
0.128604 0
0.809539 0
0.078100 0
1.372656 0
0.214426 0
0.099617 0
0.324003 0
0.036089 0
0.054413 0
0.108558 0
0.985966 0
0.065448 0
1.581654 0
1.120060 0
0.472096 0
0.946213 0
1.147715 0
0.353230 0
0.298795 0
0.075955 0
0.029041 0
0.108262 0
0.112739 0
0.423878 0
0.221515 0
1.402660 0
0.873483 0
0.537093 0
0.047353 0
0.648416 0
0.672973 0
0.051844 0
0.585960 0
0.205298 0
1.561747 0
0.455685 0
0.061618 0
0.632833 0
0.440349 0
0.535230 0
1.434559 0
0.287628 0
1.022130 0
0.139859 0
0.247561 0
0.296394 0
0.031038 0
0.053979 0
0.814503 0
1.362685 0
0.583594 0
0.418913 0
0.618749 0
0.376032 0
0.965438 0
0.120540 0
0.331034 0
0.131937 0
0.850252 0
0.433094 0
0.292560 0
0.637610 0
0.384827 0
0.107619 0
0.449549 0
0.041496 0
1.589403 0
0.736248 0
0.207110 0
0.042071 0
1.162269 0
0.567900 0
0.351575 0
0.129149 0
0.275216 0
0.130893 0
0.933554 0
0.293561 0
0.238504 0
0.059797 0
0.038214 0
0.149152 0
0.345515 0
0.537922 0
1.391711 0
0.604852 0
0.580389 0
0.171647 0
0.816257 0
0.073848 0
0.040009 0
0.128680 0
0.855382 0
0.595403 0
0.347407 0
0.787506 0
1.570258 0
0.401616 0
0.685816 0
0.405859 0
0.103736 0
0.596994 0
0.274950 0
1.369238 0
0.884041 0
0.127173 0
0.093720 0
0.202698 0
1.420882 0
0.060436 0
0.030438 0
0.533516 0
0.047603 0
0.702377 0
0.164449 0
1.008813 0
0.233505 0
0.052283 0
1.114884 0
0.005837 0
0.090676 0
0.368670 0
0.924934 0
0.102576 0
0.541021 0
0.320066 0
1.136354 0
0.236692 0
0.212030 0
0.802464 0
0.270113 0
1.289538 0
0.687953 0
0.327603 0
0.090345 0
0.058359 0
1.619734 0
0.742803 0
0.096214 0
0.138878 0
1.622342 0
0.036876 0
1.406025 0
0.478577 0
0.285414 0
0.154244 0
0.234230 0
0.599333 0
0.640826 0
0.070852 0
0.744228 0
0.208553 0
0.608940 0
0.494222 0
0.005933 0
0.680060 0
0.334443 0
0.652493 0
0.115563 0
0.283079 0
0.358785 0
0.348334 0
0.292597 0
1.148423 0
1.403845 0
0.228061 0
0.575033 0
0.129180 0
0.519962 0
0.376508 0
0.289755 0
0.986066 0
1.395164 0
0.193223 0
0.359470 0
0.629463 0
1.618132 0
0.436926 0
0.575203 0
0.408202 0
0.898294 0
0.038216 0
0.422129 0
0.295302 0
0.090126 0
0.052713 0
0.298717 0
0.089727 0
0.456686 0
0.054229 0
0.302873 0
1.602505 0
0.143266 0
0.036119 0
0.752097 0
0.162951 0
0.191691 0
0.090602 0
0.177254 0
1.186531 0
0.446718 0
0.055477 0
0.127800 0
0.388033 0
0.407543 0
0.425967 0
0.458522 0
0.030797 0
0.651887 0
0.195973 0
0.128882 0
0.390990 0
0.032679 0
0.307180 0
0.301260 0
0.135394 0
0.017303 0
0.094745 0
0.749852 0
1.518365 0
0.441582 0
1.162166 0
0.555097 0
0.035063 0
0.825209 0
0.402909 0
0.394675 0
0.817675 0
0.435664 0
0.056212 0
1.074226 0
0.337631 0
1.172160 0
0.745989 0
1.149143 0
0.050796 0
0.795802 0
0.317437 0
0.055795 0
1.226611 0
1.093544 0
0.373925 0
1.650319 0
0.406610 0
0.005525 0
0.283287 0
0.056503 0
0.318923 0
1.008063 0
1.016244 0
0.994136 0
0.207366 0
0.325479 0
0.920367 0
0.109257 0
0.304883 0
0.221123 0
0.012413 0
0.451335 0
0.457076 0
0.080796 0
0.849803 0
0.271856 0
0.039540 0
0.178424 0
0.047287 0
0.892141 0
0.998637 0
0.192588 0
1.098577 0
1.575827 0
0.741545 0
0.382943 0
0.308494 0
0.421746 0
0.386704 0
0.463828 0
0.366828 0
0.549263 0
0.194564 0
0.047172 0
0.160024 0
1.443895 0
0.133622 0
0.128010 0
0.040868 0
0.018067 0
0.943062 0
0.415571 0
0.942925 0
0.550433 0
0.055550 0
0.594283 0
0.066684 0
0.717709 0
0.932273 0
1.059458 0
0.204464 0
0.599713 0
1.189523 0
1.368231 0
0.017128 0
0.135141 0
0.303963 0
0.061044 0
0.049934 0
0.583613 0
0.593111 0
0.180763 0
0.213262 0
0.536478 0
0.838847 0
0.248457 0
0.657639 0
0.047303 0
0.152536 0
0.360626 0
0.115506 0
0.048821 0
0.012691 0
0.034646 0
0.583373 0
0.047122 0
1.073857 0
0.833931 0
0.279686 0
0.176226 0
0.075774 0
0.159101 0
0.957956 0
0.329077 0
0.374300 0
0.176520 0
1.457189 0
0.329827 0
0.452222 0
0.534133 0
0.098059 0
0.680000 0
0.915847 0
1.078372 0
1.541429 0
0.388622 0
0.060191 0
0.320649 0
0.875102 0
0.414671 0
0.031430 0
0.989679 0
1.408964 0
0.223531 0
1.473205 0
1.406757 0
0.140191 0
0.309493 0
1.682681 0
0.100781 0
0.080732 0
0.117436 0
0.055134 0
0.373515 0
0.732512 0
0.547024 0
0.180190 0
0.142515 0
0.097706 0
0.116843 0
0.332181 0
0.158139 0
0.437697 0
0.861701 0
0.082719 0
0.343242 0
1.511355 0
0.352395 0
0.705147 0
0.389164 0
0.114110 0
0.107403 0
0.437473 0
0.711865 0
0.021901 0
0.607360 0
0.530036 0
0.443173 0
0.080722 0
0.261496 0
1.180286 0
0.176097 0
0.020956 0
0.299427 0
0.469240 0
0.493244 0
0.223440 0
0.023475 0
0.046621 0
0.383119 0
1.405650 0
0.640967 0
0.800501 0
0.063523 0
0.489207 0
0.028348 0
0.269591 0
0.521609 0
0.567661 0
0.641948 0
1.328408 0
0.335557 0
0.358961 0
1.104566 0
0.026689 0
0.303805 0
0.574264 0
0.383236 0
1.108934 0
0.050611 0
0.444021 0
0.671694 0
0.539505 0
0.140692 0
0.217135 0
1.447785 0
1.314588 0
1.335765 0
0.263276 0
0.068511 0
1.388050 0
0.093369 0
0.188053 0
0.493026 0
1.292255 0
0.075105 0
1.426297 0
0.071515 0
0.361559 0
0.292001 0
0.229052 0
0.073930 0
1.022079 0
0.985032 0
0.889405 0
0.030907 0
0.262751 0
0.638137 0
1.122941 0
0.020221 0
0.747926 0
0.214678 0
0.280196 0
0.320373 0
0.748376 0
0.215561 0
0.083226 0
0.967815 0
1.462953 0
0.744250 0
0.736092 0
0.059703 0
0.286313 0
1.065774 0
1.450591 0
0.246367 0
0.346316 0
0.100087 0
0.076307 0
0.675095 0
0.397149 0
0.941613 0
0.567384 0
0.288321 0
0.375935 0
0.650456 0
0.630042 0
0.480672 0
0.420987 0
0.119208 0
0.752438 0
0.072396 0
0.991592 0
0.535689 0
0.541228 0
0.125867 0
0.300535 0
1.390012 0
0.121962 0
1.442508 0
0.110133 0
0.208349 0
0.198416 0
0.720656 0
0.031908 0
0.173668 0
0.459317 0
0.980978 0
0.347329 0
0.394065 0
0.351770 0
0.057963 0
0.331059 0
1.546082 0
0.133923 0
0.245450 0
0.482996 0
1.244512 0
0.119847 0
0.193471 0
0.204076 0
0.487588 0
0.624878 0
0.223117 0
0.202430 0
0.224012 0
0.091092 0
0.057362 0
0.253428 0
0.524001 0
0.252005 0
1.120381 0
0.141940 0
0.072284 0
0.108572 0
0.229488 0
0.436359 0
0.109525 0
0.675392 0
0.976577 0
1.040486 0
0.279011 0
1.399423 0
0.368543 0
0.233054 0
0.240579 0
0.806762 0
0.937422 0
0.400253 0
0.559002 0
0.322189 0
0.185243 0
0.665607 0
0.126488 0
0.523070 0
0.739840 0
0.311995 0
0.897792 0
0.312208 0
0.043563 0
1.346990 0
0.246762 0
1.352374 0
0.862881 0
0.597234 0
1.027921 0
0.812522 0
1.162256 0
0.549668 0
0.546821 0
0.212329 0
0.054398 0
0.219554 0
0.040440 0
1.083810 0
0.264568 0
0.498452 0
0.352228 0
0.366360 0
0.425809 0
0.068053 0
0.421266 0
0.704533 0
0.361595 0
0.034688 0
0.645192 0
0.378873 0
1.067286 0
0.941408 0
0.432049 0
0.058138 0
1.053896 0
0.408739 0
0.106249 0
0.748692 0
0.104611 0
0.046457 0
1.612643 0
1.637034 0
0.091942 0
0.041072 0
0.271787 0
0.343134 0
0.225404 0
0.166863 0
0.085845 0
0.319278 0
0.106047 0
0.187334 0
0.040230 0
0.359853 0
0.794845 0
0.144636 0
0.080314 0
0.215442 0
0.011711 0
0.135796 0
0.002182 0
0.353063 0
1.403354 0
0.431517 0
0.322872 0
0.056507 0
0.256049 0
0.222125 0
0.345783 0
0.090198 0
0.371173 0
0.376049 0
0.002736 0
0.425102 0
0.306004 0
1.547909 0
0.552550 0
0.243280 0
0.246827 0
0.727310 0
0.524232 0
0.977479 0
0.061462 0
0.065069 0
0.566214 0
0.345898 0
0.251710 0
0.540995 0
0.625242 0
0.225666 0
0.370719 0
0.125136 0
0.588426 0
1.570522 0
0.931451 0
0.891756 0
0.413005 0
0.274567 0
0.175931 0
0.168468 0
0.172146 0
0.297187 0
1.346152 0
0.442700 0
0.205631 0
0.244725 0
0.661292 0
0.762454 0
0.140480 0
0.317704 0
0.096707 0
0.360845 0
0.876948 0
0.169478 0
1.485487 0
1.083583 0
0.192920 0
0.546656 0
0.084791 0
0.128819 0
1.574832 0
1.267224 0
0.202157 0
0.227842 0
0.344669 0
0.063963 0
0.536586 0
0.649994 0
0.216352 0
0.046853 0
0.948983 0
0.570013 0
1.475242 0
1.129974 0
0.562091 0
1.425120 0
0.537353 0
0.033734 0
0.373186 0
1.402238 0
0.306757 0
0.437136 0
0.932731 0
0.044425 0
0.325137 0
1.261683 0
0.857221 0
0.131093 0
0.696601 0
0.525222 0
0.573129 0
0.040980 0
0.099218 0
0.193744 0
0.258003 0
0.752157 0
0.211112 0
0.323749 0
1.533225 0
0.044513 0
0.498819 0
0.321301 0
0.525489 0
0.132167 0
0.153991 0
0.253192 0
0.521380 0
1.531598 0
0.606784 0
0.259970 0
1.729389 0
1.445388 0
1.619637 0
0.395808 0
0.365525 0
0.730875 0
1.013216 0
1.162718 0
0.141927 0
1.015179 0
0.938865 0
0.174095 0
0.692330 0
0.659925 0
1.088176 0
1.245810 0
0.127940 0
0.205617 0
0.444478 0
0.164487 0
0.235044 0
0.259487 0
0.662252 0
0.419487 0
0.557442 0
0.220202 0
0.388275 0
0.380661 0
0.270141 0
0.485493 0
0.864410 0
1.090973 0
0.313871 0
0.164335 0
0.149516 0
1.435804 0
0.447871 0
0.547064 0
0.010592 0
1.602567 0
0.361027 0
0.188072 0
0.379380 0
0.485543 0
1.383380 0
0.028648 0
1.183391 0
0.047080 0
0.294914 0
0.267475 0
0.618052 0
0.160411 0
0.052812 0
0.446445 0
0.706219 0
0.044972 0
0.136410 0
1.527359 0
0.802145 0
0.169976 0
0.005107 0
0.537580 0
0.236596 0
0.923747 0
0.006422 0
0.013363 0
0.438343 0
0.340951 0
0.098219 0
1.292792 0
0.282220 0
0.203455 0
0.841196 0
0.097282 0
0.146864 0
0.180257 0
0.090821 0
0.130728 0
0.621592 0
0.424088 0
1.181737 0
1.613811 0
0.441198 0
0.464993 0
0.232989 0
0.148898 0
0.183236 0
0.563229 0
0.248939 0
0.247852 0
1.409471 0
0.251332 0
1.070097 0
0.325172 0
0.563474 0
0.053615 0
0.157996 0
0.038984 0
0.870656 0
1.365327 0
0.412821 0
0.038842 0
1.353471 0
0.025817 0
0.699471 0
0.072467 0
0.407619 0
0.308708 0
0.966936 0
0.872725 0
0.168624 0
0.494427 0
1.647913 0
0.203740 0
0.267545 0
0.660752 0
0.101077 0
0.258223 0
0.501780 0
1.382655 0
0.192668 0
1.161510 0
0.141660 0
0.562105 0
0.471353 0
1.062209 0
1.018311 0
0.350435 0
0.292109 0
0.296849 0
0.308100 0
0.277236 0
0.500490 0
0.098614 0
0.224347 0
0.290178 0
0.820743 0
0.332575 0
1.442582 0
0.321657 0
0.201567 0
1.477272 0
0.612621 0
0.034335 0
0.571710 0
0.027701 0
0.037264 0
0.346440 0
0.317667 0
0.154939 0
0.473807 0
0.530158 0
0.020945 0
0.870423 0
0.784594 0
1.429428 0
0.963688 0
0.148496 0
0.425329 0
0.029868 0
0.456891 0
0.295717 0
0.061645 0
0.417375 0
0.101630 0
0.677687 0
0.381898 0
0.263501 0
0.546978 0
0.136070 0
0.098343 0
1.416356 0
0.191941 0
0.016436 0
0.562067 0
0.604163 0
0.005048 0
0.188271 0
0.193773 0
0.374766 0
0.123988 0
0.101516 0
0.235315 0
0.229578 0
0.533967 0
1.390037 0
0.061449 0
0.641997 0
0.204964 0
0.084137 0
0.791969 0
0.430762 0
0.021288 0
0.818293 0
1.205519 0
0.421809 0
0.185652 0
1.614234 0
0.360905 0
0.611730 0
0.387493 0
0.020998 0
0.070177 0
0.143619 0
0.454309 0
1.139793 0
0.497911 0
1.505798 0
0.513854 0
0.098845 0
0.834189 0
0.292271 0
0.361548 0
0.751529 0
0.032668 0
0.108770 0
1.377405 0
0.265434 0
0.433949 0
0.538240 0
0.037368 0
0.431682 0
0.589818 0
0.063028 0
0.039180 0
0.512317 0
0.646350 0
0.454844 0
0.874220 0
1.411119 0
1.365564 0
0.127774 0
0.180288 0
0.074682 0
0.455872 0
0.494245 0
1.003030 0
0.028336 0
0.314172 0
0.532286 0
0.732686 0
0.022528 0
0.178008 0
0.044706 0
0.452217 0
0.634263 0
0.275187 0
0.265565 0
1.105308 0
0.042139 0
0.157414 0
0.154632 0
0.656368 0
0.316165 0
0.495782 0
0.393275 0
0.103169 0
0.243270 0
1.840584 0
0.829377 0
1.696153 0
1.573148 0
0.367042 0
0.475182 0
0.512198 0
0.087118 0
0.823661 0
0.362342 0
1.215427 0
1.034368 0
0.273644 0
0.611983 0
1.014834 0
0.040499 0
1.051986 0
0.194269 0
1.026234 0
0.753412 0
0.024161 0
1.216315 0
0.774562 0
0.333487 0
1.177788 0
0.032900 0
1.516227 0
0.441387 0
1.361360 0
0.340820 0
0.159292 0
0.070556 0
0.595971 0
0.085532 0
0.119019 0
0.527103 0
0.894070 0
0.027542 0
0.035590 0
0.407942 0
0.166188 0
0.126174 0
0.746736 0
0.235944 0
0.032655 0
0.490863 0
0.065703 0
0.960496 0
0.416566 0
0.018955 0
0.422370 0
0.818062 0
0.594829 0
0.338737 0
0.128982 0
0.325029 0
1.512728 0
0.042358 0
0.442381 0
0.309584 0
0.826043 0
0.176430 0
0.474525 0
0.823711 0
0.099466 0
0.299831 0
1.295796 0
1.067102 0
0.739718 0
1.002481 0
0.105972 0
0.158804 0
0.624786 0
0.480475 0
0.044037 0
0.090374 0
0.827262 0
0.001687 0
0.213707 0
0.621897 0
0.329978 0
0.625546 0
1.669157 0
1.363630 0
0.943671 0
0.038972 0
0.062158 0
0.613629 0
0.074651 0
0.438659 0
0.066540 0
0.980236 0
0.398707 0
1.274818 0
0.164304 0
0.494120 0
0.601921 0
0.101520 0
0.395366 0
0.125771 0
0.467309 0
1.190162 0
0.217413 0
0.409126 0
0.715613 0
0.518090 0
0.729221 0
1.030580 0
0.228183 0
0.811955 0
0.055161 0
0.122793 0
0.316714 0
0.523401 0
0.374963 0
1.067604 0
0.141990 0
0.051065 0
1.636321 0
0.045467 0
1.049282 0
0.590074 0
0.096383 0
0.023129 0
0.691813 0
1.537292 0
0.011016 0
0.619166 0
0.138832 0
0.142265 0
0.039521 0
1.137022 0
0.932368 0
0.101884 0
0.633400 0
0.298630 0
0.426114 0
0.469173 0
0.699242 0
0.807123 0
0.153047 0
0.510263 0
0.861904 0
0.649605 0
0.011226 0
0.905141 0
0.480142 0
0.216536 0
0.309555 0
0.302628 0
0.181182 0
0.086112 0
0.209373 0
0.136754 0
1.552635 0
1.214754 0
0.090460 0
0.084439 0
0.267084 0
0.412770 0
0.119619 0
0.453060 0
0.369110 0
0.127061 0
0.110436 0
0.125605 0
0.489207 0
1.352045 0
0.471409 0
0.009792 0
1.795445 0
0.461840 0
0.484415 0
0.882815 0
1.572351 0
0.490731 0
0.532628 0
0.288106 0
1.365730 0
0.111875 0
0.481299 0
0.249728 0
0.269945 0
0.417079 0
0.060101 0
0.121582 0
0.165419 0
0.314772 0
0.102818 0
0.659246 0
0.536040 0
0.617167 0
0.705552 0
0.128212 0
0.133050 0
0.324216 0
0.304664 0
0.201732 0
0.337673 0
0.761717 0
0.733090 0
0.175701 0
0.224559 0
0.921815 0
0.266905 0
0.405149 0
0.311260 0
0.202328 0
1.424551 0
1.049140 0
0.189945 0
0.723025 0
0.301018 0
1.142152 0
0.601972 0
0.728506 0
1.669883 0
0.036659 0
0.582722 0
0.117999 0
0.100759 0
2.060770 0
0.597012 0
0.083853 0
0.021727 0
0.215707 0
0.105433 0
1.045659 0
1.962934 0
0.281202 0
0.149008 0
0.221790 0
1.283025 0
0.511314 0
0.237676 0
0.176115 0
0.411974 0
0.006847 0
0.338569 0
0.505010 0
1.210937 0
0.082829 0
0.557538 0
0.310035 0
0.335155 0
0.104878 0
0.014729 0
0.663087 0
0.138360 0
0.935416 0
0.109405 0
0.866744 0
0.190063 0
0.111182 0
1.264490 0
0.279771 0
0.095672 0
0.280171 0
0.263918 0
0.239905 0
0.183330 0
0.488956 0
0.067271 0
0.146370 0
0.476249 0
0.266358 0
0.691891 0
0.240579 0
1.161013 0
0.119042 0
0.981700 0
0.357572 0
1.323918 0
0.020912 0
0.507535 0
0.431906 0
0.237900 0
0.257649 0
0.019838 0
0.257197 0
0.182157 0
0.097250 0
0.072337 0
0.196739 0
0.725298 0
0.324784 0
1.371888 0
0.644775 0
0.527740 0
0.405988 0
0.308195 0
0.093478 0
1.092250 0
1.049211 0
0.174497 0
0.066931 0
0.313570 0
0.582899 0
0.273642 0
0.580648 0
0.898846 0
0.123798 0
0.386443 0
0.404884 0
0.448655 0
1.767516 0
0.357552 0
0.012791 0
0.190499 0
0.149603 0
0.115846 0
0.043048 0
0.575926 0
0.133470 0
0.180345 0
0.004551 0
0.022248 0
0.483747 0
0.182772 0
0.767970 0
0.599027 0
1.203307 0
0.020532 0
1.267514 0
0.206477 0
0.055257 0
0.406040 0
0.009747 0
0.297942 0
0.141088 0
0.319410 0
0.733079 0
0.450515 0
0.570158 0
0.831467 0
1.361873 0
0.465719 0
0.027188 0
0.188121 0
0.147301 0
0.774610 0
0.218778 0
0.489747 0
0.359848 0
0.962227 0
0.143469 0
1.617883 0
0.006367 0
0.465339 0
0.111753 0
0.265583 0
0.411806 0
0.057945 0
0.157743 0
1.594396 0
0.538687 0
0.144675 0
0.313845 0
0.195180 0
0.475736 0
0.399724 0
0.128972 0
1.023252 0
1.143255 0
0.059460 0
0.936122 0
0.059303 0
1.524730 0
0.813587 0
0.354287 0
0.246330 0
0.479531 0
0.595968 0
0.391995 0
0.620784 0
0.674686 0
0.033313 0
0.186666 0
0.029959 0
1.094400 0
0.559450 0
1.033557 0
0.055914 0
0.092293 0
0.259457 0
0.480346 0
1.031244 0
0.043083 0
0.797114 0
0.172395 0
0.032373 0
0.423593 0
0.028930 0
0.461998 0
0.432243 0
1.420675 0
0.124424 0
0.396911 0
0.355171 0
0.436152 0
0.458596 0
0.348436 0
0.068271 0
0.043538 0
0.238443 0
0.048120 0
0.336698 0
0.139331 0
0.130726 0
0.479325 0
0.258599 0
0.513546 0
0.822008 0
0.080461 0
0.575963 0
1.367401 0
0.242342 0
0.124969 0
0.145542 0
0.057305 0
0.384063 0
0.256899 0
0.081767 0
0.183840 0
0.427150 0
1.186285 0
0.659639 0
0.584723 0
0.039000 0
0.415912 0
1.155894 0
1.413358 0
0.209351 0
0.388773 0
1.078297 0
0.146160 0
1.577917 0
0.369544 0
0.357121 0
0.180943 0
0.320741 0
0.360220 0
0.084845 0
1.592495 0
0.022312 0
0.246647 0
0.247069 0
0.591123 0
0.461300 0
1.028823 0
0.115987 0
0.628976 0
0.674614 0
1.212807 0
0.912734 0
0.144742 0
1.188701 0
1.122998 0
1.032246 0
0.745156 0
0.955513 0
0.508533 0
0.009951 0
0.368238 0
0.927087 0
0.707555 0
0.119921 0
0.374643 0
0.463225 0
0.035270 0
0.082532 0
0.697237 0
1.324121 0
0.344379 0
0.263133 0
0.099199 0
0.820461 0
0.140783 0
0.416831 0
0.177584 0
0.970805 0
0.474989 0
0.019464 0
0.157509 0
1.024254 0
0.153564 0
0.169182 0
0.461482 0
0.527599 0
0.918383 0
0.111517 0
0.126973 0
0.251233 0
0.064055 0
0.851097 0
0.446214 0
0.807925 0
0.258347 0
0.309117 0
1.083758 0
0.431368 0
0.252525 0
1.033015 0
0.549599 0
0.566698 0
0.938650 0
0.176039 0
0.136206 0
0.058923 0
1.244042 0
0.063770 0
0.147572 0
1.280098 0
0.186692 0
1.014577 0
0.761658 0
0.041689 0
0.111712 0
0.210080 0
0.113550 0
0.486524 0
0.211448 0
0.101027 0
0.257740 0
0.172324 0
1.528395 0
0.346879 0
0.266862 0
0.427553 0
1.577360 0
0.159839 0
0.639400 0
0.363424 0
0.070622 0
0.202283 0
0.092692 0
1.958927 0
1.752680 0
0.170089 0
0.099064 0
0.166315 0
0.623253 0
0.494343 0
0.242719 0
0.180709 0
0.593065 0
0.200949 0
0.056320 0
0.317453 0
0.723597 0
0.693021 0
0.003232 0
0.546222 0
0.117621 0
0.398219 0
0.572141 0
0.164962 0
0.092620 0
1.029173 0
0.758794 0
0.178350 0
0.209906 0
0.810549 0
0.404381 0
0.894936 0
0.702947 0
0.242210 0
1.151484 0
0.357548 0
0.634917 0
0.411388 0
0.310155 0
0.237477 0
0.048441 0
0.211520 0
0.567029 0
0.125421 0
0.412245 0
0.220376 0
0.737309 0
0.110602 0
0.363503 0
1.127218 0
0.519783 0
0.383073 0
1.447168 0
0.902550 0
0.389508 0
1.051091 0
0.353826 0
0.212223 0
0.038153 0
0.034694 0
1.397391 0
0.246151 0
0.214061 0
0.166062 0
0.336375 0
0.147819 0
0.132394 0
0.079540 0
0.809662 0
0.226211 0
0.882219 0
0.131433 0
0.225424 0
0.290669 0
0.065933 0
0.175405 0
0.037982 0
0.033009 0
0.008641 0
0.760918 0
0.005993 0
1.484900 0
0.890034 0
0.076266 0
0.506524 0
0.106917 0
0.597159 0
0.095860 0
0.336075 0
0.878231 0
0.153797 0
0.626984 0
0.119704 0
0.575748 0
0.252540 0
0.495472 0
0.293336 0
0.076728 0
0.383461 0
0.428102 0
0.831607 0
0.233882 0
0.410523 0
0.037225 0
0.025799 0
0.095593 0
0.002452 0
0.153478 0
0.067674 0
0.797243 0
0.013475 0
0.046496 0
0.221086 0
0.817081 0
0.288621 0
0.438556 0
0.471683 0
0.293473 0
0.230702 0
0.320984 0
0.322988 0
1.133548 0
0.088293 0
0.487238 0
0.178124 0
0.406191 0
0.061153 0
1.083438 0
0.036061 0
0.290904 0
0.091043 0
0.726456 0
1.042826 0
0.313780 0
0.288196 0
0.501405 0
0.144045 0
0.028460 0
0.592428 0
0.732253 0
0.237075 0
0.125954 0
0.058129 0
1.549259 0
1.364152 0
0.110617 0
0.900194 0
0.616743 0
0.692964 0
1.430888 0
0.410759 0
0.876391 0
0.433221 0
0.165911 0
0.385157 0
0.066254 0
0.096157 0
0.564927 0
0.099787 0
0.697729 0
1.287022 0
0.970154 0
0.667799 0
0.712712 0
0.656970 0
0.477442 0
0.375505 0
0.068420 0
0.010145 0
0.408056 0
0.541388 0
0.192309 0
0.151604 0
0.316830 0
1.306280 0
0.385163 0
0.435581 0
0.514871 0
0.231749 0
1.237448 0
0.508698 0
0.691882 0
0.050134 0
0.986510 0
0.014262 0
0.148766 0
0.047085 0
1.884882 0
0.140285 0
1.151456 0
1.610062 0
0.475021 0
0.311630 0
0.310560 0
0.202136 0
1.611280 0
0.935181 0
0.158611 0
0.788514 0
0.971338 0
0.363182 0
0.063200 0
1.124972 0
0.211877 0
0.433615 0
0.728244 0
0.310180 0
0.100212 0
0.812688 0
0.202859 0
1.550582 0
0.178831 0
0.039390 0
0.579957 0
0.186834 0
0.201200 0
0.658084 0
0.051113 0
0.975594 0
0.250480 0
0.386032 0
1.022766 0
0.075411 0
0.493942 0
0.025786 0
1.332083 0
0.050348 0
0.327761 0
0.502377 0
0.407932 0
0.454623 0
0.885942 0
0.051384 0
0.015702 0
0.287587 0
0.486915 0
0.164091 0
0.692396 0
0.219702 0
1.209634 0
0.189023 0
0.041422 0
0.051907 0
0.656223 0
0.110714 0
0.108070 0
0.173098 0
0.124667 0
0.237430 0
0.842928 0
0.439485 0
0.192101 0
0.282181 0
1.420263 0
0.143481 0
0.601966 0
0.978761 0
0.312978 0
0.620289 0
0.202029 0
1.262386 0
0.406363 0
0.391966 0
0.129490 0
0.158909 0
0.183757 0
1.008940 0
0.366221 0
0.386175 0
1.200627 0
0.246711 0
0.569215 0
0.115525 0
0.820097 0
0.267375 0
1.099095 0
0.206521 0
0.204892 0
0.553444 0
0.194025 0
0.120716 0
0.656317 0
0.482553 0
1.196887 0
0.052808 0
1.478348 0
0.959680 0
0.682101 0
2.159806 0
0.190440 0
0.637882 0
1.453010 0
0.937765 0
0.718917 0
0.388891 0
0.081037 0
0.488853 0
0.548902 0
0.033442 0
0.104626 0
0.319399 0
0.364784 0
0.363832 0
0.283875 0
0.339284 0
0.059039 0
0.484232 0
0.227760 0
0.784449 0
0.663933 0
0.138951 0
0.020436 0
0.600537 0
0.406260 0
0.077268 0
0.519136 0
0.439249 0
0.014868 0
0.171031 0
1.427628 0
0.118905 0
0.347394 0
0.627808 0
0.731881 0
0.051112 0
0.195084 0
0.068503 0
0.017573 0
0.082530 0
1.350476 0
0.139408 0
1.464973 0
0.149837 0
0.067671 0
0.228804 0
0.621569 0
0.099102 0
0.955716 0
1.136323 0
0.518736 0
0.092391 0
0.319959 0
0.094329 0
1.558776 0
0.189870 0
0.462385 0
1.454451 0
0.970575 0
0.430061 0
0.102994 0
0.889135 0
0.117304 0
0.060526 0
0.016780 0
0.194597 0
0.054145 0
0.027680 0
0.160054 0
0.021106 0
1.020699 0
0.080462 0
0.072777 0
0.144354 0
0.447732 0
1.052763 0
0.453321 0
0.636935 0
0.679567 0
0.597898 0
0.792715 0
0.014407 0
0.148980 0
0.169345 0
0.191877 0
0.283890 0
0.289109 0
0.873085 0
0.394759 0
0.042446 0
0.007764 0
0.465162 0
0.380973 0
0.163591 0
0.118429 0
0.481381 0
0.270759 0
0.454249 0
0.692555 0
0.039112 0
0.109847 0
0.703164 0
0.171717 0
1.459606 0
0.655092 0
0.367841 0
0.734508 0
0.189319 0
0.147559 0
1.359501 0
1.362157 0
0.647630 0
0.111468 0
0.359682 0
1.382171 0
1.600756 0
0.307061 0
0.375791 0
0.831196 0
0.445956 0
0.972883 0
0.822964 0
0.053466 0
0.208510 0
0.456139 0
0.551695 0
0.054682 0
0.939227 0
0.982168 0
0.123068 0
0.779395 0
0.231498 0
0.900165 0
0.437084 0
1.540695 0
0.706729 0
0.144870 0
0.123670 0
0.269595 0
0.030078 0
0.734084 0
0.414023 0
0.268455 0
0.414698 0
0.115915 0
0.141106 0
0.519057 0
0.479837 0
0.407380 0
0.101674 0
0.081010 0
0.279845 0
0.074537 0
0.642730 0
0.468559 0
0.079170 0
0.447364 0
0.483112 0
1.428232 0
0.407124 0
0.092752 0
0.544413 0
0.348175 0
0.294089 0
0.847974 0
0.313787 0
0.047470 0
1.112339 0
0.848097 0
0.185612 0
0.847335 0
0.317330 0
0.421089 0
0.433917 0
1.246027 0
0.320760 0
0.190324 0
0.513632 0
0.834287 0
0.443252 0
0.087199 0
0.596652 0
0.226597 0
0.188357 0
0.248571 0
0.920127 0
0.127891 0
0.503777 0
0.344847 0
0.064078 0
0.296871 0
0.071010 0
0.036820 0
0.371783 0
0.169157 0
0.389442 0
0.293160 0
0.160637 0
0.202750 0
0.605714 0
0.338558 0
0.896529 0
0.626474 0
1.553988 0
0.220867 0
0.199492 0
0.311504 0
1.014750 0
0.472658 0
0.077198 0
0.954004 0
0.714488 0
1.412302 0
0.147976 0
0.720733 0
0.741240 0
1.165492 0
0.156882 0
0.706337 0
1.303449 0
0.312065 0
0.253781 0
1.139143 0
0.379163 0
0.019644 0
1.244984 0
1.043527 0
1.112991 0
0.789950 0
1.501512 0
1.367444 0
1.021451 0
0.404495 0
0.805468 0
0.249179 0
0.228138 0
0.199905 0
0.706071 0
0.052612 0
0.040038 0
0.878902 0
0.052646 0
0.667654 0
0.195009 0
0.889660 0
0.527457 0
1.372586 0
0.333913 0
0.312290 0
1.020819 0
0.052884 0
0.332012 0
1.445159 0
0.117638 0
1.260531 0
0.592432 0
0.645263 0
0.369259 0
0.561875 0
0.881607 0
0.115630 0
0.352662 0
0.255297 0
1.598688 0
0.589717 0
1.642806 0
0.422541 0
1.104404 0
0.521973 0
0.200390 0
0.744008 0
0.173125 0
1.325169 0
0.547063 0
0.137497 0
0.964873 0
0.942221 0
0.459879 0
0.265392 0
0.253124 0
0.064241 0
0.239078 0
0.920589 0
0.183868 0
0.722624 0
0.366724 0
0.119109 0
0.313591 0
0.192123 0
0.085625 0
0.335285 0
0.236517 0
0.769806 0
0.043628 0
0.033978 0
0.557101 0
0.526636 0
0.373285 0
0.659023 0
0.694298 0
0.047850 0
0.507035 0
0.022107 0
0.094476 0
0.514705 0
0.259307 0
0.016180 0
0.057878 0
0.043286 0
1.110289 0
0.023708 0
0.206557 0
0.374358 0
0.379898 0
1.619524 0
0.177019 0
0.204972 0
0.014294 0
0.452215 0
0.161301 0
0.039918 0
0.699011 0
0.313011 0
0.486587 0
0.230396 0
0.108502 0
0.400666 0
0.331649 0
0.643050 0
0.172600 0
0.011951 0
0.375241 0
0.714161 0
0.322680 0
1.572790 0
1.312161 0
0.089497 0
0.257905 0
0.277013 0
0.072770 0
0.071582 0
0.432214 0
0.616146 0
1.599813 0
0.045264 0
0.279843 0
0.996479 0
0.579311 0
0.196904 0
0.501443 0
0.141653 0
0.792306 0
0.292407 0
0.156045 0
0.175999 0
0.294234 0
0.201226 0
0.054756 0
0.133055 0
0.223474 0
0.537051 0
0.055845 0
0.259868 0
0.470823 0
0.401066 0
0.094213 0
0.177984 0
0.250776 0
0.890345 0
0.441280 0
0.386451 0
0.500471 0
0.736343 0
0.041984 0
1.336894 0
1.239243 0
0.092285 0
0.193460 0
1.523721 0
0.180072 0
0.193595 0
1.067827 0
0.144264 0
1.527859 0
0.391656 0
0.208173 0
0.713328 0
1.290891 0
0.435884 0
0.156311 0
0.197217 0
1.606414 0
0.271645 0
1.053202 0
0.218945 0
1.034310 0
0.012485 0
0.295768 0
0.011302 0
1.134955 0
0.221404 0
0.434083 0
0.079549 0
0.503406 0
1.194635 0
0.197229 0
0.898535 0
0.820238 0
0.229985 0
1.493865 0
1.181662 0
0.185325 0
0.251634 0
1.029557 0
0.004521 0
0.298841 0
0.419796 0
0.101816 0
0.375186 0
0.303842 0
1.518414 0
0.405556 0
0.621998 0
0.128541 0
0.048027 0
0.162122 0
0.317742 0
0.077291 0
0.164323 0
0.357546 0
0.520154 0
0.227709 0
1.225388 0
0.246134 0
0.524665 0
0.338684 0
0.446965 0
0.534752 0
0.058321 0
1.412213 0
0.467139 0
0.040109 0
0.375657 0
0.145813 0
0.755816 0
0.029893 0
0.159567 0
0.472676 0
0.791390 0
0.016831 0
1.515164 0
0.060989 0
1.331348 0
0.814639 0
1.054264 0
0.899904 0
1.511282 0
0.598844 0
0.226810 0
0.076065 0
0.017175 0
0.008927 0
0.394568 0
0.064234 0
0.616331 0
1.107077 0
0.074621 0
0.033745 0
0.292796 0
0.605925 0
0.654376 0
0.432578 0
0.159792 0
1.043356 0
0.086396 0
1.943314 0
0.034970 0
0.009465 0
0.852626 0
0.580618 0
0.873486 0
1.497384 0
0.248000 0
0.963494 0
0.063168 0
1.223772 0
0.426052 0
0.083776 0
0.351042 0
1.040099 0
0.181671 0
0.182619 0
0.775930 0
0.589725 0
0.705751 0
0.334807 0
0.657438 0
0.241346 0
0.202349 0
1.250691 0
0.224419 0
0.112174 0
0.301359 0
0.079292 0
0.342314 0
0.850389 0
0.442987 0
0.044977 0
0.541512 0
0.045618 0
1.104310 0
0.445045 0
0.379440 0
0.062050 0
0.152726 0
1.389135 0
0.070875 0
0.924450 0
0.027453 0
0.542147 0
0.238366 0
0.076965 0
0.714140 0
0.482060 0
0.358869 0
1.086985 0
0.032601 0
1.161438 0
0.202509 0
0.269536 0
0.523355 0
0.447803 0
1.356793 0
0.893023 0
0.350991 0
0.843583 0
1.363018 0
0.450712 0
0.828195 0
0.275197 0
0.187218 0
1.367799 0
0.539061 0
0.725739 0
0.181092 0
0.165425 0
0.009206 0
0.249638 0
0.012950 0
0.357075 0
0.249316 0
0.888434 0
1.607913 0
0.144170 0
0.066540 0
0.070113 0
0.238303 0
0.648552 0
0.141908 0
0.343611 0
0.068670 0
1.139221 0
0.152555 0
1.515227 0
0.510392 0
0.751975 0
0.933307 0
0.275096 0
0.107120 0
1.110742 0
0.740328 0
0.219290 0
0.186873 0
0.615510 0
1.174340 0
0.374107 0
0.061892 0
0.078507 0
0.801302 0
0.056695 0
0.469983 0
0.086935 0
0.268856 0
0.883073 0
0.130406 0
0.216263 0
0.917955 0
0.199084 0
0.564082 0
0.450752 0
0.759675 0
0.722331 0
0.144997 0
0.472947 0
0.224790 0
1.057352 0
0.190398 0
0.444798 0
0.085895 0
1.040433 0
0.145978 0
0.185160 0
0.478486 0
0.136137 0
0.320422 0
0.901648 0
1.562888 0
0.227626 0
0.509539 0
0.088263 0
0.368327 0
0.928698 0
0.110721 0
0.136770 0
0.090339 0
1.018642 0
1.459070 0
0.012719 0
0.050316 0
1.362648 0
1.224608 0
0.271761 0
0.503986 0
0.191132 0
0.020703 0
0.122832 0
0.287400 0
0.156258 0
0.229519 0
0.166824 0
0.455934 0
0.310126 0
0.274256 0
0.046051 0
0.540276 0
0.019398 0
0.260848 0
0.592908 0
0.235515 0
0.479880 0
1.151669 0
1.749573 0
0.161136 0
1.491110 0
0.384154 0
0.709384 0
0.196318 0
1.461252 0
0.666706 0
0.811462 0
0.070397 0
1.647608 0
0.051021 0
0.839772 0
0.915727 0
0.261768 0
0.781267 0
0.358753 0
0.696331 0
0.449788 0
0.018328 0
0.731815 0
1.378519 0
0.035110 0
0.269957 0
0.079180 0
1.096830 0
1.603658 0
0.508236 0
0.579731 0
1.063759 0
0.818717 0
1.159113 0
1.046714 0
0.556618 0
0.108644 0
0.370551 0
0.502408 0
0.227850 0
1.285775 0
0.229050 0
0.414042 0
0.139949 0
0.577887 0
1.215236 0
0.095801 0
0.166444 0
0.388339 0
0.253550 0
0.499272 0
0.397370 0
1.362025 0
0.812369 0
0.063722 0
0.037879 0
0.603519 0
0.275500 0
0.400349 0
0.501454 0
0.415746 0
0.122080 0
1.190781 0
0.178088 0
0.102184 0
0.054857 0
0.598788 0
1.536229 0
1.830181 0
0.735291 0
1.523082 0
0.249058 0
0.353878 0
0.133872 0
0.587188 0
0.200168 0
1.406974 0
0.117433 0
0.147535 0
0.300422 0
0.567830 0
0.279317 0
0.003969 0
0.026906 0
1.204537 0
0.849565 0
1.091717 0
0.046414 0
0.110644 0
1.147842 0
1.315097 0
0.564114 0
0.356496 0
0.978439 0
0.411536 0
1.183174 0
0.143687 0
0.536513 0
0.154540 0
1.252202 0
0.054947 0
1.003290 0
0.976454 0
0.049424 0
0.011668 0
0.133823 0
0.243580 0
1.466627 0
0.450031 0
0.434919 0
0.118160 0
0.290854 0
1.146040 0
0.715285 0
0.800209 0
0.283425 0
1.498357 0
0.210982 0
1.365028 0
0.846033 0
1.453578 0
0.842590 0
0.140485 0
0.134412 0
1.516385 0
0.707249 0
0.075294 0
0.013909 0
0.109015 0
0.043612 0
0.235644 0
1.170477 0
0.918765 0
0.099825 0
0.036160 0
0.659449 0
0.876290 0
0.150666 0
0.032810 0
0.252581 0
0.647470 0
0.912177 0
1.116921 0
0.060210 0
1.620056 0
0.811644 0
0.206668 0
1.054702 0
0.860697 0
0.939139 0
0.404980 0
0.586301 0
0.006763 0
0.886689 0
0.265143 0
0.108089 0
0.545837 0
0.424665 0
0.260921 0
0.438981 0
0.130227 0
0.521829 0
0.053272 0
0.051073 0
0.030117 0
1.198636 0
0.075312 0
0.289773 0
0.066634 0
0.163720 0
0.487963 0
0.339895 0
1.486568 0
0.236223 0
0.734660 0
1.813777 0
0.439963 0
0.042753 0
1.047306 0
0.291797 0
0.189051 0
0.463674 0
0.365100 0
0.405626 0
0.411169 0
0.926782 0
0.361421 0
0.256580 0
0.451773 0
0.057781 0
0.671169 0
0.805814 0
0.042077 0
0.108656 0
0.241889 0
0.582469 0
0.374904 0
0.530293 0
0.261297 0
0.406287 0
1.040470 0
0.201660 0
0.043300 0
1.369414 0
1.032458 0
0.112005 0
0.753572 0
0.169187 0
0.634976 0
0.216911 0
0.097327 0
0.597453 0
0.145698 0
0.478162 0
1.724835 0
0.912166 0
0.266795 0
1.372947 0
0.196817 0
0.332207 0
0.449176 0
0.846301 0
1.006632 0
1.714587 0
0.471006 0
0.078216 0
0.583220 0
0.460949 0
0.885442 0
0.283058 0
0.189108 0
0.073323 0
0.484070 0
0.501455 0
0.043680 0
0.075304 0
0.061141 0
0.457120 0
0.786086 0
0.708505 0
0.713563 0
0.149771 0
0.607049 0
0.347797 0
0.192275 0
0.076675 0
0.347658 0
0.538308 0
0.071533 0
0.151944 0
0.064179 0
0.057639 0
0.823527 0
0.596897 0
1.086200 0
0.022038 0
0.110062 0
0.117204 0
0.491316 0
0.216574 0
0.483222 0
1.394987 0
0.545029 0
0.612034 0
0.468505 0
0.033330 0
0.200815 0
0.169309 0
0.249074 0
0.022398 0
0.314416 0
0.069805 0
0.148149 0
0.252342 0
1.237814 0
0.269652 0
1.575065 0
0.542389 0
1.528543 0
0.368061 0
0.574070 0
1.362304 0
0.075044 0
0.231821 0
0.605544 0
0.458116 0
0.687259 0
1.165223 0
0.725144 0
0.441073 0
0.838908 0
1.324154 0
0.234601 0
0.690498 0
0.108578 0
0.050084 0
0.329681 0
0.199806 0
1.479908 0
0.922159 0
0.598848 0
0.524254 0
0.339400 0
0.443937 0
0.081285 0
1.631937 0
0.210225 0
0.193944 0
0.119294 0
1.395541 0
0.097852 0
0.516047 0
0.685389 0
0.447780 0
1.543566 0
0.471047 0
0.161262 0
0.615553 0
0.739313 0
0.986679 0
0.535641 0
0.040451 0
0.164542 0
0.119667 0
1.194689 0
0.224151 0
0.386959 0
1.316704 0
0.183564 0
0.211892 0
1.410003 0
0.130142 0
0.457819 0
0.354536 0
1.261009 0
1.380241 0
1.308508 0
0.098379 0
0.216731 0
0.382758 0
0.101030 0
0.494693 0
1.021498 0
0.129740 0
0.663742 0
0.178160 0
0.169893 0
0.079570 0
0.058157 0
0.127669 0
0.181037 0
0.354019 0
0.400420 0
0.425211 0
0.224347 0
0.836980 0
0.364955 0
0.134298 0
0.130954 0
0.787380 0
0.493865 0
0.566141 0
0.262490 0
0.853797 0
0.327512 0
1.386628 0
0.037309 0
0.071572 0
0.028285 0
1.263405 0
0.217817 0
0.253481 0
0.337500 0
0.214454 0
0.535355 0
1.391332 0
1.008877 0
0.374392 0
0.317441 0
0.063013 0
1.451079 0
1.018038 0
0.085380 0
0.355090 0
0.137128 0
0.426727 0
0.796086 0
1.575624 0
0.007129 0
0.309711 0
0.179120 0
0.687745 0
0.608297 0
0.269474 0
1.432413 0
0.663413 0
1.408053 0
0.171620 0
0.758472 0
0.954806 0
1.025073 0
0.333286 0
1.436704 0
0.103847 0
0.030164 0
0.092596 0
0.500616 0
0.337683 0
0.198763 0
0.132227 0
0.689204 0
0.156717 0
0.012761 0
0.608409 0
0.250904 0
0.001876 0
0.181539 0
0.154518 0
0.663273 0
0.429121 0
0.370592 0
0.121428 0
0.330091 0
0.568041 0
1.475479 0
0.310676 0
0.527672 0
0.140028 0
0.250029 0
0.972648 0
0.501022 0
0.220311 0
0.235650 0
0.479667 0
0.121111 0
0.290955 0
0.159956 0
0.673200 0
0.257661 0
1.934910 0
1.460332 0
0.917916 0
0.521667 0
0.308913 0
0.609156 0
1.011881 0
0.693141 0
0.084214 0
0.273193 0
0.594357 0
0.526031 0
0.137906 0
0.070631 0
0.356517 0
0.073297 0
1.002668 0
0.576073 0
0.144721 0
0.617891 0
1.065647 0
0.013738 0
0.559291 0
0.070630 0
0.350094 0
0.476204 0
0.573298 0
0.346643 0
0.427396 0
0.556931 0
0.347814 0
0.934939 0
0.143861 0
0.496642 0
1.768880 0
0.932136 0
0.752161 0
0.446297 0
0.715243 0
0.027334 0
0.207355 0
0.043530 0
0.077487 0
0.021892 0
1.229993 0
0.240158 0
0.530109 0
0.330441 0
0.650787 0
0.350076 0
0.329277 0
1.168431 0
0.102574 0
0.395961 0
0.557494 0
0.297008 0
0.433676 0
0.014521 0
0.937201 0
0.237700 0
1.767893 0
0.035893 0
0.311630 0
0.691710 0
0.392110 0
0.947925 0
1.481896 0
1.429897 0
0.143602 0
0.624790 0
0.245205 0
0.158774 0
0.376387 0
0.038163 0
0.441264 0
0.207543 0
1.407459 0
0.045671 0
0.465362 0
0.182580 0
0.201795 0
0.641651 0
0.411530 0
0.338605 0
0.744641 0
0.294755 0
0.491404 0
0.886136 0
0.237954 0
0.137206 0
0.069183 0
0.864166 0
0.008629 0
0.710386 0
0.297632 0
0.025044 0
0.871657 0
0.204764 0
0.234852 0
0.150185 0
0.513718 0
0.559440 0
0.092697 0
0.123015 0
1.362642 0
0.297073 0
0.195298 0
0.113063 0
0.031978 0
0.111479 0
0.053958 0
1.036893 0
0.153989 0
0.251613 0
0.900529 0
0.536008 0
0.351268 0
0.716895 0
0.265500 0
0.230222 0
1.354779 0
0.790514 0
0.161873 0
0.109977 0
0.050323 0
0.030384 0
0.026418 0
0.615221 0
0.072555 0
0.315238 0
1.586669 0
1.499851 0
0.104010 0
1.261188 0
0.134257 0
0.197659 0
0.315050 0
1.457526 0
0.037804 0
0.533740 0
0.522354 0
0.435588 0
0.488236 0
1.487602 0
0.068531 0
0.095002 0
1.529233 0
0.074679 0
0.105233 0
0.171866 0
0.169425 0
0.174240 0
1.373262 0
1.417790 0
0.108976 0
0.607634 0
0.901414 0
0.681039 0
0.041215 0
0.167974 0
0.052891 0
0.432454 0
0.212520 0
0.048068 0
0.383359 0
1.099219 0
0.290610 0
0.760400 0
0.212611 0
0.008408 0
0.229968 0
1.200424 0
0.399976 0
0.146279 0
0.073577 0
1.388819 0
0.334337 0
0.587170 0
0.048916 0
1.117600 0
0.022767 0
0.149594 0
0.008535 0
0.049472 0
0.051285 0
0.585438 0
0.304777 0
0.060117 0
0.194651 0
0.170521 0
0.440076 0
0.254223 0
0.052495 0
0.417711 0
0.676680 0
0.861378 0
0.337114 0
0.609139 0
0.357650 0
0.733646 0
1.402856 0
0.056939 0
0.158992 0
0.141899 0
0.191608 0
0.794741 0
0.303759 0
0.941758 0
0.116564 0
0.289631 0
0.262500 0
0.472039 0
0.523848 0
0.205472 0
0.348845 0
1.188593 0
0.152678 0
0.863541 0
0.042154 0
0.947085 0
0.798844 0
0.350218 0
1.145237 0
0.544474 0
0.063463 0
0.587181 0
0.307577 0
0.689014 0
1.058359 0
0.516853 0
1.502683 0
0.278869 0
0.574141 0
0.124859 0
1.166540 0
0.789204 0
0.505451 0
0.082392 0
0.155516 0
0.780280 0
1.182073 0
0.788779 0
0.323274 0
0.540562 0
0.571714 0
0.232511 0
0.282456 0
0.226031 0
0.564425 0
0.120748 0
0.152325 0
0.895465 0
0.129166 0
0.036034 0
0.176141 0
0.782196 0
0.302028 0
0.083526 0
0.983898 0
0.157882 0
0.755295 0
0.598371 0
0.857025 0
0.072567 0
0.895305 0
0.489572 0
0.112367 0
1.441352 0
0.167531 0
1.496081 0
0.327982 0
0.049726 0
0.279360 0
0.016052 0
1.498597 0
0.715839 0
0.107893 0
0.380350 0
0.858804 0
0.299740 0
0.058984 0
0.846669 0
0.950205 0
0.023436 0
0.646180 0
0.370668 0
0.475735 0
0.026016 0
0.515615 0
0.220667 0
0.023350 0
0.040143 0
0.007130 0
0.243189 0
0.090236 0
0.739086 0
0.003651 0
0.397000 0
0.858061 0
0.149279 0
0.036694 0
0.657087 0
0.430552 0
0.015487 0
0.240030 0
0.078304 0
0.842041 0
0.155718 0
0.189662 0
0.887938 0
1.140871 0
0.479950 0
0.270715 0
0.073431 0
0.142508 0
0.725146 0
0.071399 0
0.544996 0
0.210102 0
0.288491 0
1.427892 0
0.889058 0
0.140842 0
0.605014 0
0.026239 0
0.903832 0
0.346344 0
1.284050 0
1.247421 0
0.119293 0
1.315858 0
0.498259 0
0.139068 0
0.359416 0
0.197989 0
0.158605 0
0.247024 0
0.051413 0
0.183342 0
0.066767 0
0.174765 0
0.183634 0
0.761019 0
0.005345 0
0.232365 0
0.437142 0
0.179659 0
0.040274 0
0.479464 0
0.693969 0
0.119567 0
0.104883 0
0.246676 0
0.757369 0
0.425481 0
0.233580 0
0.232527 0
0.229406 0
0.206201 0
0.142498 0
1.029315 0
0.967407 0
0.423620 0
0.103496 0
0.010175 0
0.017974 0
0.289783 0
0.271925 0
0.036705 0
0.245652 0
0.074287 0
0.499221 0
0.293093 0
0.256031 0
0.149447 0
0.093228 0
0.486896 0
1.492037 0
1.365776 0
0.315236 0
0.261623 0
1.470801 0
0.364154 0
0.103040 0
0.273956 0
0.019466 0
0.003414 0
0.924574 0
0.701127 0
0.342511 0
0.305809 0
0.115446 0
0.527458 0
0.012578 0
0.284501 0
0.067458 0
1.437126 0
0.300907 0
0.711825 0
0.633456 0
0.284982 0
0.108445 0
0.160625 0
1.122975 0
0.532142 0
0.316942 0
0.509040 0
0.050229 0
0.106350 0
0.218109 0
0.153775 0
0.632873 0
0.297949 0
0.838858 0
1.033695 0
1.697644 0
0.084484 0
0.343171 0
0.552699 0
0.245887 0
0.275915 0
0.534295 0
0.151154 0
1.441703 0
0.755965 0
0.112195 0
0.211565 0
0.024461 0
0.404968 0
0.108505 0
0.033829 0
0.332279 0
0.041899 0
0.042954 0
0.323706 0
1.004197 0
0.697270 0
1.309952 0
0.271946 0
0.566092 0
1.416747 0
0.533526 0
0.127135 0
1.038080 0
0.868982 0
0.830323 0
0.028931 0
0.176475 0
0.124788 0
1.571436 0
0.095528 0
0.331937 0
0.443102 0
0.887961 0
0.266772 0
0.044872 0
0.496150 0
0.295604 0
0.037256 0
1.132618 0
0.050816 0
1.491534 0
0.083549 0
0.321686 0
1.573348 0
0.863278 0
0.276702 0
0.648651 0
0.535857 0
0.052267 0
0.780330 0
0.952402 0
0.867033 0
0.979358 0
0.205807 0
1.526909 0
0.839580 0
0.077148 0
0.060421 0
1.775422 0
0.262373 0
0.392879 0
0.100193 0
1.076722 0
0.670836 0
0.340421 0
0.111807 0
0.154798 0
0.432420 0
0.077863 0
0.087671 0
1.326130 0
0.438223 0
0.073167 0
0.067603 0
0.239618 0
0.047220 0
1.837398 0
0.037756 0
1.465992 0
0.551372 0
1.649665 0
0.387848 0
1.003117 0
0.590353 0
0.446724 0
1.422610 0
0.149036 0
1.088768 0
0.144807 0
0.180274 0
0.411651 0
0.177736 0
0.192147 0
0.045567 0
0.031942 0
0.905391 0
1.012656 0
0.511660 0
0.292003 0
0.289218 0
0.517095 0
0.754531 0
0.157291 0
0.063138 0
0.777682 0
0.055554 0
0.243480 0
0.217571 0
0.074651 0
0.457715 0
1.347459 0
0.346125 0
0.718049 0
1.344219 0
0.739178 0
0.089055 0
0.482080 0
0.188185 0
1.544022 0
0.259174 0
0.353490 0
0.035103 0
0.236783 0
0.149523 0
0.113551 0
0.879901 0
0.055069 0
0.139029 0
0.668606 0
0.329005 0
0.126313 0
0.163301 0
0.166677 0
0.046706 0
1.582321 0
0.399643 0
0.274777 0
0.147806 0
0.208064 0
0.531991 0
0.245934 0
0.420724 0
0.117175 0
0.591090 0
0.847089 0
0.170781 0
0.115378 0
0.941077 0
0.115571 0
0.001552 0
0.385496 0
0.058478 0
1.070098 0
0.485555 0
0.786673 0
0.673779 0
0.150931 0
0.200543 0
0.813052 0
0.079212 0
0.057382 0
0.078300 0
0.210966 0
0.182649 0
1.116622 0
0.234776 0
0.375192 0
0.305663 0
0.669527 0
0.145863 0
0.743846 0
0.118351 0
0.500323 0
0.390850 0
0.102787 0
0.278816 0
0.113452 0
0.677889 0
0.413931 0
0.309383 0
0.812897 0
0.146125 0
1.564795 0
0.706566 0
0.088185 0
0.026812 0
0.804091 0
0.027496 0
0.188526 0
0.559913 0
0.459883 0
0.448788 0
0.112341 0
0.913580 0
1.179555 0
0.367794 0
0.034832 0
0.547332 0
0.508822 0
0.165196 0
0.104649 0
0.323831 0
0.064812 0
0.212989 0
0.208188 0
0.030432 0
0.261265 0
0.011129 0
1.084328 0
0.572562 0
0.111227 0
1.132371 0
0.195689 0
0.394386 0
1.561872 0
1.052457 0
0.103793 0
0.469122 0
0.135675 0
0.056298 0
0.264009 0
1.229460 0
1.404443 0
0.227195 0
0.403137 0
0.128072 0
0.538677 0
0.043046 0
0.171510 0
0.511184 0
0.966229 0
0.338070 0
0.216455 0
0.715331 0
0.546361 0
1.404685 0
0.605395 0
1.860762 0
0.543875 0
0.086955 0
0.537454 0
0.399273 0
1.374410 0
0.177440 0
0.357596 0
0.769607 0
0.558106 0
0.320758 0
0.604525 0
0.288837 0
1.339349 0
0.096196 0
0.462725 0
0.081717 0
0.043806 0
0.285212 0
0.491644 0
0.140059 0
1.280733 0
0.366418 0
0.293539 0
0.388147 0
0.905245 0
0.368641 0
0.062868 0
0.964480 0
0.236112 0
0.691122 0
0.171019 0
0.066963 0
0.143420 0
0.172681 0
0.106740 0
0.456571 0
0.835085 0
0.014612 0
0.561307 0
0.074093 0
0.014970 0
0.085197 0
0.295627 0
0.145684 0
0.215776 0
0.595186 0
0.165210 0
1.045303 0
0.604978 0
0.033922 0
0.274860 0
0.607760 0
0.408232 0
0.084661 0
0.145484 0
0.144356 0
0.199520 0
0.654774 0
1.598258 0
0.074435 0
1.073410 0
1.371135 0
0.044304 0
0.054293 0
0.933120 0
1.147670 0
1.197020 0
2.086069 0
0.728717 0
1.149453 0
1.305570 0
0.290771 0
0.851662 0
0.508188 0
0.808433 0
1.025920 0
0.150678 0
0.726534 0
0.608267 0
0.126132 0
0.140802 0
0.236653 0
0.636691 0
0.163978 0
0.444121 0
1.542179 0
0.456302 0
0.240329 0
0.506237 0
0.002252 0
0.173351 0
0.374005 0
1.514831 0
0.010539 0
0.025940 0
0.273623 0
0.365255 0
1.396882 0
0.185821 0
1.245110 0
0.127561 0
0.531498 0
1.081099 0
0.625257 0
0.312279 0
0.870859 0
0.672489 0
0.172095 0
0.227056 0
0.861026 0
0.635466 0
0.117772 0
0.037520 0
0.567294 0
1.103759 0
0.329546 0
1.386042 0
1.065409 0
0.191928 0
0.896464 0
0.602299 0
0.327018 0
0.056408 0
0.503631 0
0.150090 0
1.024806 0
1.462630 0
0.400304 0
0.698627 0
1.398762 0
1.311376 0
0.700231 0
0.081247 0
0.717984 0
0.529258 0
0.279119 0
0.536345 0
0.790036 0
0.348622 0
0.844771 0
0.028601 0
1.855163 0
0.816114 0
0.988448 0
0.355616 0
0.031436 0
1.751227 0
0.828110 0
0.267684 0
0.224951 0
0.066439 0
1.312546 0
0.388839 0
0.086724 0
0.240868 0
0.362921 0
0.742411 0
0.596328 0
0.427273 0
0.442456 0
0.052321 0
1.404004 0
0.192257 0
0.456364 0
0.280635 0
0.247995 0
1.205438 0
0.143671 0
0.162339 0
0.534405 0
0.165448 0
0.309084 0
0.632926 0
1.281747 0
0.252849 0
0.024988 0
0.257147 0
0.220027 0
0.474812 0
0.199407 0
0.147463 0
0.189948 0
0.135452 0
0.415800 0
0.047388 0
0.096510 0
0.417810 0
0.074954 0
0.193046 0
0.102986 0
0.075578 0
0.366871 0
0.211515 0
0.133184 0
0.213108 0
0.986119 0
0.542835 0
0.092455 0
0.511573 0
0.101821 0
1.059918 0
0.207956 0
0.610991 0
1.376234 0
0.017824 0
1.111000 0
0.247999 0
0.068396 0
0.054833 0
0.118924 0
1.249382 0
0.038978 0
0.442096 0
0.493849 0
0.455162 0
0.377097 0
0.021419 0
0.107446 0
0.926037 0
0.724641 0
0.140683 0
1.361735 0
0.472541 0
1.393074 0
0.413745 0
0.223111 0
0.951683 0
0.899080 0
0.073544 0
0.123492 0
0.242200 0
0.839532 0
0.296353 0
0.303429 0
1.369079 0
0.034831 0
0.283138 0
1.647331 0
1.802123 0
1.028134 0
0.231701 0
0.166627 0
0.049202 0
0.525706 0
0.232249 0
0.286202 0
1.019058 0
0.725838 0
0.970098 0
0.113138 0
0.114259 0
0.844740 0
0.516284 0
0.408431 0
0.462284 0
0.118572 0
0.048335 0
1.061063 0
0.292625 0
1.301841 0
0.232451 0
0.665825 0
1.048772 0
1.024407 0
1.575499 0
0.160942 0
1.036786 0
0.820470 0
0.248833 0
0.453550 0
0.996841 0
0.315991 0
0.182517 0
0.106007 0
0.571040 0
0.696612 0
1.546135 0
0.604304 0
0.240370 0
0.118451 0
1.540382 0
0.493679 0
0.881332 0
0.110150 0
1.229971 0
0.139578 0
0.048367 0
0.516375 0
0.245377 0
0.259983 0
1.313014 0
0.236942 0
0.175343 0
0.333705 0
1.777169 0
0.277169 0
0.117927 0
0.230474 0
0.393286 0
0.129564 0
1.068844 0
0.300432 0
0.112489 0
0.171347 0
0.295383 0
0.090459 0
0.457851 0
0.178466 0
0.228042 0
0.087959 0
0.160100 0
1.618995 0
0.510394 0
0.024079 0
1.280957 0
0.314281 0
0.024116 0
1.413669 0
0.072514 0
0.452581 0
0.054489 0
0.674740 0
0.230935 0
0.234988 0
1.689869 0
0.733187 0
1.051514 0
0.181834 0
0.445783 0
0.263302 0
0.070605 0
1.051472 0
0.463438 0
0.460738 0
0.720204 0
0.594892 0
0.110931 0
0.168587 0
0.383691 0
0.770180 0
0.470017 0
0.085403 0
0.049470 0
0.094062 0
1.080314 0
0.207002 0
0.272368 0
1.414698 0
0.036952 0
0.257216 0
0.604089 0
0.211835 0
0.104298 0
0.296922 0
0.122207 0
0.268417 0
0.537274 0
0.500565 0
0.125662 0
0.436048 0
0.785009 0
0.673003 0
0.067345 0
0.368426 0
0.358406 0
0.057721 0
0.208078 0
1.154438 0
0.998168 0
0.375578 0
0.609093 0
0.392151 0
0.716030 0
0.109739 0
0.194662 0
1.497617 0
0.154418 0
0.417806 0
0.108114 0
0.298795 0
0.156767 0
0.090133 0
0.669263 0
0.205060 0
0.380353 0
1.230619 0
1.103120 0
0.291687 0
0.143448 0
0.016419 0
0.151688 0
0.330150 0
1.209968 0
1.523686 0
1.438595 0
0.356764 0
0.497482 0
1.031633 0
0.105546 0
0.874058 0
0.427634 0
0.159338 0
0.334220 0
0.093237 0
0.082996 0
0.022875 0
0.227612 0
0.260942 0
0.056923 0
0.173816 0
0.077376 0
0.193253 0
0.110393 0
0.256515 0
0.358364 0
0.014323 0
0.113657 0
1.516458 0
0.778122 0
0.625339 0
0.420579 0
1.403549 0
0.223568 0
0.856951 0
0.055531 0
0.074244 0
0.134488 0
0.285431 0
0.608183 0
0.317087 0
0.122596 0
1.184448 0
0.284339 0
0.267914 0
0.986077 0
0.013073 0
0.031889 0
0.411758 0
0.384752 0
0.212368 0
0.568435 0
1.371475 0
0.077359 0
0.025763 0
0.139362 0
0.399073 0
0.156176 0
0.268315 0
0.113557 0
1.387046 0
0.361961 0
0.128248 0
0.280647 0
0.643959 0
0.381657 0
0.077528 0
0.581839 0
0.501820 0
0.571210 0
0.558366 0
0.072795 0
0.096358 0
0.734848 0
0.117635 0
0.979040 0
1.171806 0
0.430183 0
0.047022 0
1.510416 0
0.582832 0
0.201611 0
0.795806 0
0.689449 0
0.964663 0
0.991232 0
1.026363 0
1.303657 0
0.697511 0
0.329039 0
0.123063 0
0.472520 0
0.759257 0
1.049331 0
0.758290 0
0.615156 0
0.239403 0
0.063384 0
0.659686 0
0.651812 0
0.375597 0
0.007552 0
0.099820 0
1.283128 0
0.003858 0
0.032365 0
0.698325 0
0.450848 0
1.672914 0
0.126027 0
1.263873 0
0.007500 0
0.427829 0
0.216030 0
0.019904 0
1.148628 0
0.198561 0
0.473663 0
0.587596 0
0.284772 0
0.285729 0
0.160890 0
1.141230 0
0.279473 0
1.620561 0
0.309577 0
0.135263 0
0.320081 0
0.877544 0
0.364007 0
0.195635 0
0.471064 0
0.392152 0
0.399409 0
1.953881 0
0.292287 0
0.782822 0
0.366266 0
0.190903 0
0.219284 0
0.181471 0
0.221338 0
1.545582 0
1.435475 0
1.592654 0
0.382691 0
0.469643 0
0.145676 0
0.034986 0
1.060484 0
0.181641 0
0.266622 0
0.213304 0
0.881429 0
1.362192 0
0.679034 0
0.496162 0
0.124124 0
0.703820 0
0.417596 0
0.240046 0
0.357871 0
1.010241 0
0.690977 0
0.317181 0
0.665949 0
0.032430 0
0.016591 0
0.539869 0
0.954916 0
0.050556 0
0.191704 0
0.929973 0
0.548897 0
1.386811 0
0.396324 0
0.572466 0
0.547967 0
0.514808 0
0.935880 0
0.277100 0
0.050639 0
0.399591 0
0.484256 0
0.184315 0
1.147779 0
1.596234 0
1.664301 0
0.023908 0
0.073332 0
0.016101 0
0.203424 0
0.140175 0
0.100007 0
0.722984 0
0.587049 0
0.607579 0
0.977185 0
0.467449 0
0.460331 0
0.762015 0
0.532870 0
0.733217 0
0.334814 0
0.356483 0
0.063220 0
0.097085 0
0.945888 0
0.503064 0
0.377037 0
0.148273 0
0.414832 0
0.264018 0
0.521065 0
0.240456 0
0.735269 0
1.583464 0
0.751608 0
0.131357 0
0.947900 0
0.098201 0
0.051412 0
0.070760 0
0.880178 0
0.232179 0
1.228225 0
0.675405 0
0.036504 0
0.422336 0
0.028118 0
0.036294 0
0.844800 0
0.508244 0
0.961847 0
0.311969 0
0.024026 0
0.836338 0
0.332515 0
0.610297 0
0.236490 0
0.226937 0
0.215020 0
0.309998 0
0.685806 0
0.413976 0
0.918837 0
0.179952 0
0.095076 0
0.811504 0
0.167360 0
1.112445 0
0.106380 0
0.677960 0
1.178764 0
0.982016 0
0.882195 0
0.341462 0
0.979052 0
1.290928 0
0.055879 0
0.580399 0
0.051222 0
0.046583 0
0.100245 0
0.046446 0
0.506982 0
1.669359 0
0.135683 0
1.083598 0
0.016623 0
0.693874 0
0.596221 0
0.324396 0
0.065029 0
0.267693 0
1.486884 0
0.212666 0
0.440659 0
0.617925 0
0.119464 0
0.585551 0
0.578320 0
0.254756 0
0.121960 0
0.421119 0
0.934844 0
0.948498 0
0.517504 0
0.095311 0
0.395338 0
0.594382 0
1.219751 0
0.776903 0
0.348468 0
0.391356 0
0.429891 0
0.112712 0
0.071878 0
0.219387 0
0.400984 0
0.143053 0
0.048350 0
0.153246 0
0.418947 0
0.623700 0
0.070658 0
0.403175 0
0.642116 0
0.340491 0
0.290825 0
0.426082 0
0.005826 0
0.367990 0
0.198707 0
0.162042 0
0.709846 0
0.095356 0
0.467984 0
0.027830 0
0.029467 0
0.363374 0
0.631199 0
0.044560 0
0.033532 0
0.030097 0
0.018957 0
0.249107 0
0.791861 0
0.360351 0
1.277120 0
0.179965 0
0.115888 0
0.294745 0
1.447223 0
0.438615 0
0.201018 0
0.501954 0
1.259064 0
1.044561 0
0.605235 0
0.672814 0
0.892026 0
0.267775 0
0.056454 0
0.235717 0
0.132653 0
0.817777 0
0.494495 0
1.561910 0
0.308135 0
0.430266 0
0.353762 0
0.122865 0
0.754024 0
0.063235 0
0.451831 0
1.137808 0
0.172322 0
0.067803 0
0.496938 0
0.531858 0
0.304201 0
0.053367 0
0.093708 0
0.587940 0
0.097265 0
0.099893 0
0.540771 0
0.409610 0
0.561985 0
0.423932 0
0.301550 0
0.262271 0
0.034383 0
0.048861 0
0.819205 0
0.098844 0
0.190462 0
1.363037 0
1.505077 0
1.182423 0
0.064808 0
0.790880 0
0.340141 0
1.138287 0
0.536691 0
0.364194 0
0.821460 0
0.790247 0
0.434780 0
0.285715 0
1.385256 0
1.446831 0
0.134220 0
0.572722 0
0.347283 0
0.305833 0
0.040644 0
0.735434 0
0.414352 0
0.863027 0
0.043135 0
1.549484 0
0.059436 0
1.379107 0
0.308149 0
0.682983 0
0.403113 0
0.487039 0
0.696216 0
0.034493 0
1.066323 0
0.197756 0
0.423054 0
0.341967 0
0.549024 0
0.131880 0
0.829604 0
0.195528 0
0.221209 0
0.803969 0
0.585924 0
0.427328 0
0.952254 0
0.127824 0
0.045210 0
0.396435 0
1.393853 0
0.767064 0
0.235960 0
0.173246 0
0.084999 0
0.377301 0
2.035354 0
0.215843 0
0.125240 0
0.250409 0
0.048705 0
0.274534 0
0.539116 0
0.491645 0
0.763482 0
0.271089 0
1.360668 0
0.186861 0
0.719150 0
0.775949 0
0.922187 0
0.355615 0
1.220220 0
0.265328 0
0.436259 0
1.456450 0
1.038015 0
0.033735 0
1.110567 0
0.728538 0
1.583276 0
0.418770 0
0.168215 0
