0.268942 0
0.476151 0
0.357012 0
0.048383 0
0.985356 0
0.191125 0
0.534022 0
0.097411 0
0.652222 0
0.490602 0
0.342121 0
0.334182 0
0.581083 0
0.034470 0
0.515900 0
0.316488 0
0.758186 0
0.016254 0
0.388904 0
0.030936 0
0.931723 0
1.120550 0
1.030119 0
0.522767 0
0.501989 0
0.713617 0
0.243552 0
0.627265 0
0.621257 0
0.346121 0
0.067257 0
0.054955 0
0.453035 0
0.158378 0
0.219688 0
0.483960 0
0.054707 0
0.430785 0
0.819664 0
0.646675 0
0.201454 0
1.123178 0
0.903432 0
0.329573 0
0.056114 0
0.152174 0
1.376003 0
0.108729 0
0.153808 0
0.105531 0
0.410862 0
0.077237 0
1.183405 0
0.164239 0
0.313412 0
0.027819 0
0.456786 0
0.383997 0
0.254193 0
0.776924 0
0.681083 0
0.009167 0
0.116524 0
0.205296 0
0.092397 0
0.049129 0
0.598670 0
0.621372 0
0.307152 0
0.010629 0
0.457954 0
0.731763 0
0.282346 0
0.672464 0
0.022053 0
0.249509 0
0.072210 0
0.047678 0
0.406480 0
0.142509 0
0.503829 0
0.099265 0
0.874936 0
0.932937 0
0.147750 0
1.197440 0
0.052206 0
0.682480 0
0.027603 0
0.323396 0
0.314420 0
0.158300 0
0.206198 0
0.495983 0
0.027452 0
0.320519 0
0.067491 0
0.454312 0
0.525889 0
1.247786 0
0.609470 0
0.176593 0
0.224710 0
0.942641 0
0.079973 0
1.623896 0
0.389444 0
0.040764 0
1.183176 0
0.055923 0
0.295393 0
1.270320 0
1.353317 0
0.009905 0
0.742102 0
1.170061 0
0.224925 0
0.089581 0
1.383894 0
0.418475 0
0.263030 0
0.573799 0
1.249772 0
0.440339 0
0.248719 0
0.781859 0
0.503687 0
0.754390 0
0.719928 0
0.561535 0
0.127813 0
0.630501 0
0.484879 0
1.060768 0
0.412552 0
0.589938 0
0.186498 0
0.209572 0
0.056635 0
0.866301 0
0.829790 0
0.948320 0
0.302353 0
0.753659 0
0.486339 0
0.023611 0
0.193800 0
0.053604 0
0.041275 0
0.167317 0
0.377199 0
0.048112 0
0.060526 0
0.248185 0
0.557190 0
0.459129 0
0.164865 0
0.299691 0
0.751076 0
0.225451 0
0.004103 0
1.354608 0
0.085020 0
0.183695 0
0.081012 0
0.551882 0
1.836441 0
0.385666 0
1.467634 0
0.015358 0
1.202020 0
1.215134 0
0.273648 0
0.423843 0
0.726656 0
0.752737 0
0.100731 0
0.259300 0
0.130024 0
0.145538 0
0.961717 0
0.461180 0
0.449720 0
1.551193 0
0.382658 0
0.821434 0
0.116874 0
0.150253 0
0.181395 0
0.185717 0
0.128219 0
0.290665 0
0.169052 0
0.164184 0
0.192754 0
1.582667 0
1.139961 0
0.569713 0
0.463804 0
1.139365 0
0.058284 0
0.301241 0
0.158179 0
0.302844 0
1.451638 0
0.573364 0
0.055104 0
0.339391 0
0.457274 0
0.101711 0
0.466412 0
0.107593 0
0.019215 0
0.105745 0
2.178867 0
0.138295 0
0.038001 0
0.989121 0
1.206804 0
0.073121 0
0.001963 0
1.801589 0
0.368118 0
0.757786 0
1.399015 0
0.076746 0
0.723977 0
0.650509 0
0.360986 0
0.605134 0
0.451549 0
0.434607 0
0.082515 0
0.102165 0
0.558441 0
0.165285 0
0.107112 0
0.232256 0
0.454076 0
0.854484 0
0.314492 0
0.055812 0
0.404024 0
0.175890 0
0.658426 0
0.050332 0
0.259970 0
0.456828 0
1.768802 0
0.514573 0
1.346740 0
0.037059 0
0.029697 0
0.168967 0
0.665597 0
0.595617 0
0.283227 0
0.270440 0
0.875586 0
0.149623 0
0.447783 0
0.172855 0
0.036931 0
0.904857 0
0.169008 0
0.155162 0
0.024969 0
0.544703 0
0.035364 0
0.043814 0
0.522152 0
0.360990 0
0.697025 0
0.160514 0
0.434239 0
0.468525 0
0.073920 0
0.239844 0
1.097345 0
0.766486 0
0.418307 0
1.752174 0
0.363219 0
1.364820 0
0.678393 0
0.437402 0
0.414476 0
0.194189 0
0.753327 0
1.007896 0
0.365663 0
1.027285 0
1.418365 0
0.188883 0
0.018608 0
0.311899 0
0.701257 0
0.417120 0
0.335912 0
0.283160 0
0.040921 0
0.813245 0
0.194421 0
1.513602 0
0.994627 0
1.007783 0
0.538071 0
0.252642 0
0.404660 0
0.922569 0
0.768174 0
0.636546 0
0.974514 0
1.378793 0
0.758891 0
0.649153 0
0.036326 0
0.453030 0
1.017584 0
0.387408 0
0.274375 0
0.843746 0
1.093351 0
0.388471 0
0.376578 0
0.588789 0
0.026090 0
0.292270 0
0.672443 0
0.150611 0
0.201730 0
0.436757 0
1.289836 0
0.063916 0
0.454079 0
0.369488 0
0.237345 0
1.150536 0
0.992228 0
0.101924 0
0.834427 0
0.134223 0
1.424527 0
0.971359 0
0.212949 0
0.257048 0
0.001719 0
0.552263 0
1.765267 0
0.477944 0
0.427848 0
0.847178 0
0.410170 0
0.686904 0
0.580937 0
0.511731 0
0.108682 0
0.815067 0
0.556875 0
0.186318 0
0.282855 0
0.132699 0
0.338423 0
0.050467 0
0.707053 0
0.386029 0
0.018777 0
1.125607 0
0.161676 0
0.112776 0
0.109556 0
0.050468 0
0.152383 0
1.050379 0
0.333406 0
0.091425 0
0.504137 0
0.204743 0
0.376957 0
1.481424 0
0.337823 0
1.357798 0
0.326839 0
0.797518 0
0.118409 0
0.008074 0
0.492620 0
0.044634 0
0.384776 0
0.338025 0
2.661335 0
0.636095 0
0.246205 0
0.398510 0
0.756380 0
0.268469 0
1.362480 0
0.435917 0
1.410306 0
0.336566 0
1.761393 0
0.024627 0
0.313923 0
0.503127 0
1.078931 0
0.197645 0
0.271390 0
0.078713 0
1.369288 0
0.423514 0
0.205353 0
0.026231 0
0.022027 0
0.098646 0
0.809391 0
0.097124 0
0.259014 0
0.308459 0
0.262460 0
1.068543 0
0.422060 0
1.478840 0
0.408756 0
0.595918 0
0.622401 0
0.087769 0
0.505455 0
0.201816 0
0.755237 0
1.514945 0
0.134499 0
1.111277 0
1.401863 0
1.435676 0
0.172320 0
0.149522 0
0.009799 0
1.000899 0
0.159364 0
0.171978 0
1.386398 0
0.558763 0
0.173067 0
0.306846 0
0.822507 0
0.050046 0
0.050906 0
0.807982 0
1.324469 0
0.604230 0
0.156661 0
0.197946 0
0.100138 0
0.196155 0
0.117114 0
0.276365 0
1.750587 0
0.533116 0
1.423250 0
0.101035 0
0.559606 0
0.296838 0
0.314016 0
1.820134 0
0.546619 0
0.213315 0
0.402367 0
0.020424 0
0.163441 0
0.164775 0
0.758683 0
0.091437 0
0.690514 0
0.472792 0
0.413492 0
0.515788 0
0.042135 0
1.486277 0
0.759878 0
0.774524 0
0.040541 0
0.205876 0
0.491573 0
0.009469 0
0.172669 0
0.035155 0
0.674058 0
0.162828 0
0.236734 0
0.137189 0
0.379601 0
0.400868 0
0.220876 0
0.759056 0
0.201507 0
0.337174 0
1.553576 0
0.017012 0
0.026011 0
0.096443 0
0.086525 0
0.598015 0
0.108467 0
0.661036 0
0.237861 0
0.638784 0
0.887937 0
0.443505 0
0.061208 0
0.154009 0
1.302387 0
0.013758 0
0.870025 0
1.101386 0
0.588453 0
0.206517 0
0.459901 0
0.001232 0
0.214213 0
0.323871 0
0.178225 0
0.360430 0
0.331779 0
0.039473 0
1.247444 0
0.242931 0
0.581460 0
0.204890 0
0.757479 0
0.233958 0
0.474916 0
0.365589 0
0.051368 0
0.464408 0
0.335385 0
0.922200 0
0.105021 0
0.532910 0
0.319263 0
1.448201 0
0.403967 0
0.440477 0
0.190915 0
0.320803 0
0.312045 0
0.037421 0
0.100373 0
0.164134 0
0.294256 0
0.391645 0
0.573655 0
0.101687 0
0.511151 0
0.179658 0
0.007130 0
1.709411 0
0.288239 0
0.003497 0
0.044973 0
0.242112 0
0.231527 0
0.297389 0
0.109984 0
0.219964 0
0.618463 0
0.042776 0
0.469187 0
0.376967 0
0.926639 0
0.315277 0
0.330984 0
0.010576 0
0.709086 0
0.611665 0
0.364425 0
0.302493 0
0.421441 0
1.067213 0
1.472963 0
0.003107 0
0.243060 0
0.977570 0
0.144236 0
0.067634 0
0.365314 0
0.205066 0
0.026577 0
0.122223 0
0.205549 0
0.212239 0
0.164620 0
0.513589 0
0.551420 0
0.696646 0
0.294936 0
0.316461 0
0.177087 0
0.047871 0
0.168687 0
0.406707 0
0.182259 0
0.079684 0
0.153856 0
1.166364 0
0.887818 0
0.004753 0
0.381258 0
0.182632 0
0.190762 0
0.278660 0
1.440238 0
0.087400 0
0.493225 0
0.551804 0
0.555353 0
0.237443 0
0.079739 0
0.804333 0
0.352297 0
0.164670 0
0.851044 0
0.139149 0
0.750947 0
0.274702 0
0.333437 0
0.603142 0
0.204550 0
0.107660 0
1.375344 0
0.008294 0
0.535601 0
0.172301 0
0.432735 0
0.354973 0
0.523769 0
0.519568 0
0.059022 0
0.051599 0
0.630283 0
0.696793 0
0.119875 0
0.284688 0
1.409522 0
0.479531 0
0.665102 0
0.443994 0
0.780385 0
0.035833 0
0.244018 0
0.298479 0
0.165026 0
1.023704 0
0.618250 0
1.378064 0
0.010149 0
0.124848 0
0.892197 0
0.017097 0
0.108258 0
0.077396 0
0.060043 0
0.004819 0
0.642583 0
0.329744 0
0.007199 0
0.912447 0
0.917818 0
0.132634 0
0.808999 0
0.274657 0
0.439583 0
0.116200 0
1.387767 0
1.736773 0
0.599973 0
0.252171 0
0.214933 0
1.715913 0
0.527582 0
0.290942 0
0.477376 0
0.927342 0
0.595959 0
1.072687 0
0.335414 0
0.110721 0
0.036050 0
0.071523 0
1.060052 0
0.505360 0
1.042660 0
1.012465 0
1.068041 0
0.212721 0
0.230595 0
0.685881 0
0.088903 0
1.392617 0
0.048237 0
1.384621 0
0.605363 0
0.148880 0
0.058684 0
0.582631 0
1.373785 0
0.732990 0
1.003422 0
0.340697 0
0.843649 0
0.220783 0
0.857192 0
0.055794 0
0.032686 0
0.590360 0
0.964411 0
0.206719 0
0.234692 0
0.111029 0
0.981911 0
0.042422 0
0.420197 0
0.070602 0
0.313732 0
0.618834 0
0.885959 0
0.667294 0
0.138999 0
0.777835 0
0.155959 0
0.156828 0
0.383615 0
0.013342 0
0.422464 0
0.086222 0
1.610245 0
0.038908 0
0.477280 0
0.043994 0
1.009559 0
0.191302 0
0.147459 0
0.487954 0
0.198751 0
0.006377 0
1.548879 0
0.331878 0
0.093560 0
0.108388 0
0.544730 0
0.094495 0
1.639787 0
0.065975 0
0.274865 0
0.599916 0
1.397526 0
0.189287 0
0.081513 0
0.139976 0
0.007502 0
0.495329 0
0.240214 0
0.379157 0
0.435777 0
0.103973 0
1.750963 0
1.749759 0
0.036977 0
1.603243 0
0.455556 0
0.585514 0
0.016246 0
0.972271 0
0.291084 0
0.071092 0
1.418111 0
0.277693 0
0.089637 0
0.158368 0
0.153667 0
0.144753 0
0.536138 0
0.961024 0
0.010979 0
0.045747 0
0.159158 0
0.050049 0
0.080635 0
0.393101 0
0.189829 0
0.090253 0
0.659296 0
0.172624 0
