0.259744 0
0.164366 0
0.774260 0
0.248255 0
0.855266 0
0.668285 0
0.254378 0
0.197710 0
1.920180 0
0.367670 0
1.241805 0
0.347807 0
0.236918 0
0.028070 0
1.235529 0
0.008777 0
0.402339 0
0.484280 0
0.024659 0
0.302058 0
1.065930 0
0.494467 0
0.152689 0
0.291132 0
0.010675 0
0.712718 0
0.490523 0
1.383302 0
0.205781 0
0.802169 0
1.490740 0
0.019618 0
0.137229 0
0.752395 0
0.023161 0
0.106895 0
0.413450 0
0.490131 0
0.147907 0
0.276785 0
0.090810 0
1.635784 0
1.258463 0
0.279341 0
0.414302 0
0.170598 0
0.584839 0
0.196543 0
0.649087 0
0.053819 0
0.483341 0
0.843656 0
0.090298 0
0.372385 0
0.415384 0
0.079102 0
0.254746 0
1.161529 0
0.170496 0
0.244908 0
1.028484 0
0.494265 0
1.015942 0
0.076383 0
0.013481 0
0.899444 0
0.411417 0
0.404960 0
1.708691 0
0.918973 0
0.039787 0
0.268204 0
0.637381 0
0.179477 0
0.645969 0
0.560929 0
0.067238 0
0.564810 0
1.230628 0
0.636513 0
1.562820 0
0.501251 0
1.715163 0
0.020103 0
0.185747 0
0.615724 0
0.201677 0
0.133305 0
0.055946 0
0.206004 0
0.332234 0
1.179202 0
0.212934 0
0.073871 0
0.533797 0
0.942951 0
1.307831 0
0.213022 0
1.363073 0
0.054685 0
0.479214 0
1.693059 0
0.297937 0
0.467805 0
1.074096 0
0.225167 0
0.062338 0
0.108848 0
0.112774 0
0.290192 0
0.042473 0
0.481124 0
0.506098 0
0.045054 0
0.054212 0
1.082764 0
0.750934 0
0.161325 0
0.228894 0
0.016638 0
0.164809 0
0.044870 0
0.111110 0
0.074306 0
1.038401 0
0.317664 0
0.307860 0
0.074309 0
0.307907 0
0.052110 0
0.762317 0
0.539313 0
1.132341 0
0.197013 0
1.163109 0
0.629442 0
0.495506 0
0.170954 0
0.007484 0
1.609384 0
1.632209 0
0.737932 0
0.145052 0
0.148036 0
0.871252 0
0.655721 0
1.258128 0
1.477348 0
1.192339 0
1.374088 0
0.131851 0
0.070052 0
0.734088 0
0.736395 0
0.123779 0
0.113869 0
0.238132 0
0.720693 0
0.480502 0
0.500211 0
0.374135 0
0.539987 0
0.543312 0
0.452346 0
0.144421 0
0.520521 0
0.926722 0
0.026286 0
0.159077 0
0.012451 0
0.035968 0
0.097216 0
0.098636 0
0.127789 0
0.598425 0
0.806414 0
0.074690 0
0.391752 0
0.063022 0
0.396005 0
0.245999 0
0.520739 0
0.146806 0
1.204912 0
1.198405 0
0.509826 0
0.056543 0
0.090642 0
0.014925 0
0.123897 0
0.091561 0
0.056243 0
0.259801 0
0.267381 0
0.037162 0
0.411179 0
0.252504 0
0.198430 0
0.681071 0
0.075597 0
1.554127 0
1.378225 0
0.269902 0
0.597592 0
0.549589 0
0.190105 0
0.376899 0
0.084482 0
0.044859 0
1.197620 0
0.386711 0
0.748588 0
0.115928 0
0.477338 0
0.074310 0
1.131154 0
0.858502 0
1.949205 0
1.788500 0
0.919173 0
0.635379 0
0.010367 0
1.336138 0
0.960351 0
0.074517 0
1.141020 0
0.160545 0
1.011078 0
0.494943 0
0.140808 0
0.017927 0
0.161470 0
0.112681 0
0.598509 0
0.920587 0
0.183883 0
0.474410 0
1.025463 0
0.279204 0
0.121868 0
0.081034 0
0.289861 0
0.008421 0
0.896858 0
0.167020 0
0.193241 0
0.097656 0
0.537789 0
0.558320 0
0.501817 0
0.441172 0
0.183112 0
0.243422 0
1.069634 0
1.054608 0
0.083694 0
0.259630 0
0.001340 0
0.177543 0
0.683638 0
0.396815 0
0.287286 0
0.479358 0
0.066146 0
0.081924 0
0.258459 0
0.120272 0
0.374930 0
0.091021 0
0.009639 0
0.548835 0
0.017828 0
0.300643 0
0.065586 0
0.424810 0
0.227546 0
0.245216 0
0.364673 0
0.618147 0
0.356102 0
1.425463 0
0.021561 0
0.395355 0
0.174810 0
0.347468 0
0.316529 0
0.125501 0
0.026582 0
0.009746 0
0.561144 0
1.599166 0
0.192503 0
0.016776 0
0.137481 0
0.560953 0
0.069190 0
1.905113 0
0.460172 0
0.343697 0
0.443015 0
0.336260 0
0.293439 0
0.204574 0
0.729155 0
0.160515 0
0.020867 0
0.467046 0
0.114893 0
0.931243 0
0.058454 0
0.095353 0
1.077936 0
0.075944 0
1.410259 0
0.431659 0
0.131489 0
0.267462 0
1.109167 0
0.188005 0
0.597833 0
0.356807 0
0.589983 0
0.046111 0
1.404280 0
0.111553 0
0.578146 0
0.089177 0
0.146505 0
0.634821 0
0.536636 0
0.125237 0
1.423700 0
0.365390 0
0.422149 0
0.007886 0
0.459424 0
0.080852 0
0.768867 0
0.088247 0
0.201307 0
0.112668 0
0.304937 0
0.270825 0
0.314703 0
0.119918 0
0.063456 0
0.623395 0
0.137161 0
1.060114 0
0.206253 0
0.185157 0
0.327014 0
0.841203 0
0.843642 0
0.291358 0
0.538078 0
0.324804 0
1.400531 0
0.761302 0
0.056495 0
1.000049 0
0.327926 0
0.435304 0
0.492547 0
0.196352 0
0.073445 0
0.468804 0
0.293843 0
0.110744 0
0.160068 0
0.570224 0
0.647626 0
0.277774 0
0.111629 0
0.468654 0
0.075335 0
0.880687 0
0.509435 0
0.054143 0
0.624997 0
0.383800 0
0.865946 0
0.206982 0
1.088925 0
1.428182 0
0.772712 0
1.120740 0
0.078101 0
0.040194 0
0.074391 0
0.083435 0
0.008030 0
0.920474 0
0.234718 0
0.888181 0
0.064056 0
0.476664 0
0.522231 0
0.099659 0
0.585215 0
0.074146 0
0.087153 0
0.244461 0
0.032704 0
0.140198 0
1.225571 0
0.792662 0
0.435935 0
0.043189 0
0.640628 0
0.922514 0
0.845279 0
0.061098 0
0.103728 0
0.199944 0
0.572123 0
1.413685 0
1.136042 0
0.021616 0
0.102419 0
0.120604 0
0.465323 0
1.309399 0
0.415486 0
0.498379 0
0.643978 0
0.023015 0
0.277122 0
0.700683 0
0.433496 0
0.741316 0
0.988818 0
1.528042 0
0.673283 0
0.207753 0
0.762045 0
0.323567 0
0.174445 0
0.030829 0
0.741828 0
0.139332 0
1.052718 0
0.317584 0
0.694061 0
1.576416 0
0.333214 0
0.119951 0
0.320843 0
0.556681 0
0.059428 0
1.221342 0
0.019086 0
0.672173 0
0.227352 0
0.148354 0
0.371423 0
0.293303 0
0.875013 0
0.320457 0
0.023365 0
0.695678 0
0.372337 0
0.943951 0
0.532093 0
0.230984 0
0.059901 0
0.071117 0
0.922178 0
0.518335 0
0.238924 0
0.248340 0
0.537023 0
0.114179 0
0.031029 0
0.260406 0
0.054943 0
0.082547 0
0.508027 0
0.692559 0
0.419967 0
0.310376 0
0.205673 0
0.282374 0
0.511196 0
0.109618 0
0.599061 0
1.055026 0
0.008390 0
0.161247 0
0.212739 0
0.117616 0
0.856728 0
0.202000 0
0.132753 0
0.701351 0
0.175988 0
0.467893 0
0.468211 0
0.582232 0
1.022652 0
0.631021 0
0.122697 0
0.390319 0
0.388178 0
0.230277 0
0.414401 0
1.135470 0
0.269813 0
0.221370 0
1.375474 0
0.498410 0
0.194191 0
0.155062 0
0.109596 0
0.016888 0
0.161879 0
0.761508 0
1.504074 0
0.167439 0
0.039410 0
0.696700 0
0.005406 0
0.711023 0
1.125554 0
0.300949 0
0.095767 0
0.508576 0
0.206653 0
0.149649 0
0.709742 0
0.257223 0
0.800086 0
0.387369 0
0.291661 0
0.235149 0
0.304021 0
0.946796 0
0.329591 0
0.016992 0
0.054729 0
0.539318 0
1.408054 0
0.662623 0
0.305913 0
0.227340 0
1.148138 0
0.426012 0
0.046099 0
1.510876 0
0.210153 0
1.189490 0
0.276936 0
0.771783 0
0.788888 0
1.698638 0
0.028336 0
1.155240 0
0.548544 0
0.218691 0
0.587480 0
0.448569 0
0.285637 0
0.571439 0
0.757929 0
0.375735 0
1.382368 0
0.804224 0
0.971448 0
0.369190 0
0.077094 0
0.144896 0
0.168971 0
0.358084 0
0.752205 0
0.252542 0
0.207110 0
0.290187 0
0.198959 0
0.104939 0
0.018225 0
0.096533 0
0.200805 0
0.425770 0
0.800810 0
0.758824 0
0.106449 0
0.522632 0
1.242494 0
0.746312 0
0.093963 0
0.248046 0
0.232343 0
0.277415 0
0.525652 0
0.003019 0
1.543522 0
0.003549 0
0.126213 0
0.167441 0
0.337984 0
0.082517 0
0.442849 0
0.388796 0
0.138232 0
1.300248 0
0.326102 0
0.204166 0
1.364584 0
0.398598 0
1.272908 0
0.124206 0
0.013979 0
0.368226 0
0.275221 0
1.371472 0
0.515945 0
0.369490 0
0.455802 0
0.767212 0
0.871407 0
0.512863 0
0.058990 0
0.347677 0
0.005005 0
0.398742 0
0.018728 0
0.456917 0
1.642051 0
0.383677 0
0.301402 0
0.350660 0
0.238852 0
0.048435 0
0.213566 0
0.119907 0
1.159181 0
1.048672 0
0.388601 0
0.106798 0
0.111968 0
0.823734 0
0.392788 0
0.198718 0
0.370336 0
0.138930 0
0.305491 0
0.138722 0
0.320395 0
0.336808 0
0.106202 0
0.454997 0
0.793598 0
0.201264 0
0.354961 0
0.164670 0
0.838695 0
0.229026 0
0.084629 0
0.570108 0
0.565962 0
0.497892 0
0.648114 0
0.159168 0
1.085624 0
0.724504 0
0.028176 0
0.310071 0
0.958578 0
0.256996 0
0.022177 0
0.047867 0
0.247181 0
0.141088 0
1.137691 0
0.282530 0
0.216015 0
0.985146 0
0.199077 0
0.012499 0
0.496393 0
0.467574 0
1.100923 0
0.113322 0
1.429801 0
0.073277 0
0.241506 0
0.218928 0
0.587509 0
1.159075 0
0.257727 0
0.755579 0
0.772211 0
0.945469 0
0.968842 0
0.301807 0
0.572479 0
0.136858 0
0.079190 0
0.479221 0
0.685434 0
0.252931 0
0.396213 0
0.003383 0
0.065264 0
1.116961 0
0.196162 0
0.563758 0
0.091319 0
0.232612 0
0.680937 0
0.136297 0
1.635471 0
0.492856 0
0.931609 0
0.100993 0
0.007686 0
0.194009 0
0.043455 0
1.489257 0
0.060685 0
0.397749 0
0.527428 0
0.547705 0
0.318583 0
0.058442 0
0.106496 0
0.989563 0
0.023659 0
0.078986 0
1.637802 0
0.108321 0
0.073933 0
1.007733 0
0.800660 0
0.871304 0
1.483047 0
0.134363 0
0.926469 0
0.128976 0
0.480113 0
0.342569 0
0.982726 0
0.786638 0
0.073938 0
0.271401 0
0.007637 0
0.129340 0
1.165869 0
1.442623 0
0.099539 0
0.130237 0
0.421866 0
0.482435 0
0.546440 0
0.599966 0
0.288078 0
0.126315 0
0.223351 0
1.391117 0
0.839050 0
0.758506 0
0.571149 0
0.036174 0
0.376830 0
0.032291 0
0.455535 0
0.109871 0
0.507323 0
0.076111 0
1.340939 0
0.263465 0
0.394182 0
0.090769 0
0.399251 0
0.409318 0
0.161535 0
0.332607 0
0.510702 0
0.040068 0
0.423406 0
0.475650 0
0.222176 0
0.048709 0
0.121193 0
0.178475 0
0.715467 0
0.105288 0
0.154753 0
0.296783 0
0.249920 0
0.382442 0
0.754901 0
0.916214 0
0.033710 0
0.102824 0
1.145734 0
1.450548 0
0.472137 0
0.208206 0
1.178069 0
1.421385 0
0.468437 0
0.213787 0
0.348403 0
0.611963 0
0.598683 0
0.437302 0
0.109664 0
0.002928 0
0.003120 0
0.096186 0
1.463938 0
0.509625 0
0.832916 0
0.312134 0
0.864355 0
0.095846 0
0.851113 0
1.434607 0
1.651432 0
0.180996 0
0.968984 0
0.177392 0
0.274154 0
0.722611 0
1.540553 0
0.773637 0
0.267726 0
0.460404 0
1.522193 0
1.020756 0
1.382860 0
0.410295 0
0.765710 0
0.800192 0
0.281096 0
0.381274 0
0.632773 0
0.049343 0
0.136450 0
0.110372 0
0.034938 0
0.728188 0
0.444026 0
0.563501 0
0.004685 0
0.144325 0
0.422207 0
0.179268 0
0.087474 0
0.369875 0
0.632218 0
0.548959 0
0.029481 0
0.072568 0
0.319928 0
0.130464 0
0.662135 0
0.169809 0
0.811817 0
0.221428 0
0.850635 0
0.040881 0
0.248203 0
0.096449 0
0.786021 0
0.316050 0
0.966112 0
0.400875 0
0.560383 0
0.136050 0
0.306274 0
0.298442 0
0.508435 0
1.421716 0
0.843303 0
0.503093 0
0.506248 0
0.186052 0
0.754142 0
0.228765 0
1.038405 0
0.589217 0
0.266085 0
0.356805 0
0.323754 0
0.832115 0
0.327960 0
0.003842 0
0.008294 0
0.519116 0
0.204681 0
0.823198 0
1.369450 0
0.005293 0
0.427284 0
0.440805 0
0.338231 0
0.433313 0
0.675777 0
0.037233 0
1.065151 0
0.178008 0
0.437536 0
0.075631 0
0.137127 0
0.629752 0
0.298009 0
0.094126 0
0.209353 0
0.182618 0
0.288462 0
0.314920 0
0.520596 0
1.015676 0
0.043523 0
1.180073 0
0.608435 0
0.441679 0
0.107339 0
0.393715 0
1.176264 0
0.897095 0
0.124457 0
0.089811 0
0.385384 0
0.010240 0
0.234370 0
0.445827 0
0.056846 0
1.600405 0
0.832503 0
0.197851 0
0.277973 0
0.660160 0
0.493234 0
0.347775 0
0.114506 0
0.226913 0
0.768731 0
0.632222 0
1.318489 0
0.010319 0
0.118254 0
1.658481 0
0.138288 0
0.751981 0
0.028584 0
1.000136 0
1.505025 0
0.227677 0
0.386743 0
0.122216 0
0.201688 0
0.505960 0
0.013386 0
0.269643 0
0.613911 0
0.866704 0
0.836586 0
0.619248 0
0.356361 0
0.412557 0
0.025223 0
0.366183 0
0.201266 0
0.046384 0
0.069217 0
0.101252 0
0.220242 0
1.507265 0
0.442026 0
0.205928 0
0.168246 0
0.702532 0
1.143801 0
0.664528 0
0.247850 0
1.388059 0
0.249880 0
0.188295 0
0.421262 0
0.202657 0
0.776485 0
0.008055 0
0.394435 0
1.115515 0
0.391523 0
0.757225 0
0.183607 0
1.321991 0
0.549395 0
0.118641 0
0.639499 0
0.039266 0
0.174070 0
0.548255 0
0.044044 0
0.587877 0
0.239985 0
0.166368 0
0.023475 0
0.470922 0
1.252799 0
0.295724 0
1.242365 0
0.338787 0
1.382100 0
0.172308 0
1.122413 0
0.436318 0
0.100160 0
0.841689 0
0.233069 0
0.398749 0
0.711006 0
1.660394 0
0.639490 0
0.617558 0
0.915446 0
0.154491 0
0.054340 0
1.488691 0
0.476792 0
1.452463 0
0.084374 0
0.674076 0
0.293845 0
0.416183 0
0.092502 0
0.802586 0
0.473567 0
0.597533 0
1.324241 0
0.103804 0
0.552271 0
0.142045 0
0.067716 0
1.161024 0
0.572045 0
0.171902 0
1.024865 0
0.148804 0
0.075196 0
1.392298 0
1.358765 0
0.037680 0
0.150922 0
0.057001 0
0.687787 0
0.461378 0
0.521971 0
0.410526 0
0.141120 0
0.364597 0
0.002296 0
0.161010 0
0.142829 0
0.711396 0
0.623827 0
0.472187 0
0.316263 0
0.009870 0
0.384065 0
0.207459 0
0.396898 0
1.156912 0
1.472776 0
0.572562 0
0.982537 0
0.539205 0
1.394869 0
0.030517 0
0.722732 0
0.518250 0
0.041793 0
0.561464 0
0.065479 0
0.433070 0
0.070253 0
1.320873 0
0.625927 0
0.079453 0
0.072834 0
0.721476 0
0.979323 0
0.044824 0
0.040419 0
1.006134 0
0.374580 0
0.198180 0
1.134287 0
0.306395 0
0.986329 0
0.102043 0
1.205390 0
0.004826 0
0.090818 0
1.579351 0
1.073564 0
0.012363 0
0.052569 0
0.442695 0
0.048378 0
0.160531 0
0.079191 0
0.472244 0
0.152822 0
0.403202 0
0.602668 0
0.045334 0
0.755265 0
1.073476 0
0.034412 0
0.386147 0
1.080401 0
0.135156 0
0.491245 0
0.710292 0
0.193472 0
0.799338 0
0.658760 0
1.497602 0
0.567816 0
0.355362 0
0.630083 0
0.631537 0
0.570222 0
1.445771 0
0.233740 0
0.107279 0
0.441960 0
0.353610 0
0.281476 0
0.676911 0
0.436445 0
0.323752 0
0.593909 0
0.391162 0
0.192972 0
1.555375 0
0.245034 0
0.007600 0
0.089304 0
0.664694 0
0.833827 0
0.441283 0
0.025126 0
0.073588 0
0.441986 0
0.612214 0
0.569465 0
2.119511 0
0.434313 0
0.586587 0
0.473809 0
1.320242 0
0.037996 0
0.103130 0
0.673931 0
0.154110 0
0.160806 0
0.075737 0
0.033599 0
0.185393 0
1.232946 0
1.526236 0
0.298989 0
1.446255 0
1.410060 0
0.303711 0
0.079799 0
0.884089 0
0.872993 0
1.256388 0
2.114589 0
0.070572 0
0.358848 0
0.383536 0
1.666334 0
0.182888 0
0.394256 0
0.403040 0
0.348155 0
0.033249 0
0.222766 0
0.183882 0
0.076703 0
0.384036 0
0.020971 0
0.297505 0
0.142953 0
0.039190 0
0.870036 0
0.021777 0
0.105231 0
1.173124 0
0.216481 0
0.825232 0
0.190155 0
0.088724 0
0.746836 0
0.553737 0
0.746168 0
0.224080 0
1.047999 0
0.376830 0
0.077781 0
0.479305 0
0.337672 0
0.382568 0
0.092060 0
0.055311 0
0.437280 0
0.418743 0
0.638377 0
0.971499 0
0.298836 0
0.276320 0
0.965590 0
0.290152 0
0.232983 0
0.396584 0
0.269306 0
0.106163 0
0.146158 0
0.410128 0
0.222790 0
0.466624 0
0.018574 0
1.288882 0
0.268498 0
0.088963 0
0.064316 0
0.206292 0
0.717587 0
1.631074 0
0.628629 0
0.509680 0
0.160020 0
0.327334 0
0.198749 0
0.309936 0
0.219381 0
0.893803 0
0.275034 0
0.125247 0
0.048165 0
0.319839 0
0.426301 0
0.314014 0
0.222352 0
0.153466 0
0.012200 0
1.246571 0
1.003778 0
0.290701 0
0.429959 0
0.269477 0
0.812289 0
0.829394 0
1.406642 0
0.728135 0
1.748667 0
0.243699 0
0.401306 0
0.258320 0
0.102796 0
0.551444 0
0.414846 0
0.200975 0
1.047195 0
0.185656 0
0.348798 0
0.424982 0
0.358472 0
0.353526 0
0.668731 0
0.432619 0
0.098594 0
0.222009 0
0.033835 0
0.762040 0
0.466125 0
0.675860 0
0.520659 0
1.086143 0
0.747908 0
0.044312 0
1.468518 0
0.589852 0
0.917467 0
0.640307 0
0.431496 0
0.518474 0
0.149606 0
1.035764 0
1.435852 0
1.150977 0
0.302694 0
0.115749 0
0.491010 0
0.638673 0
0.152020 0
0.268303 0
0.423636 0
0.890491 0
0.050684 0
0.824804 0
0.175368 0
1.012507 0
0.316726 0
1.209941 0
0.176186 0
0.494305 0
0.433295 0
0.052226 0
1.369777 0
1.402816 0
0.124444 0
0.927149 0
1.235377 0
0.423245 0
0.484393 0
0.436069 0
0.052427 0
1.209426 0
1.388234 0
0.400773 0
1.363499 0
0.033944 0
0.061643 0
0.074108 0
0.074566 0
0.294269 0
0.033925 0
0.586859 0
0.668471 0
0.344412 0
0.078862 0
0.640364 0
0.221551 0
0.157912 0
0.846382 0
0.733244 0
0.410163 0
0.247452 0
0.504948 0
0.371725 0
1.075023 0
0.074198 0
1.391890 0
0.149234 0
0.004759 0
0.276608 0
0.196201 0
0.153117 0
0.030349 0
0.245113 0
0.450276 0
0.111459 0
0.442463 0
1.238508 0
1.498002 0
0.033617 0
0.185184 0
0.238626 0
0.189351 0
0.087849 0
0.064268 0
0.817039 0
0.859567 0
0.387925 0
0.887077 0
0.420642 0
1.500754 0
0.973222 0
0.093590 0
0.802148 0
0.121309 0
0.320925 0
1.870600 0
0.158396 0
0.015975 0
0.197690 0
0.703123 0
0.006572 0
0.505979 0
0.597321 0
0.014015 0
0.178721 0
0.257642 0
1.526415 0
1.123269 0
0.235377 0
0.544039 0
1.178440 0
0.572204 0
0.680493 0
0.034352 0
0.933535 0
0.447008 0
0.700546 0
0.055483 0
1.539800 0
0.229812 0
0.165040 0
0.784594 0
0.437589 0
1.001542 0
0.445152 0
0.230518 0
0.617272 0
0.225169 0
0.341189 0
0.347242 0
0.154315 0
0.008052 0
0.680618 0
1.013093 0
0.016738 0
0.344026 0
1.566015 0
0.137405 0
0.062021 0
0.067705 0
0.039598 0
0.546869 0
0.020654 0
0.786048 0
0.997638 0
0.059101 0
0.691983 0
0.232874 0
0.535465 0
0.189785 0
0.594216 0
1.217546 0
0.831155 0
0.563284 0
0.127059 0
0.339327 0
0.215467 0
0.201487 0
0.030442 0
0.636490 0
0.178715 0
0.159860 0
0.293787 0
0.344446 0
0.099616 0
0.473974 0
0.812945 0
0.196384 0
0.404477 0
0.416682 0
0.351988 0
0.940964 0
0.399988 0
0.073892 0
1.286971 0
0.650211 0
0.213025 0
0.376707 0
0.255504 0
0.590731 0
1.169480 0
0.983992 0
0.256378 0
0.234521 0
0.243955 0
0.115642 0
0.954727 0
0.719118 0
0.436112 0
0.914941 0
0.260886 0
0.259363 0
0.068520 0
0.314308 0
0.005015 0
0.665393 0
0.205346 0
0.490398 0
0.063048 0
0.418220 0
1.747558 0
0.239401 0
1.267941 0
0.279969 0
0.058138 0
0.647248 0
0.537464 0
0.492273 0
0.177428 0
0.054330 0
1.581815 0
0.067879 0
0.770020 0
0.505698 0
0.545686 0
0.390475 0
0.114687 0
0.160824 0
0.358639 0
0.536904 0
0.044845 0
0.444535 0
0.602714 0
0.653315 0
1.001500 0
0.422241 0
0.207254 0
0.361538 0
0.099704 0
0.724425 0
0.231957 0
1.498647 0
0.055307 0
1.661948 0
0.388664 0
0.907367 0
0.227198 0
1.125375 0
0.378928 0
0.236206 0
0.441032 0
0.491609 0
0.210712 0
0.955238 0
0.165089 0
0.445576 0
1.114074 0
0.676141 0
0.904849 0
0.146187 0
1.178036 0
0.331048 0
0.035548 0
0.002351 0
0.018577 0
0.336358 0
0.326498 0
0.558531 0
0.055395 0
1.608800 0
1.340708 0
0.075881 0
0.471414 0
0.762833 0
0.066296 0
0.740203 0
0.179962 0
0.097542 0
0.317046 0
0.603424 0
0.174446 0
0.505426 0
0.034853 0
0.753456 0
0.136684 0
0.718206 0
0.967383 0
0.695050 0
0.092017 0
0.737929 0
0.868071 0
1.722752 0
0.062209 0
1.514351 0
1.459355 0
0.106158 0
0.284547 0
0.138617 0
0.256619 0
0.564339 0
0.154121 0
0.532237 0
1.181013 0
0.886241 0
0.321880 0
0.025615 0
0.491345 0
0.236004 0
0.707628 0
0.447022 0
0.316335 0
1.054023 0
0.095313 0
0.038596 0
0.254871 0
0.175565 0
0.384966 0
0.080210 0
0.349335 0
0.393080 0
0.053156 0
0.028549 0
0.277805 0
0.521103 0
0.080486 0
1.612742 0
0.041666 0
0.328035 0
0.190562 0
0.074913 0
0.139512 0
0.701838 0
0.622159 0
0.644261 0
0.064010 0
0.129955 0
1.185240 0
0.180466 0
0.750834 0
0.931637 0
0.282886 0
0.587558 0
0.622927 0
1.187492 0
0.684660 0
0.320478 0
0.336614 0
0.232119 0
1.167330 0
0.251376 0
0.051914 0
0.106912 0
0.257769 0
0.377831 0
0.008972 0
0.935603 0
0.035302 0
1.366846 0
0.018797 0
0.645892 0
0.233886 0
0.056707 0
0.043155 0
0.122611 0
0.155869 0
0.358944 0
1.388492 0
1.159563 0
0.341563 0
0.042461 0
2.362751 0
0.098718 0
0.157747 0
0.082208 0
0.108237 0
0.134051 0
1.744671 0
0.110275 0
0.195006 0
1.511430 0
0.162138 0
0.252119 0
0.678916 0
0.009297 0
0.266826 0
0.472172 0
0.110695 0
0.266570 0
0.228125 0
0.213392 0
0.295444 0
0.146726 0
0.698171 0
0.026887 0
0.109181 0
1.683401 0
0.638249 0
0.325931 0
0.836953 0
0.499446 0
0.093269 0
1.497390 0
0.194599 0
0.386822 0
0.032170 0
0.859629 0
0.406433 0
0.882674 0
0.013784 0
0.038587 0
1.515407 0
0.272298 0
0.109057 0
0.025732 0
0.583752 0
0.259790 0
0.458555 0
0.491000 0
0.230015 0
0.501904 0
0.485224 0
0.168253 0
0.961395 0
0.132688 0
1.535122 0
0.514744 0
0.394690 0
0.137904 0
0.165787 0
0.045117 0
0.039418 0
0.400605 0
0.070329 0
1.164546 0
0.488205 0
0.413640 0
0.635557 0
0.045066 0
0.370485 0
0.222122 0
0.767716 0
0.302386 0
0.203854 0
0.153716 0
0.236565 0
0.105403 0
0.930678 0
0.269144 0
0.774765 0
0.705825 0
0.263830 0
0.233513 0
0.882043 0
0.298735 0
0.206035 0
0.123385 0
0.580500 0
0.373826 0
0.138157 0
0.373186 0
0.338321 0
0.135198 0
0.273047 0
1.492513 0
0.781318 0
0.156588 0
0.255943 0
0.758010 0
0.767074 0
0.439677 0
0.386181 0
0.252117 0
0.806496 0
0.301119 0
0.177600 0
0.071597 0
0.058862 0
0.946817 0
0.477192 0
0.291581 0
0.261895 0
0.300751 0
0.203182 0
0.992948 0
0.230504 0
0.383958 0
0.175697 0
0.062923 0
0.755478 0
0.019910 0
1.204633 0
1.493814 0
0.339496 0
0.235714 0
0.486634 0
0.350200 0
0.386068 0
0.086727 0
0.693934 0
0.377657 0
0.185317 0
0.128765 0
0.007500 0
0.044183 0
0.105676 0
0.074344 0
0.244746 0
0.960150 0
0.137463 0
0.520413 0
0.342570 0
0.909164 0
1.212388 0
0.657203 0
0.842407 0
0.176625 0
0.874099 0
0.499584 0
0.099988 0
0.909733 0
0.534571 0
0.314191 0
0.150125 0
0.079461 0
0.461889 0
0.147304 0
0.238532 0
0.562101 0
0.033232 0
1.309161 0
0.797811 0
0.229295 0
0.033539 0
0.189770 0
0.759088 0
0.593033 0
0.043338 0
0.275864 0
0.014157 0
0.129016 0
0.462129 0
0.104769 0
0.184060 0
0.827984 0
0.799640 0
0.118822 0
0.506077 0
0.676104 0
1.197958 0
0.236562 0
0.499379 0
1.242289 0
0.304708 0
0.044106 0
0.914078 0
0.255880 0
0.181479 0
0.374910 0
0.421344 0
0.105741 0
0.365452 0
0.096484 0
0.233195 0
0.181152 0
0.674291 0
0.987964 0
0.493617 0
0.092485 0
1.088190 0
0.203239 0
0.613962 0
0.016665 0
0.007548 0
0.203838 0
0.438085 0
0.502385 0
0.003605 0
0.035771 0
0.061444 0
0.216693 0
1.476043 0
0.506594 0
0.564469 0
0.411549 0
0.373105 0
0.425276 0
0.630108 0
0.026001 0
0.372322 0
0.162091 0
0.396246 0
1.442611 0
0.040519 0
0.309571 0
0.216838 0
0.514340 0
0.488925 0
0.022200 0
0.217025 0
0.525157 0
0.148578 0
0.038907 0
0.396952 0
0.260308 0
1.419279 0
0.102967 0
0.153031 0
0.448873 0
0.257719 0
1.058300 0
0.086678 0
1.367924 0
0.059783 0
0.074922 0
0.236200 0
0.655504 0
0.219432 0
0.282737 0
0.387467 0
0.345959 0
0.249517 0
0.062426 0
0.728436 0
0.370361 0
0.090071 0
0.756888 0
0.247943 0
0.352762 0
1.475346 0
0.108615 0
0.102892 0
0.058197 0
0.686567 0
0.611737 0
0.024006 0
0.469898 0
0.440526 0
0.430201 0
0.170838 0
0.196588 0
0.573674 0
0.065334 0
0.069481 0
0.837008 0
0.244199 0
0.575923 0
0.440493 0
0.373451 0
0.134814 0
0.386679 0
0.213896 0
1.474647 0
1.191642 0
0.051924 0
0.686696 0
0.575484 0
0.343711 0
0.113802 0
1.377295 0
0.480953 0
0.492804 0
0.340425 0
0.175828 0
0.527613 0
1.287203 0
0.511707 0
0.213658 0
1.473324 0
0.281560 0
0.092365 0
0.397133 0
0.014207 0
0.106703 0
1.474174 0
0.512610 0
0.528927 0
1.487852 0
0.750908 0
0.951697 0
0.092781 0
0.547195 0
0.004231 0
0.938764 0
0.439150 0
0.010068 0
0.240279 0
0.539907 0
0.108019 0
0.273679 0
0.411736 0
1.204828 0
0.324259 0
0.512082 0
0.005385 0
0.187265 0
0.255656 0
1.514723 0
0.179293 0
1.220407 0
0.808077 0
0.608475 0
0.749289 0
1.022407 0
0.903613 0
0.094036 0
0.095221 0
0.234013 0
0.021353 0
0.234321 0
0.070914 0
1.607478 0
0.828434 0
0.957661 0
0.078472 0
0.167291 0
0.115915 0
0.228834 0
0.661184 0
0.224339 0
0.152831 0
0.013207 0
0.042195 0
0.786498 0
0.195623 0
0.128886 0
0.069017 0
0.147383 0
0.045943 0
1.367944 0
0.253429 0
0.514867 0
0.076019 0
0.291739 0
0.293545 0
0.059313 0
1.386009 0
1.188380 0
0.181807 0
0.791840 0
0.347725 0
0.294532 0
0.088514 0
0.113797 0
0.140237 0
0.451663 0
0.237658 0
0.211732 0
0.966222 0
0.106095 0
0.079488 0
0.064436 0
0.455397 0
0.773382 0
0.633755 0
0.031955 0
0.969373 0
0.528478 0
0.335736 0
0.100441 0
1.402039 0
0.386665 0
1.610094 0
1.167125 0
0.334127 0
0.145742 0
1.361038 0
0.293835 0
0.288830 0
0.345315 0
0.365870 0
0.034628 0
0.055003 0
0.391367 0
0.037128 0
0.669152 0
0.431834 0
0.218731 0
0.312329 0
0.185050 0
0.968868 0
0.025805 0
0.163065 0
0.539334 0
1.218024 0
0.253959 0
1.416445 0
1.339915 0
0.329155 0
0.209909 0
0.073380 0
0.099208 0
0.218526 0
0.712174 0
0.337021 0
1.477232 0
0.274791 0
0.031307 0
0.722235 0
0.872279 0
0.253287 0
0.356528 0
0.219925 0
0.563167 0
0.437666 0
0.216243 0
0.239562 0
0.195372 0
0.565884 0
0.241282 0
0.535240 0
0.335496 0
0.288322 0
0.599241 0
0.558819 0
0.204866 0
0.555227 0
0.172827 0
0.126462 0
0.374188 0
0.170294 0
0.589854 0
0.744089 0
0.030531 0
0.879362 0
0.084745 0
0.297845 0
0.476832 0
0.056212 0
0.247460 0
0.010955 0
0.204617 0
0.875176 0
0.429213 0
0.570828 0
0.149382 0
1.155136 0
1.587170 0
0.870968 0
0.949416 0
0.632953 0
0.032860 0
0.011897 0
0.038651 0
0.126173 0
0.125351 0
0.223927 0
0.047891 0
0.047523 0
0.094275 0
0.072901 0
1.109216 0
0.192285 0
1.693791 0
0.052790 0
0.236954 0
0.033897 0
0.175968 0
0.613158 0
0.165024 0
0.036757 0
0.176172 0
0.515776 0
0.238988 0
0.080210 0
0.616963 0
0.255411 0
1.007924 0
0.105863 0
0.270561 0
1.280232 0
0.365564 0
0.223148 0
0.043830 0
0.196506 0
0.443089 0
1.371549 0
0.250331 0
0.561027 0
0.265561 0
0.126960 0
0.034580 0
0.018800 0
0.379816 0
0.230461 0
0.428124 0
0.011432 0
0.230673 0
0.320216 0
0.039723 0
0.532291 0
0.133697 0
0.098223 0
0.016928 0
0.502357 0
0.078343 0
0.494550 0
1.916127 0
0.223862 0
0.989923 0
0.267104 0
0.023153 0
0.391685 0
0.716212 0
0.588789 0
0.133286 0
0.075293 0
0.800694 0
0.629812 0
0.384957 0
1.078779 0
0.173812 0
1.831615 0
0.791132 0
0.092930 0
0.706284 0
1.270944 0
0.838077 0
0.238537 0
0.057115 0
0.548783 0
0.048703 0
1.067022 0
0.188510 0
0.345684 0
0.656776 0
0.063456 0
0.084703 0
0.635750 0
0.154497 0
0.178409 0
0.021894 0
0.192866 0
0.168516 0
0.263966 0
0.309026 0
0.509180 0
0.183700 0
1.027107 0
0.078445 0
0.158814 0
0.206566 0
0.200931 0
1.380189 0
0.010816 0
0.087159 0
0.105090 0
0.374757 0
0.317198 0
1.115027 0
0.492311 0
0.060622 0
0.128389 0
0.067586 0
1.208577 0
0.784383 0
0.764241 0
0.999005 0
0.025656 0
0.473090 0
0.027884 0
1.213557 0
0.815602 0
1.716394 0
0.570618 0
0.043581 0
0.271739 0
0.942393 0
0.047004 0
0.012924 0
0.460238 0
0.247362 0
0.053062 0
0.043600 0
0.765774 0
0.231785 0
0.021416 0
0.880370 0
0.059479 0
0.288425 0
1.662687 0
0.059493 0
0.615723 0
0.283667 0
0.880616 0
0.146862 0
0.829290 0
1.615594 0
0.111866 0
0.424619 0
0.905787 0
1.208274 0
1.341169 0
0.002153 0
0.047815 0
0.654894 0
0.240036 0
0.410413 0
0.450912 0
0.490385 0
1.174095 0
0.068719 0
0.219210 0
0.114881 0
0.516613 0
0.745969 0
0.140167 0
0.236533 0
0.375380 0
1.480781 0
0.378060 0
0.255873 0
0.102242 0
0.555954 0
0.184455 0
0.139688 0
0.197391 0
0.087549 0
0.431423 0
1.001658 0
0.257295 0
1.373546 0
0.112925 0
0.228804 0
0.268636 0
0.977841 0
1.424131 0
0.329730 0
0.167684 0
0.624204 0
0.219627 0
0.142513 0
1.428469 0
0.212279 0
0.945838 0
0.343493 0
0.154418 0
1.384188 0
0.570850 0
0.357934 0
0.356998 0
0.378832 0
0.458112 0
0.368649 0
0.259861 0
0.040408 0
0.726605 0
1.104765 0
0.213996 0
0.293257 0
0.564250 0
0.811052 0
0.108541 0
0.051595 0
0.121914 0
0.096472 0
0.930000 0
0.614659 0
0.020763 0
0.769126 0
1.158543 0
0.558873 0
0.377325 0
1.523981 0
0.087751 0
0.149913 0
0.491814 0
1.690613 0
0.301267 0
1.058518 0
1.380409 0
1.425047 0
0.219869 0
0.148747 0
0.972508 0
0.011841 0
0.634877 0
0.936952 0
0.613359 0
1.262375 0
0.328185 0
0.841862 0
0.075080 0
0.380418 0
1.556903 0
1.094793 0
0.785689 0
0.400834 0
0.207855 0
1.004776 0
0.506523 0
1.925794 0
1.229478 0
0.010113 0
0.430752 0
1.412158 0
0.530032 0
0.453261 0
0.221803 0
0.912302 0
0.158709 0
1.379756 0
0.289668 0
0.097773 0
0.330790 0
0.076767 0
0.676116 0
0.197263 0
1.512545 0
0.598047 0
0.568542 0
0.155450 0
0.110932 0
1.080571 0
1.097890 0
0.643224 0
0.085564 0
2.191145 0
0.225087 0
0.822821 0
0.103138 0
0.086040 0
0.055967 0
0.097816 0
0.929483 0
1.246683 0
0.302482 0
0.426834 0
0.121806 0
0.130235 0
0.111863 0
0.815452 0
0.422071 0
0.461108 0
0.247443 0
0.245960 0
0.733231 0
0.209228 0
0.909920 0
0.193004 0
0.726660 0
0.559528 0
0.483041 0
0.166060 0
1.714880 0
0.262028 0
0.502403 0
0.104063 0
0.988499 0
0.312338 0
0.683745 0
0.424336 0
0.211914 0
0.290164 0
0.053224 0
0.845308 0
0.154845 0
0.867474 0
0.062698 0
0.848613 0
0.810333 0
0.396316 0
0.995516 0
1.380393 0
1.390736 0
0.236600 0
1.054246 0
0.339976 0
1.222704 0
0.176639 0
0.087804 0
0.057952 0
0.547967 0
0.165428 0
0.748419 0
0.098091 0
0.220537 0
0.822284 0
0.447035 0
1.461149 0
0.483992 0
0.200238 0
0.089972 0
0.067055 0
1.717095 0
0.355897 0
0.981832 0
0.730230 0
0.322897 0
0.123128 0
0.037897 0
0.684289 0
0.518576 0
0.205139 0
0.492951 0
1.549137 0
0.091948 0
0.105860 0
0.109339 0
0.206654 0
0.159693 0
0.059648 0
1.092206 0
1.390805 0
1.207962 0
0.042825 0
0.064195 0
0.079553 0
0.511443 0
0.210288 0
1.510412 0
0.841944 0
0.149867 0
1.778720 0
0.440784 0
0.031128 0
0.788086 0
0.104881 0
0.518201 0
0.017797 0
0.183920 0
0.340777 0
1.089695 0
1.352293 0
0.445328 0
0.192331 0
1.484290 0
0.447734 0
0.877223 0
0.950876 0
1.138463 0
0.062327 0
0.321214 0
0.021287 0
1.132067 0
0.543487 0
0.142847 0
1.247857 0
0.070544 0
0.025462 0
0.023600 0
0.654413 0
0.346504 0
0.073843 0
0.239623 0
1.560040 0
0.688089 0
0.246206 0
1.465559 0
1.563320 0
0.380625 0
1.306590 0
0.254801 0
0.567795 0
0.737590 0
0.326819 0
0.272298 0
0.081970 0
0.586824 0
0.093019 0
0.153898 0
0.386707 0
0.522381 0
0.213332 0
0.489709 0
0.083198 0
0.990111 0
0.213109 0
0.037974 0
0.628061 0
0.297401 0
0.134257 0
0.245902 0
0.134142 0
0.248324 0
1.427171 0
0.210875 0
0.004247 0
1.628189 0
0.376677 0
0.260344 0
0.163025 0
0.475801 0
0.133047 0
0.698854 0
0.328507 0
0.160280 0
0.185937 0
0.566587 0
0.019411 0
0.373071 0
0.109081 0
0.461552 0
0.637691 0
1.363841 0
0.119790 0
0.265013 0
1.539370 0
0.988690 0
0.333695 0
0.369330 0
0.049056 0
0.088423 0
0.985282 0
0.260969 0
1.408233 0
0.099873 0
0.543810 0
0.055148 0
0.437543 0
0.520964 0
0.369705 0
0.084165 0
0.368786 0
0.015497 0
0.130587 0
0.268061 0
1.269447 0
1.150675 0
0.207509 0
0.328481 0
0.564353 0
0.516027 0
0.769992 0
0.734064 0
0.368688 0
0.153910 0
0.846497 0
0.028273 0
0.478168 0
0.613901 0
0.244760 0
0.447685 0
0.732956 0
0.031296 0
0.373032 0
1.266981 0
0.205629 0
0.299301 0
0.233585 0
0.049804 0
0.059602 0
0.825316 0
0.491606 0
0.370234 0
0.075010 0
0.377490 0
0.036484 0
0.030773 0
0.213091 0
0.013858 0
0.039909 0
2.042974 0
0.114520 0
0.062930 0
0.019314 0
1.762031 0
0.492009 0
0.343822 0
0.240695 0
1.443540 0
0.658963 0
0.980935 0
0.136318 0
0.842177 0
0.264009 0
0.764840 0
0.060096 0
1.132180 0
1.098927 0
0.085515 0
0.301750 0
0.385061 0
0.166107 0
0.054939 0
0.013312 0
0.087695 0
0.204418 0
0.063949 0
0.777501 0
0.880652 0
0.846598 0
0.668965 0
0.698184 0
0.473336 0
0.420682 0
0.156931 0
0.046289 0
0.466294 0
0.305732 0
0.298094 0
0.431239 0
0.580902 0
0.172472 0
1.396698 0
0.391769 0
0.899169 0
0.081012 0
0.244151 0
0.614174 0
0.191234 0
0.511492 0
0.340290 0
0.044742 0
0.091671 0
0.302214 0
0.139621 0
0.070027 0
0.017351 0
0.220564 0
0.198103 0
0.518003 0
0.861619 0
0.388305 0
0.391295 0
0.257324 0
0.268193 0
0.160609 0
0.413466 0
0.391712 0
0.752896 0
0.078865 0
0.130595 0
0.183540 0
0.034821 0
0.879444 0
0.305737 0
0.043647 0
1.243470 0
0.196268 0
1.411518 0
0.228679 0
0.020311 0
0.011971 0
0.790704 0
0.726526 0
0.329290 0
1.070887 0
0.119715 0
0.261434 0
0.466599 0
0.501508 0
0.305994 0
0.364966 0
0.520721 0
0.005716 0
0.722873 0
1.273645 0
0.371652 0
0.160803 0
0.352793 0
0.365509 0
1.373811 0
0.508007 0
0.399940 0
0.182708 0
1.394903 0
0.820705 0
0.247219 0
0.094079 0
0.488211 0
1.286974 0
0.007152 0
0.173215 0
0.198318 0
1.207168 0
0.035313 0
0.397878 0
0.136596 0
0.143711 0
0.737577 0
0.233557 0
0.678226 0
0.149939 0
0.123244 0
0.142045 0
0.585347 0
1.699802 0
0.572124 0
0.241747 0
0.851240 0
0.436823 0
0.275246 0
0.685297 0
0.021637 0
0.106011 0
0.255878 0
0.249465 0
0.030572 0
0.025360 0
1.289077 0
0.600581 0
0.067912 0
1.130365 0
0.256758 0
1.222212 0
0.775819 0
0.182904 0
1.444678 0
0.806670 0
0.151820 0
0.866738 0
0.605191 0
0.382544 0
0.501455 0
0.801158 0
0.490147 0
0.348495 0
1.579591 0
1.331649 0
0.008663 0
0.388514 0
0.119461 0
0.809909 0
0.875506 0
0.467957 0
0.597455 0
0.885863 0
0.104663 0
0.515501 0
0.011519 0
0.066725 0
0.441623 0
0.645911 0
0.648030 0
0.163799 0
0.127399 0
0.409482 0
0.065536 0
0.254306 0
0.105913 0
0.993867 0
0.849631 0
1.163509 0
0.206816 0
0.389068 0
0.797619 0
0.470750 0
0.341566 0
0.425982 0
0.030181 0
0.141977 0
0.487433 0
0.204425 0
0.400695 0
0.129786 0
0.345660 0
0.442431 0
0.199326 0
0.038743 0
0.361524 0
0.778423 0
1.309556 0
0.150293 0
0.077883 0
0.755351 0
0.848823 0
0.718380 0
0.243045 0
0.175323 0
0.007184 0
0.142547 0
0.123839 0
0.196503 0
0.477858 0
0.985120 0
0.592423 0
0.205291 0
0.509643 0
0.078510 0
0.346208 0
0.548784 0
0.326426 0
0.348751 0
0.710409 0
0.512628 0
1.139249 0
1.126183 0
0.061315 0
0.018499 0
0.628752 0
0.221359 0
0.025998 0
0.439441 0
0.082530 0
0.335423 0
0.044907 0
0.358779 0
0.197564 0
0.841851 0
0.093365 0
0.192391 0
0.679040 0
0.223901 0
1.364481 0
0.212579 0
0.500561 0
0.072095 0
0.150608 0
0.498255 0
0.181319 0
0.753675 0
0.412254 0
1.481894 0
1.896467 0
1.413336 0
0.474716 0
0.391578 0
0.018133 0
0.580182 0
0.675462 0
0.795767 0
0.984257 0
0.005817 0
0.098463 0
0.359995 0
0.362627 0
0.970523 0
0.529718 0
0.153706 0
0.607013 0
1.118675 0
0.328380 0
0.142607 0
0.080601 0
0.598412 0
0.240070 0
0.780015 0
1.368440 0
0.009057 0
0.173937 0
0.529121 0
0.239040 0
0.232026 0
1.489494 0
0.226999 0
0.617168 0
0.177699 0
0.472813 0
0.627319 0
0.402284 0
0.376604 0
0.437728 0
0.107658 0
0.224655 0
0.324533 0
0.150961 0
0.554682 0
0.038663 0
1.211953 0
1.061915 0
0.409523 0
0.400558 0
1.368022 0
0.026448 0
0.962224 0
0.072002 0
0.051835 0
0.039544 0
0.174196 0
0.675485 0
1.468009 0
1.584676 0
0.524517 0
1.002408 0
0.169927 0
0.294944 0
0.098623 0
0.167009 0
0.468199 0
0.804466 0
0.225594 0
1.121559 0
1.397439 0
0.277086 0
0.075030 0
1.002198 0
0.833622 0
0.184120 0
0.302679 0
0.112358 0
1.852032 0
0.782775 0
0.868932 0
0.977148 0
0.922038 0
0.247151 0
0.746562 0
0.449686 0
0.674795 0
0.625619 0
1.967036 0
0.903952 0
0.306245 0
0.349372 0
0.302069 0
0.251823 0
0.163596 0
0.113824 0
0.092880 0
0.281113 0
1.511696 0
0.257021 0
0.065494 0
0.123143 0
0.075479 0
0.264081 0
0.882712 0
0.017635 0
1.328685 0
0.330207 0
1.211519 0
0.109286 0
0.421672 0
0.331654 0
0.778504 0
0.484587 0
0.233274 0
0.743846 0
0.522803 0
0.455886 0
0.972286 0
0.417185 0
0.191640 0
0.082762 0
0.849057 0
0.114186 0
0.937338 0
0.047359 0
0.060851 0
0.533993 0
0.300812 0
0.142867 0
0.568447 0
0.082136 0
0.031339 0
0.809835 0
0.642032 0
0.706817 0
0.141963 0
0.254599 0
0.081765 0
0.398224 0
0.057877 0
0.090618 0
0.423003 0
0.920530 0
1.402847 0
0.014778 0
1.292894 0
0.469228 0
0.024276 0
0.463632 0
0.240868 0
0.221714 0
0.191227 0
0.292771 0
0.360014 0
0.469293 0
0.204712 0
0.312663 0
0.764354 0
0.085710 0
0.775492 0
0.115731 0
1.153667 0
0.021550 0
0.074404 0
0.576888 0
0.459597 0
0.896938 0
0.344678 0
0.044850 0
2.172251 0
0.519779 0
0.607608 0
0.302595 0
0.483935 0
0.103005 0
0.503514 0
0.038267 0
0.321952 0
1.429400 0
0.093254 0
0.080284 0
0.061672 0
0.792835 0
0.646654 0
0.627347 0
0.156876 0
0.081378 0
0.361123 0
0.184183 0
0.702767 0
0.449870 0
1.077850 0
0.826121 0
0.533366 0
1.478637 0
0.227925 0
0.387489 0
0.793664 0
0.319817 0
0.413149 0
0.583357 0
1.186399 0
0.455854 0
0.215752 0
0.496130 0
0.415678 0
0.229855 0
0.657219 0
0.378067 0
0.533019 0
0.131731 0
0.490583 0
0.051031 0
0.413160 0
0.404477 0
0.591062 0
0.331905 0
1.397191 0
0.468691 0
0.160899 0
0.007603 0
0.854921 0
0.497099 0
0.019623 0
0.943444 0
0.235231 0
0.384497 0
0.170908 0
0.182702 0
0.224442 0
0.276061 0
1.776811 0
0.591601 0
0.014478 0
0.364180 0
0.065316 0
0.342368 0
0.015405 0
0.143108 0
0.137447 0
0.644428 0
0.037397 0
0.374856 0
0.157121 0
0.059371 0
0.714300 0
1.086920 0
0.652322 0
1.167954 0
0.017327 0
0.552460 0
0.648560 0
0.056482 0
0.291460 0
0.164766 0
1.369668 0
0.247109 0
0.771722 0
0.402805 0
0.193513 0
0.552536 0
0.105321 0
0.245720 0
1.043221 0
0.288029 0
0.247454 0
0.369839 0
0.709350 0
0.141115 0
0.274121 0
0.528564 0
0.316342 0
0.146260 0
0.536012 0
0.102767 0
0.042404 0
0.012112 0
0.604754 0
0.014860 0
0.354285 0
0.087599 0
0.699437 0
0.363788 0
0.854190 0
0.380435 0
0.209534 0
1.216995 0
0.084810 0
0.640092 0
0.392770 0
0.341939 0
0.989515 0
0.091280 0
0.056294 0
0.535749 0
0.466331 0
0.098056 0
0.176449 0
0.639598 0
0.297455 0
0.146769 0
0.034026 0
0.880298 0
0.219231 0
0.090306 0
0.364021 0
0.591694 0
0.072401 0
0.794611 0
0.283441 0
0.203315 0
0.216277 0
0.056237 0
0.144431 0
0.553388 0
0.850593 0
0.428645 0
0.348817 0
0.007132 0
0.030002 0
1.383130 0
0.017890 0
0.723480 0
0.587516 0
1.423401 0
0.600992 0
0.525692 0
0.914250 0
1.000675 0
0.123611 0
0.442635 0
0.082491 0
0.027123 0
0.436766 0
0.676526 0
1.708270 0
0.202414 0
0.125904 0
0.742282 0
0.196209 0
0.531793 0
1.134916 0
0.290754 0
0.813714 0
0.065290 0
0.277247 0
1.418636 0
0.023732 0
1.311551 0
0.141616 0
0.748086 0
0.405836 0
0.077063 0
0.411963 0
0.220942 0
0.588975 0
0.745069 0
0.189247 0
0.136533 0
0.530226 0
0.365770 0
1.002979 0
1.780482 0
0.018713 0
0.143992 0
0.006563 0
0.410546 0
0.830743 0
0.633451 0
0.372854 0
0.507077 0
0.394971 0
0.050395 0
0.482370 0
0.082757 0
0.504173 0
0.161538 0
0.575627 0
1.058678 0
0.377541 0
0.459109 0
1.391058 0
0.415981 0
0.143358 0
0.122697 0
1.532482 0
1.320992 0
0.192089 0
1.121476 0
0.196136 0
0.156851 0
0.402295 0
0.194380 0
0.566371 0
0.656390 0
0.185983 0
0.627901 0
0.226811 0
0.677285 0
0.906306 0
0.089270 0
0.355949 0
0.771120 0
1.556703 0
0.766670 0
1.443274 0
0.178413 0
0.880989 0
0.044662 0
0.300573 0
0.448231 0
0.696508 0
0.013798 0
0.754653 0
0.129214 0
0.735783 0
0.347209 0
0.635334 0
0.250062 0
0.742811 0
0.060696 0
0.120317 0
0.139854 0
0.798001 0
0.414605 0
0.654228 0
0.847758 0
0.096589 0
1.411713 0
1.194796 0
0.696554 0
0.079128 0
0.424654 0
1.728148 0
0.076645 0
0.272128 0
0.270455 0
1.017582 0
0.114398 0
0.485489 0
0.223803 0
0.437528 0
1.027515 0
0.314392 0
0.208464 0
0.263460 0
0.169549 0
0.799973 0
0.083909 0
0.766306 0
0.077919 0
1.139876 0
1.004906 0
0.098210 0
0.898774 0
0.600905 0
0.641548 0
0.230921 0
0.371789 0
0.035884 0
1.573429 0
0.694517 0
0.588039 0
1.550546 0
0.056458 0
1.619958 0
0.187902 0
0.281064 0
0.096159 0
0.104131 0
0.383624 0
0.025226 0
0.003263 0
0.195054 0
0.067558 0
0.031807 0
0.121701 0
0.088133 0
0.781487 0
0.203769 0
0.358951 0
0.455345 0
0.046358 0
0.319811 0
0.511791 0
0.015640 0
0.145025 0
0.289569 0
0.106559 0
0.064500 0
0.471438 0
0.011147 0
1.719575 0
1.287897 0
0.218181 0
0.203687 0
0.121032 0
0.379053 0
0.030469 0
0.409632 0
0.648137 0
0.406100 0
0.468311 0
0.164952 0
0.568947 0
0.212111 0
1.244182 0
0.064724 0
0.369596 0
0.102258 0
0.210645 0
0.264075 0
0.373287 0
0.280151 0
0.119214 0
0.389381 0
0.582235 0
0.025217 0
0.123243 0
0.941622 0
0.302621 0
0.139083 0
0.400271 0
0.435908 0
1.458135 0
1.299081 0
0.111086 0
0.051598 0
0.338941 0
0.329671 0
0.404686 0
0.529127 0
0.024330 0
0.473172 0
0.423191 0
0.142384 0
0.197666 0
1.211317 0
0.066269 0
0.414962 0
0.115664 0
0.358714 0
0.501102 0
1.234852 0
0.728969 0
0.055152 0
0.229915 0
0.008512 0
0.310570 0
0.013763 0
0.143597 0
0.889907 0
0.045521 0
1.352541 0
0.283056 0
0.183775 0
0.069981 0
0.457609 0
0.195664 0
0.835525 0
0.038194 0
0.149001 0
0.053326 0
0.014217 0
0.265236 0
0.011162 0
0.310891 0
0.851264 0
0.464453 0
0.148431 0
0.275436 0
1.083050 0
0.949849 0
0.010946 0
0.363951 0
0.246537 0
0.204900 0
0.116533 0
0.203724 0
1.484044 0
0.779719 0
1.359643 0
0.133597 0
1.051814 0
0.072641 0
0.627186 0
0.704398 0
0.868561 0
0.036878 0
0.233268 0
1.365328 0
0.101536 0
0.895101 0
0.236361 0
0.980355 0
0.274236 0
0.020661 0
0.023523 0
0.021285 0
0.636247 0
0.195492 0
0.577274 0
0.033139 0
0.686697 0
0.717191 0
0.404517 0
0.418595 0
0.659033 0
0.463714 0
0.967254 0
0.288272 0
0.082267 0
0.380223 0
0.091620 0
0.228939 0
0.503613 0
2.411231 0
0.438998 0
0.175518 0
0.097288 0
0.059392 0
0.439059 0
0.301639 0
1.129930 0
0.058348 0
0.199506 0
0.217366 0
1.033563 0
1.556991 0
0.105863 0
0.252313 0
0.350100 0
1.160143 0
0.005750 0
0.465150 0
0.219811 0
1.286632 0
0.927101 0
1.170687 0
0.172212 0
0.145170 0
1.577464 0
0.136598 0
0.434474 0
0.084812 0
0.084763 0
1.256004 0
0.432818 0
0.098505 0
0.347393 0
0.038017 0
1.416777 0
0.194582 0
1.260859 0
0.546932 0
0.117516 0
0.050673 0
0.035949 0
0.144465 0
1.595648 0
0.122636 0
0.102412 0
0.155497 0
0.343840 0
0.475066 0
0.896340 0
0.055995 0
0.038619 0
0.070437 0
0.087701 0
1.207388 0
0.134027 0
0.033595 0
0.192642 0
0.174778 0
0.504966 0
0.384166 0
0.109943 0
0.401121 0
1.181010 0
1.744486 0
0.035815 0
0.167250 0
0.014444 0
0.317704 0
0.413081 0
1.361211 0
0.159582 0
0.054780 0
0.223053 0
0.122497 0
1.423926 0
0.184400 0
0.215983 0
0.276905 0
0.776608 0
0.030674 0
1.397807 0
1.004140 0
0.036028 0
0.073997 0
0.105615 0
0.347445 0
0.143808 0
0.297260 0
0.846072 0
0.246325 0
0.358680 0
0.135841 0
0.154754 0
0.382910 0
1.255208 0
0.139558 0
0.441668 0
1.451193 0
0.541346 0
0.045698 0
0.118283 0
1.095614 0
0.181320 0
0.576133 0
1.056566 0
0.424333 0
0.112874 0
0.002783 0
0.881005 0
0.125128 0
1.392251 0
0.304433 0
1.314027 0
0.006132 0
0.375997 0
1.746111 0
0.273037 0
0.172282 0
0.114842 0
0.459340 0
0.003834 0
0.063532 0
1.512749 0
0.423745 0
0.466576 0
1.410776 0
0.036706 0
0.220321 0
0.416009 0
0.248549 0
1.302352 0
0.764247 0
1.219781 0
0.200490 0
0.200103 0
0.318099 0
0.499982 0
0.407763 0
1.672527 0
0.877153 0
0.864149 0
0.128995 0
0.497120 0
0.698130 0
0.620070 0
0.232481 0
0.282680 0
1.081852 0
0.012034 0
0.204150 0
0.417636 0
0.435235 0
0.448766 0
0.240681 0
1.169844 0
0.256749 0
0.274633 0
0.120044 0
0.182464 0
0.406052 0
0.080598 0
0.128271 0
0.464560 0
0.435337 0
1.069621 0
0.277113 0
0.357760 0
0.359566 0
0.513090 0
0.014257 0
0.096506 0
0.408786 0
0.146239 0
0.815277 0
0.193589 0
0.157315 0
0.579676 0
1.149721 0
0.361631 0
0.347279 0
0.078114 0
0.428955 0
0.226118 0
0.095360 0
0.430843 0
0.365670 0
0.263626 0
0.419634 0
0.340565 0
0.390077 0
0.329929 0
0.083353 0
0.292222 0
0.049754 0
0.635700 0
1.516489 0
0.154745 0
0.489752 0
0.296202 0
0.525085 0
0.367967 0
0.997310 0
0.233128 0
0.664538 0
0.549989 0
0.819251 0
0.310750 0
1.207240 0
0.055942 0
0.030767 0
0.103061 0
1.181916 0
1.403541 0
0.047777 0
0.295356 0
0.486536 0
0.135206 0
1.568958 0
0.753072 0
1.407345 0
0.040721 0
0.190113 0
1.185540 0
0.574055 0
0.714300 0
0.340214 0
0.068041 0
1.426338 0
0.282116 0
0.514300 0
0.265007 0
0.479892 0
0.823197 0
1.396143 0
1.232512 0
0.644270 0
0.118758 0
0.308795 0
0.459010 0
0.207777 0
0.307796 0
0.234792 0
0.410742 0
0.011635 0
1.081929 0
0.115507 0
0.459199 0
0.640765 0
0.076041 0
0.025065 0
0.252726 0
1.362923 0
0.066332 0
0.852444 0
1.266656 0
0.116174 0
0.118765 0
0.525401 0
0.429233 0
0.870756 0
0.092650 0
0.556654 0
0.868645 0
0.021491 0
0.160213 0
0.064936 0
0.159705 0
0.280965 0
0.751365 0
0.238864 0
0.251912 0
0.788662 0
0.387507 0
0.899535 0
1.228426 0
0.517494 0
0.747720 0
0.285104 0
0.320012 0
0.205360 0
0.124448 0
0.226125 0
0.327786 0
0.090185 0
0.077177 0
0.148657 0
0.022150 0
0.348638 0
0.569952 0
0.541119 0
0.591372 0
0.643785 0
1.068234 0
0.367996 0
0.019603 0
0.420681 0
0.157898 0
0.196068 0
0.372594 0
0.339619 0
0.770671 0
0.357110 0
0.722187 0
0.003238 0
0.156988 0
0.534191 0
0.423463 0
0.022033 0
0.604265 0
1.049647 0
0.313209 0
0.312676 0
0.073773 0
0.610784 0
0.337339 0
1.011140 0
0.032309 0
0.018916 0
0.498278 0
0.128174 0
1.049606 0
0.094353 0
0.579627 0
1.480270 0
0.339364 0
0.109358 0
0.348472 0
0.335569 0
0.559557 0
0.298997 0
0.345808 0
0.048273 0
0.065342 0
0.291183 0
0.174337 0
0.306740 0
2.370846 0
0.466449 0
0.231136 0
0.127225 0
0.304750 0
0.051513 0
0.795146 0
1.090971 0
0.044976 0
0.326104 0
0.997734 0
0.835613 0
0.260844 0
1.015238 0
0.594904 0
0.281246 0
1.476084 0
0.142344 0
1.139161 0
0.628935 0
0.303672 0
0.073459 0
1.006302 0
0.892633 0
0.059002 0
0.599388 0
0.233524 0
0.033970 0
1.089419 0
0.493617 0
0.400719 0
0.731244 0
0.175859 0
1.420424 0
0.185482 0
0.177947 0
0.394338 0
0.323492 0
0.003840 0
0.434970 0
0.721291 0
0.107416 0
0.384459 0
0.407065 0
0.680861 0
0.079833 0
0.164144 0
0.069836 0
0.097654 0
0.498039 0
0.214959 0
1.829869 0
0.067194 0
0.870780 0
0.464179 0
1.253449 0
0.105424 0
0.662800 0
1.068097 0
0.766265 0
0.410696 0
0.381833 0
1.539163 0
0.100381 0
1.281644 0
0.296903 0
0.637110 0
0.116358 0
0.812854 0
0.831070 0
0.162769 0
0.110080 0
1.409542 0
0.130133 0
0.806270 0
0.554324 0
0.431089 0
1.366739 0
0.226713 0
0.272160 0
0.072119 0
0.026760 0
0.305105 0
0.285887 0
0.111461 0
0.953570 0
1.446386 0
0.293597 0
0.964284 0
0.540328 0
0.130598 0
0.413640 0
0.073704 0
0.500629 0
0.305054 0
0.119694 0
0.082072 0
0.121385 0
1.002259 0
0.281938 0
0.349643 0
0.038613 0
0.290531 0
1.140307 0
0.266358 0
0.502921 0
0.245575 0
0.319286 0
0.272351 0
0.416602 0
0.106349 0
0.284899 0
0.129539 0
0.341326 0
0.194253 0
0.043839 0
1.186638 0
1.397550 0
0.169869 0
0.599870 0
0.062913 0
0.032610 0
0.061461 0
0.333594 0
0.037750 0
0.066868 0
0.670735 0
0.047433 0
0.320372 0
0.895699 0
1.631532 0
0.674818 0
0.738411 0
0.839495 0
0.248961 0
0.717443 0
0.345954 0
0.593697 0
1.527582 0
0.213921 0
0.016310 0
0.166992 0
0.422158 0
0.266007 0
0.294494 0
0.125918 0
0.980418 0
0.097219 0
1.720977 0
0.005007 0
0.105685 0
0.729763 0
0.058707 0
0.851278 0
0.287336 0
0.495482 0
0.541430 0
0.255156 0
0.060186 0
0.050531 0
0.044989 0
0.160732 0
0.570791 0
0.378284 0
0.268443 0
0.157651 0
0.628436 0
0.183883 0
0.358198 0
0.023487 0
0.436048 0
0.614613 0
0.173606 0
0.485336 0
0.590922 0
0.632656 0
0.428326 0
0.491861 0
0.683185 0
0.352319 0
0.437149 0
0.694767 0
0.691009 0
0.359413 0
0.048942 0
0.218231 0
0.491893 0
0.193903 0
0.406411 0
0.563305 0
0.178605 0
0.800791 0
0.382842 0
0.769307 0
1.367233 0
0.119758 0
1.056345 0
0.059564 0
0.622951 0
0.192660 0
0.633667 0
0.130433 0
1.425777 0
0.529624 0
0.151405 0
0.758354 0
0.601002 0
0.089381 0
0.024850 0
0.673994 0
1.470968 0
0.231683 0
0.105882 0
0.892934 0
0.241624 0
0.506378 0
0.268595 0
1.057174 0
0.035150 0
0.275197 0
0.319474 0
0.624892 0
0.376733 0
0.830104 0
0.492012 0
0.080028 0
1.459207 0
0.751848 0
0.237817 0
0.945830 0
0.011060 0
0.650364 0
0.087428 0
1.177882 0
1.246684 0
0.101452 0
0.226414 0
0.714040 0
0.566595 0
0.230960 0
0.017989 0
0.927743 0
1.181873 0
0.020627 0
0.146211 0
0.308304 0
0.362882 0
2.605182 0
1.020628 0
0.953910 0
0.471283 0
0.514774 0
0.209641 0
0.518076 0
0.991497 0
1.428304 0
0.508051 0
1.102434 0
0.623361 0
0.975844 0
0.082067 0
0.856873 0
1.432827 0
0.702685 0
0.032216 0
0.649462 0
0.364560 0
0.287892 0
1.406202 0
0.446130 0
0.153356 0
0.404022 0
0.206855 0
0.034938 0
0.413880 0
0.627335 0
0.930601 0
0.162767 0
0.201479 0
0.959946 0
1.228880 0
0.114665 0
0.393409 0
0.017789 0
0.074884 0
0.872010 0
0.898043 0
0.213212 0
0.026137 0
0.089416 0
0.526720 0
0.673397 0
0.682264 0
0.356656 0
0.389733 0
0.115948 0
0.043584 0
1.237749 0
1.037049 0
0.325434 0
0.034536 0
0.531877 0
0.043437 0
0.401350 0
0.460179 0
0.018074 0
0.154356 0
0.045745 0
1.151323 0
0.070232 0
0.225119 0
0.929686 0
0.656390 0
0.399099 0
0.037526 0
0.102270 0
0.139580 0
1.074860 0
0.564808 0
0.706515 0
0.106692 0
0.061776 0
1.187860 0
0.403451 0
0.603090 0
0.843148 0
0.810878 0
0.266741 0
0.052394 0
0.691421 0
0.109574 0
0.222867 0
0.440190 0
0.190602 0
1.438593 0
0.130986 0
0.007122 0
0.177246 0
0.334530 0
0.061787 0
0.174996 0
0.580535 0
1.404598 0
0.127003 0
0.413442 0
0.929971 0
0.267699 0
0.015622 0
0.458433 0
0.111355 0
0.079364 0
0.817954 0
2.040919 0
0.095171 0
0.655937 0
1.370403 0
0.361834 0
0.820832 0
0.434472 0
0.051445 0
0.242919 0
0.013870 0
0.151955 0
1.293113 0
0.422642 0
0.069794 0
0.011050 0
0.050235 0
0.315893 0
0.415637 0
0.178321 0
0.389251 0
0.088244 0
0.515109 0
0.723674 0
1.006310 0
0.880369 0
0.716402 0
1.327482 0
0.318845 0
0.348705 0
0.639647 0
0.109995 0
0.200127 0
0.629397 0
0.106919 0
0.392576 0
0.908552 0
0.102399 0
0.571448 0
0.199416 0
0.576596 0
0.295097 0
0.011375 0
0.500561 0
0.471527 0
0.060646 0
0.287005 0
0.312362 0
0.840875 0
0.455569 0
0.114351 0
0.049098 0
0.488544 0
0.383170 0
0.224270 0
0.242122 0
0.210975 0
0.235686 0
0.135790 0
0.756277 0
0.922074 0
0.657980 0
0.148734 0
0.891529 0
0.103056 0
0.047319 0
0.770309 0
0.926231 0
1.199478 0
0.395129 0
0.227463 0
1.011168 0
0.766441 0
0.261077 0
0.432950 0
0.884477 0
0.401813 0
0.383582 0
0.110784 0
0.449758 0
0.084778 0
0.597324 0
0.314383 0
0.408698 0
0.270258 0
0.098722 0
0.334042 0
0.137885 0
0.595663 0
0.196512 0
0.160936 0
0.337465 0
0.219630 0
0.901747 0
0.362971 0
1.410717 0
1.388643 0
0.783667 0
0.596886 0
0.814842 0
0.161976 0
1.272956 0
0.339900 0
0.007866 0
0.251779 0
1.245060 0
0.919464 0
0.235334 0
0.121267 0
0.797419 0
0.103697 0
0.521248 0
0.271362 0
0.025006 0
0.404228 0
0.491240 0
0.630424 0
0.187118 0
0.716525 0
0.545791 0
0.251512 0
0.745623 0
0.145338 0
0.154931 0
0.169927 0
0.750299 0
0.087212 0
0.101019 0
0.330368 0
0.482189 0
0.428957 0
0.168594 0
0.152918 0
1.151682 0
0.334293 0
1.707226 0
0.072459 0
0.964567 0
0.261421 0
0.101242 0
1.240566 0
0.697970 0
0.099046 0
0.343878 0
0.892198 0
0.185717 0
1.084852 0
1.864950 0
0.230963 0
0.410679 0
0.588787 0
0.745279 0
0.453850 0
0.641976 0
1.842735 0
0.283143 0
0.172365 0
0.274789 0
0.517267 0
0.944485 0
0.570177 0
1.218172 0
0.204208 0
0.028330 0
0.052299 0
0.623719 0
0.166989 0
1.388569 0
0.921140 0
0.839152 0
1.367226 0
1.356500 0
0.271366 0
0.291706 0
0.057052 0
1.401633 0
0.230432 0
1.099619 0
0.410084 0
0.600249 0
0.421097 0
0.209348 0
0.168130 0
0.101050 0
0.026584 0
0.176309 0
0.106363 0
0.188453 0
0.822270 0
0.233898 0
0.642011 0
0.163834 0
1.443483 0
0.317953 0
1.358828 0
0.005826 0
0.142091 0
0.525818 0
0.521837 0
0.302331 0
0.518598 0
1.615016 0
0.215110 0
0.417470 0
0.391035 0
0.221270 0
0.743796 0
0.783159 0
0.706587 0
0.279754 0
0.319182 0
0.653309 0
0.254598 0
0.625640 0
0.047757 0
0.370857 0
0.807471 0
1.417902 0
0.238810 0
0.030067 0
0.144881 0
1.164377 0
0.094278 0
0.533788 0
0.035405 0
0.879624 0
0.982259 0
0.305312 0
0.154450 0
1.181142 0
0.282854 0
0.495363 0
0.239813 0
1.490361 0
0.289886 0
0.216797 0
0.040646 0
0.338386 0
0.109563 0
0.185015 0
0.416590 0
0.275484 0
0.693449 0
0.216322 0
0.253429 0
0.415598 0
0.253073 0
0.179383 0
0.098573 0
0.666036 0
1.315089 0
0.319381 0
0.606928 0
0.431342 0
0.538593 0
0.112438 0
1.428922 0
0.210600 0
1.324966 0
0.066598 0
0.229382 0
0.512765 0
0.000649 0
0.938398 0
2.010170 0
0.038867 0
0.169581 0
0.026240 0
0.140140 0
0.428981 0
1.406808 0
0.755285 0
0.318247 0
0.671070 0
0.386597 0
0.426945 0
0.308807 0
0.230675 0
0.171192 0
0.029422 0
1.334644 0
0.423082 0
0.816501 0
0.359178 0
0.144613 0
0.792254 0
0.688562 0
1.162605 0
0.580763 0
0.242119 0
1.044203 0
0.303570 0
0.351811 0
1.511720 0
0.247237 0
1.167352 0
0.695100 0
0.317497 0
0.155353 0
0.089900 0
1.512716 0
0.456279 0
0.224093 0
0.359556 0
0.085587 0
0.184327 0
0.022498 0
1.311294 0
0.184124 0
0.415585 0
0.285583 0
0.128880 0
1.255714 0
0.461255 0
0.312878 0
0.484727 0
0.250921 0
1.340066 0
0.240872 0
1.016191 0
0.384012 0
0.593168 0
0.930569 0
0.251309 0
0.556994 0
1.443706 0
0.983892 0
0.397424 0
0.173156 0
0.157209 0
1.003595 0
0.496628 0
1.484342 0
0.106945 0
0.022337 0
0.234304 0
0.542010 0
0.009618 0
0.207509 0
0.136398 0
0.150328 0
0.711498 0
0.042462 0
0.180695 0
0.308018 0
0.445735 0
0.469227 0
0.396712 0
0.309101 0
0.137461 0
0.252481 0
0.358955 0
1.214932 0
0.242789 0
0.091266 0
1.134084 0
0.706223 0
0.074358 0
0.258539 0
0.413163 0
0.003759 0
0.277451 0
0.647267 0
1.302656 0
0.144745 0
0.048347 0
0.204784 0
0.544317 0
0.324395 0
0.289921 0
0.151286 0
1.609846 0
0.530912 0
0.500195 0
0.471779 0
0.534432 0
0.242520 0
0.372471 0
1.239225 0
0.263903 0
0.083060 0
0.617310 0
0.302862 0
0.243439 0
0.187195 0
0.335955 0
0.400652 0
0.064919 0
0.036515 0
0.354512 0
1.073063 0
0.073653 0
0.138495 0
0.048698 0
0.472552 0
1.075397 0
0.299511 0
0.067896 0
0.362095 0
0.442031 0
0.879180 0
0.402852 0
0.615764 0
0.188358 0
0.048189 0
0.324100 0
0.214290 0
0.189356 0
0.570622 0
0.032607 0
0.844648 0
1.076590 0
1.397948 0
0.258090 0
0.017434 0
0.614899 0
0.353341 0
0.614151 0
0.183517 0
0.635688 0
1.274223 0
0.108775 0
0.141568 0
0.820472 0
0.254508 0
0.033775 0
0.868950 0
0.898539 0
0.890919 0
0.359757 0
0.190620 0
0.134975 0
0.964462 0
0.183156 0
1.375380 0
0.282359 0
0.009579 0
0.526517 0
1.490816 0
0.422350 0
0.464364 0
0.489135 0
0.407451 0
0.377089 0
0.500485 0
0.316137 0
0.122482 0
0.502293 0
0.372881 0
0.008788 0
0.133391 0
0.153925 0
0.084757 0
0.558867 0
0.056249 0
0.122906 0
0.072742 0
0.213783 0
0.918257 0
0.027699 0
0.735798 0
0.181430 0
1.477305 0
0.415127 0
1.095661 0
0.166028 0
1.397580 0
0.037332 0
0.159256 0
0.130144 0
1.853725 0
0.098249 0
0.189325 0
1.069781 0
0.389381 0
0.504302 0
0.248151 0
0.038943 0
0.175350 0
0.124243 0
0.260777 0
0.237362 0
0.387538 0
0.270653 0
0.862424 0
0.309321 0
0.139233 0
0.005578 0
0.137004 0
0.142181 0
0.081664 0
0.406647 0
0.255166 0
0.516071 0
0.151939 0
1.117655 0
0.098604 0
1.363261 0
1.364983 0
0.123657 0
0.262918 0
0.094373 0
0.972543 0
0.990449 0
0.500801 0
0.062948 0
0.610535 0
0.520842 0
0.288768 0
0.096533 0
0.238210 0
0.151194 0
0.072347 0
1.440969 0
0.179928 0
0.960545 0
0.630282 0
1.405286 0
0.062543 0
0.264270 0
0.540562 0
0.825929 0
0.293465 0
1.190849 0
1.393779 0
0.003485 0
0.104911 0
0.295295 0
0.276998 0
0.202197 0
0.251178 0
0.261504 0
0.468360 0
0.421849 0
0.063701 0
0.256233 0
0.176620 0
0.620665 0
0.118608 0
0.805802 0
0.720510 0
0.058541 0
0.211589 0
0.233897 0
0.259537 0
0.135297 0
0.312832 0
0.411942 0
0.421640 0
0.202226 0
0.279059 0
0.279430 0
2.092525 0
0.280664 0
0.558115 0
0.017356 0
0.085316 0
0.097937 0
0.008265 0
1.573152 0
0.166719 0
0.200416 0
0.107541 0
0.232894 0
0.276084 0
0.135448 0
0.240764 0
0.050495 0
0.834166 0
0.954856 0
0.295160 0
0.072154 0
0.211218 0
0.973992 0
0.466678 0
0.268150 0
0.199818 0
0.124895 0
0.800842 0
0.853306 0
0.510150 0
0.214603 0
0.051459 0
1.400821 0
0.286269 0
0.893012 0
0.494640 0
0.971434 0
0.093769 0
0.796997 0
0.271485 0
0.166551 0
0.297424 0
0.423928 0
0.154560 0
0.552925 0
0.040820 0
0.252176 0
0.145595 0
0.307579 0
0.130759 0
0.277178 0
0.098589 0
0.868235 0
0.697505 0
1.653085 0
0.118563 0
0.184174 0
0.792480 0
0.012232 0
0.777425 0
0.056346 0
0.990760 0
0.284240 0
0.495262 0
0.159485 0
0.038757 0
0.147287 0
0.744056 0
0.042788 0
0.039409 0
1.364620 0
0.188540 0
1.318649 0
0.779954 0
0.093070 0
1.109577 0
0.154829 0
0.931214 0
1.177027 0
0.421237 0
0.290852 0
0.573618 0
1.428273 0
0.046111 0
0.412374 0
1.109891 0
0.180258 0
1.434988 0
0.445679 0
0.088357 0
0.078074 0
0.241292 0
0.029642 0
0.346299 0
0.106159 0
0.182258 0
0.176839 0
1.707003 0
0.447583 0
0.292710 0
0.298879 0
0.551013 0
0.407435 0
0.221865 0
0.435838 0
0.185501 0
1.153742 0
1.085779 0
0.362614 0
1.177486 0
1.492613 0
0.999992 0
0.025659 0
0.092935 0
0.470176 0
0.614941 0
0.214727 0
1.529378 0
0.349633 0
0.572554 0
0.582407 0
0.733684 0
0.167437 0
0.716503 0
0.108513 0
0.366099 0
0.197447 0
0.325188 0
1.019445 0
1.029581 0
0.171041 0
0.212066 0
0.463728 0
0.256681 0
0.946391 0
