0.280311 0
0.715896 0
0.779276 0
0.226125 0
0.102825 0
0.267808 0
0.060782 0
0.536730 0
0.478869 0
0.708978 0
0.025089 0
0.657460 0
0.062058 0
0.180906 0
0.731780 0
0.016569 0
0.390948 0
0.326775 0
0.070615 0
0.013764 0
0.211677 0
0.556393 0
0.426789 0
0.349028 0
0.812211 0
1.110325 0
0.016617 0
0.376048 0
0.573727 0
0.845708 0
0.417933 0
0.151325 0
0.460254 0
0.398864 0
0.035786 0
0.263034 0
0.310887 0
0.337102 0
0.877931 0
0.730052 0
0.064439 0
0.078832 0
0.037429 0
1.399254 0
0.367077 0
0.044872 0
1.483935 0
0.634585 0
1.384644 0
0.096501 0
0.081858 0
0.596866 0
1.902149 0
0.097569 0
0.193338 0
0.260552 0
1.006809 0
0.997723 0
0.049095 0
0.292074 0
0.013495 0
0.123424 0
0.194744 0
0.081209 0
0.365025 0
0.757143 0
0.004825 0
0.992185 0
0.016041 0
1.146856 0
0.136040 0
0.088033 0
0.691024 0
0.314664 0
0.500536 0
0.595716 0
0.311709 0
0.596003 0
0.063415 0
0.666136 0
0.682582 0
0.723036 0
0.261277 0
1.295543 0
0.166192 0
0.084020 0
0.067359 0
1.053645 0
0.473704 0
0.171388 0
0.919691 0
0.483266 0
0.082237 0
0.036426 0
0.299686 0
0.786759 0
0.898466 0
0.177833 0
0.266612 0
0.375509 0
0.707674 0
1.829904 0
0.416852 0
1.573079 0
0.593611 0
0.387202 0
0.121183 0
0.466597 0
0.398066 0
0.293677 0
0.559193 0
0.156739 0
1.061229 0
1.162184 0
1.488607 0
0.617349 0
0.548413 0
0.246985 0
0.070688 0
0.146446 0
0.370742 0
0.223536 0
0.445047 0
1.665891 0
0.175956 0
0.024260 0
0.148007 0
0.278212 0
0.161931 0
0.406911 0
0.335352 0
0.685557 0
0.352013 0
0.242571 0
0.031779 0
0.255272 0
0.108456 0
0.662820 0
0.692479 0
0.601915 0
0.878449 0
1.428036 0
0.646997 0
0.345830 0
0.106976 0
0.265652 0
0.308655 0
0.273613 0
0.139325 0
0.525456 0
0.038844 0
0.851023 0
0.442794 0
1.057114 0
0.420788 0
0.012746 0
0.293001 0
0.057278 0
0.003714 0
0.205751 0
0.419595 0
0.417848 0
0.041779 0
0.012609 0
0.031915 0
0.196665 0
0.146105 0
0.329763 0
1.207891 0
0.621492 0
0.405119 0
0.432584 0
0.372486 0
0.182995 0
1.852814 0
1.440381 0
0.157918 0
0.592519 0
0.092846 0
0.033920 0
0.042460 0
0.255657 0
0.493693 0
0.142784 0
0.161138 0
0.151929 0
0.195102 0
0.947166 0
0.044699 0
0.392094 0
0.114485 0
0.919939 0
0.740239 0
1.134858 0
0.036592 0
0.001083 0
1.008365 0
0.791637 0
0.435537 0
0.131249 0
0.598699 0
0.924499 0
0.307719 0
0.478829 0
0.185185 0
0.583096 0
1.247137 0
0.106433 0
0.525857 0
0.320854 0
0.526232 0
0.079172 0
0.463922 0
0.577911 0
0.086489 0
0.896301 0
0.686510 0
0.032508 0
0.172359 0
0.305172 0
0.462996 0
0.367699 0
0.005148 0
0.692155 0
0.512565 0
1.486446 0
0.598286 0
0.940679 0
0.480190 0
1.153466 0
0.287147 0
0.659043 0
0.223359 0
0.311351 0
1.053044 0
0.547634 0
0.442502 0
0.059066 0
1.124627 0
1.795816 0
0.108296 0
0.132114 0
0.929065 0
0.027051 0
0.066083 0
1.456815 0
0.748159 0
0.140538 0
0.225870 0
0.217372 0
0.435729 0
0.337164 0
0.061884 0
0.503106 0
0.832036 0
0.992614 0
1.010920 0
0.020415 0
0.082951 0
0.156503 0
0.425186 0
0.344247 0
0.844175 0
0.064718 0
0.256452 0
0.731744 0
0.648942 0
0.166339 0
1.030141 0
0.036068 0
1.347601 0
0.020037 0
1.385648 0
0.089025 0
0.102116 0
0.184609 0
0.514421 0
0.607327 0
1.026850 0
0.053610 0
0.266826 0
0.239117 0
