0.273873 0
0.090705 0
0.373448 0
0.525903 0
1.683460 0
0.174882 0
0.609296 0
0.238685 0
0.057989 0
0.145401 0
0.005909 0
0.206884 0
0.337567 0
0.719936 0
0.050078 0
0.611832 0
0.418452 0
0.039876 0
0.823517 0
0.144921 0
0.794178 0
0.071537 0
0.636849 0
0.406051 0
0.825488 0
0.802888 0
0.302075 0
0.012608 0
1.395621 0
0.442304 0
0.036862 0
0.182080 0
0.621738 0
1.453452 0
0.375558 0
0.260195 0
0.689955 0
0.240839 0
0.768023 0
0.416666 0
0.404346 0
0.094118 0
0.318784 0
0.379724 0
0.131099 0
1.652867 0
0.625605 0
0.312808 0
0.362895 0
0.191276 0
0.254985 0
1.487271 0
0.184112 0
0.113419 0
0.683429 0
0.172179 0
0.280816 0
0.115916 0
0.971305 0
0.502218 0
0.575253 0
0.406420 0
0.044931 0
0.229734 0
0.752404 0
0.189315 0
0.175560 0
0.038769 0
0.319247 0
0.130141 0
0.090954 0
0.393260 0
0.068555 0
0.165048 0
0.341893 0
0.741222 0
0.016469 0
1.349764 0
0.052753 0
0.279138 0
0.634236 0
0.002779 0
0.779313 0
0.131132 0
0.308118 0
0.345242 0
0.503179 0
0.041920 0
0.585111 0
0.166397 0
0.018779 0
0.574276 0
0.121784 0
0.319960 0
0.080064 0
0.113737 0
0.410987 0
0.633349 0
0.280942 0
0.412357 0
0.236923 0
0.750429 0
0.171887 0
0.090598 0
1.186676 0
0.019627 0
0.464578 0
0.468365 0
0.021703 0
0.949739 0
0.148014 0
0.521156 0
0.250368 0
0.312588 0
0.698504 0
0.897630 0
0.496376 0
0.787704 0
1.022206 0
0.809087 0
0.203081 0
0.724865 0
0.033312 0
0.092355 0
0.124870 0
1.318766 0
1.145490 0
0.720787 0
0.103566 0
0.172631 0
0.368352 0
1.347433 0
0.024365 0
0.101427 0
0.288873 0
0.693440 0
0.025809 0
0.799784 0
0.161239 0
1.397988 0
0.272831 0
1.360451 0
0.379649 0
0.523104 0
0.172718 0
0.117464 0
0.277924 0
0.487654 0
0.342501 0
0.735156 0
0.012428 0
0.287438 0
0.727261 0
0.392296 0
0.157480 0
0.028958 0
1.647432 0
0.618611 0
0.548347 0
0.046641 0
0.817167 0
0.231837 0
0.205827 0
0.376069 0
0.066596 0
0.099584 0
0.369764 0
0.464655 0
0.217585 0
0.435959 0
0.436244 0
0.266550 0
0.355168 0
0.020666 0
0.039282 0
0.216439 0
0.157494 0
0.123145 0
0.711499 0
0.863079 0
0.483260 0
0.138731 0
0.344513 0
0.669298 0
0.838047 0
0.649186 0
0.200089 0
1.523489 0
0.189924 0
1.003261 0
0.507458 0
1.578974 0
0.301274 0
0.402425 0
0.057856 0
0.303642 0
0.103090 0
0.131887 0
0.034703 0
0.101510 0
0.267435 0
0.656060 0
0.074361 0
0.575652 0
1.122089 0
0.515560 0
0.003067 0
1.018269 0
0.441197 0
0.920026 0
0.233752 0
1.139588 0
0.501300 0
0.053495 0
0.551214 0
0.940024 0
1.201685 0
0.023109 0
0.200572 0
0.081981 0
0.865600 0
0.231953 0
0.775677 0
0.987137 0
0.069803 0
0.570098 0
0.189676 0
1.539168 0
0.161761 0
0.008655 0
0.258353 0
1.403299 0
0.090260 0
0.141423 0
0.622554 0
0.492427 0
0.092715 0
1.560558 0
0.322565 0
0.392002 0
0.432976 0
0.219185 0
1.282815 0
0.609885 0
0.235439 0
0.827081 0
0.276940 0
0.005829 0
1.066700 0
1.372293 0
1.351555 0
1.149526 0
1.610309 0
0.631827 0
0.088661 0
0.018807 0
0.894547 0
1.025558 0
0.248445 0
1.012119 0
0.042739 0
0.184813 0
0.483984 0
0.604978 0
0.204430 0
0.873278 0
0.225795 0
0.945416 0
0.377890 0
0.101693 0
0.339686 0
0.040869 0
0.224323 0
0.208135 0
0.183795 0
0.295744 0
0.001353 0
1.414599 0
0.073204 0
0.384504 0
0.012548 0
0.385144 0
0.359798 0
0.741768 0
0.724214 0
0.965285 0
0.494707 0
0.012246 0
0.493482 0
0.015590 0
1.397409 0
0.327002 0
0.253302 0
0.150916 0
0.126413 0
0.364356 0
0.213224 0
0.095608 0
0.126174 0
0.301169 0
0.214438 0
1.158319 0
0.141744 0
0.482689 0
0.571483 0
0.099115 0
1.418630 0
1.526615 0
0.073923 0
1.204704 0
0.145970 0
0.941904 0
0.563022 0
0.075905 0
1.189806 0
0.162824 0
0.223949 0
0.220666 0
0.462005 0
1.135310 0
0.229838 0
0.559411 0
0.154604 0
0.460026 0
0.383404 0
0.455077 0
0.585933 0
0.060055 0
0.076095 0
0.987866 0
0.000209 0
0.874613 0
0.204498 0
0.028851 0
0.091430 0
0.463281 0
0.167863 0
0.105257 0
0.138925 0
0.269502 0
1.422498 0
0.360366 0
0.883646 0
0.678622 0
0.540584 0
0.975978 0
0.491590 0
0.028778 0
0.013241 0
0.115770 0
0.018869 0
1.644691 0
0.221677 0
0.697466 0
0.833370 0
1.466457 0
0.112238 0
0.195348 0
1.401093 0
0.373292 0
0.474345 0
0.379839 0
0.875331 0
0.114360 0
0.974035 0
0.281047 0
0.083640 0
0.118371 0
0.001832 0
0.537516 0
0.097405 0
0.232913 0
0.222398 0
0.544828 0
1.091600 0
0.229942 0
0.476282 0
0.434908 0
1.174251 0
0.212464 0
0.325728 0
0.298783 0
0.140635 0
0.427488 0
0.698217 0
0.862706 0
0.058935 0
1.250725 0
0.753910 0
0.643613 0
0.813500 0
0.827394 0
0.584028 0
0.176058 0
1.155935 0
0.646863 0
0.016701 0
1.700496 0
0.086526 0
0.329190 0
0.152044 0
0.345896 0
0.065258 0
0.551577 0
0.549444 0
0.171154 0
1.275095 0
0.944549 0
0.854564 0
0.409180 0
0.787981 0
0.337685 0
0.218783 0
0.171644 0
0.960898 0
0.947215 0
0.639815 0
0.389677 0
0.635588 0
0.313696 0
0.489393 0
1.663706 0
0.361002 0
1.454959 0
0.688104 0
0.764497 0
1.410766 0
0.098373 0
0.079855 0
0.203204 0
0.418364 0
0.241964 0
0.261056 0
1.398629 0
0.062051 0
0.453596 0
0.759403 0
0.547003 0
0.504397 0
0.496166 0
0.058080 0
0.998954 0
0.331554 0
0.239590 0
0.344335 0
0.052853 0
0.389739 0
0.049162 0
0.207475 0
0.050232 0
0.093710 0
0.002736 0
