0.260666 0
0.750239 0
0.134094 0
1.004321 0
1.375368 0
0.592315 0
0.385623 0
0.501304 0
1.367113 0
0.002964 0
1.367097 0
0.499902 0
0.041505 0
0.030036 0
0.099769 0
0.157042 0
0.410684 0
1.409657 0
0.169096 0
0.065708 0
0.132657 0
0.012605 0
0.500606 0
0.196649 0
0.724696 0
0.904591 0
0.594385 0
0.334959 0
0.173533 0
0.367830 0
0.247029 0
0.157477 0
1.259386 0
0.128164 0
0.568476 0
1.042878 0
0.859418 0
0.121835 0
0.611425 0
0.798837 0
0.237955 0
0.168156 0
0.562465 0
0.483362 0
0.168306 0
0.136787 0
0.231605 0
0.111076 0
0.980918 0
0.171635 0
0.331706 0
0.821447 0
0.787411 0
0.612520 0
0.891300 0
0.204892 0
0.153253 0
0.289954 0
0.744870 0
0.066557 0
0.185455 0
0.272169 0
0.002482 0
0.228510 0
0.045815 0
1.389220 0
0.318616 0
0.502649 0
0.601360 0
0.135079 0
1.419392 0
0.202863 0
0.234391 0
0.052334 0
0.086493 0
1.547787 0
0.315988 0
0.073716 0
0.082242 0
0.053888 0
0.022231 0
0.158422 0
0.215246 0
0.867303 0
0.600707 0
0.816804 0
0.441189 0
0.146197 0
1.029217 0
1.147365 0
0.673485 0
0.224533 0
0.092997 0
0.023098 0
0.228418 0
0.052216 0
0.265703 0
1.147055 0
0.523718 0
0.163814 0
1.099618 0
0.149684 0
0.234044 0
0.000661 0
0.372976 0
0.885047 0
0.801252 0
0.147981 0
0.722703 0
0.064012 0
0.173307 0
1.426721 0
0.194275 0
0.610926 0
0.604927 0
0.328916 0
0.692686 0
0.218726 0
0.343079 0
0.143861 0
1.126609 0
0.724586 0
0.422807 0
0.101276 0
0.405624 0
0.148098 0
0.429796 0
0.267907 0
0.192458 0
1.040045 0
0.296647 0
1.658324 0
0.765413 0
0.159152 0
0.398300 0
0.758734 0
0.734526 0
0.127068 0
0.155111 0
0.284748 0
0.706562 0
0.344886 0
0.045056 0
0.177054 0
0.342130 0
0.807483 0
0.711836 0
0.765789 0
0.564061 0
0.059906 0
0.052977 0
0.388993 0
0.361878 0
0.072312 0
1.214449 0
0.321727 0
0.402535 0
0.018016 0
0.244527 0
0.024591 0
0.472742 0
0.746509 0
0.181834 0
0.623106 0
0.582482 0
0.268919 0
0.786189 0
0.274874 0
0.853797 0
1.443219 0
0.147634 0
0.091420 0
0.255816 0
1.126420 0
0.530788 0
0.894386 0
0.158313 0
0.790244 0
0.351936 0
0.168982 0
1.424193 0
0.930827 0
0.090380 0
0.007504 0
0.303549 0
0.669384 0
1.554443 0
0.632303 0
0.008352 0
0.140709 0
0.032432 0
0.189625 0
0.273325 0
1.402101 0
0.137010 0
0.575982 0
0.161390 0
0.402586 0
0.308676 0
0.775543 0
0.016948 0
0.597342 0
0.134535 0
0.161922 0
0.016850 0
0.662858 0
0.495311 0
0.128797 0
0.903272 0
0.220114 0
0.015723 0
0.605136 0
0.045383 0
0.254678 0
0.264240 0
0.121930 0
0.154207 0
0.078181 0
0.357825 0
0.314914 0
0.092170 0
0.642814 0
0.342814 0
0.522805 0
0.484291 0
0.126666 0
0.597241 0
0.761009 0
0.501701 0
0.065946 0
0.574031 0
0.368768 0
0.277959 0
0.191204 0
0.925819 0
0.600708 0
1.104090 0
0.125273 0
0.005861 0
0.104003 0
1.766529 0
0.588708 0
0.211140 0
0.631075 0
0.101315 0
1.573043 0
0.074172 0
0.046942 0
0.752296 0
0.279829 0
0.284250 0
0.216378 0
0.183138 0
0.099483 0
0.072695 0
0.304519 0
0.073324 0
0.687293 0
0.384798 0
0.158862 0
1.538306 0
1.255888 0
1.026891 0
0.164025 0
0.937407 0
0.387605 0
0.883786 0
0.728591 0
0.150355 0
0.012097 0
0.173727 0
0.139233 0
0.346117 0
0.344132 0
1.226186 0
1.454142 0
0.093007 0
1.205685 0
0.655905 0
0.277630 0
0.636719 0
0.330516 0
0.157080 0
0.065315 0
0.102933 0
0.085023 0
0.459197 0
0.509354 0
1.712789 0
0.940403 0
0.498337 0
0.186098 0
0.131009 0
0.639293 0
1.093818 0
0.289966 0
0.228240 0
0.474738 0
0.282067 0
1.246635 0
0.158561 0
0.630003 0
1.554103 0
1.261260 0
1.263481 0
0.105598 0
0.246880 0
0.144194 0
0.468150 0
0.025149 0
0.484627 0
0.240208 0
0.282559 0
0.332400 0
0.639904 0
0.496911 0
0.255630 0
0.078589 0
0.724937 0
0.203011 0
0.220684 0
0.455131 0
0.132463 0
0.151830 0
0.937677 0
0.685761 0
0.548895 0
0.925993 0
0.958765 0
1.384297 0
1.099577 0
0.206639 0
0.468587 0
0.586325 0
0.806021 0
0.300260 0
0.249061 0
0.353329 0
0.463002 0
0.526184 0
0.210335 0
0.039706 0
0.977939 0
0.023374 0
0.479443 0
0.041936 0
0.001314 0
0.438530 0
0.122181 0
1.509661 0
0.511386 0
0.343850 0
0.056245 0
0.840923 0
0.106700 0
0.317454 0
1.216616 0
0.758402 0
0.083743 0
0.904157 0
0.051732 0
0.572767 0
0.465499 0
0.394726 0
0.635139 0
0.289913 0
0.146164 0
0.032588 0
1.420946 0
0.236865 0
0.142443 0
0.714879 0
0.333718 0
0.134444 0
0.382892 0
0.188471 0
0.853753 0
0.124337 0
1.571596 0
0.038634 0
1.282540 0
0.711080 0
0.865262 0
0.249513 0
0.652998 0
0.146148 0
0.362694 0
0.825076 0
0.061483 0
0.958944 0
0.450444 0
0.324424 0
0.404031 0
0.341281 0
0.024040 0
0.730915 0
0.144874 0
0.528471 0
1.117904 0
0.179423 0
0.004889 0
0.322508 0
0.789226 0
0.237062 0
0.017744 0
0.102068 0
0.046070 0
0.271966 0
0.241902 0
0.598496 0
1.310715 0
0.129532 0
0.032674 0
0.350666 0
0.407787 0
0.333102 0
0.493224 0
0.736038 0
0.371381 0
0.441970 0
0.202880 0
0.074120 0
0.010585 0
0.279594 0
0.002074 0
0.015435 0
0.237200 0
0.630739 0
0.063517 0
1.196154 0
0.051996 0
0.606809 0
1.007903 0
0.529918 0
0.051010 0
0.853391 0
0.251319 0
0.666466 0
0.634976 0
0.280572 0
0.700686 0
0.272602 0
0.018892 0
0.215799 0
0.325606 0
0.044723 0
0.162310 0
0.171604 0
1.255299 0
0.320577 0
0.856858 0
0.282474 0
0.027326 0
0.543506 0
0.998535 0
0.076925 0
0.248627 0
0.407488 0
1.678895 0
1.216470 0
1.441269 0
0.560511 0
1.434530 0
0.579808 0
1.409214 0
1.166900 0
0.428021 0
0.301202 0
0.695415 0
0.105165 0
0.145258 0
0.182710 0
0.342875 0
0.104211 0
0.209151 0
0.008025 0
0.178689 0
0.070182 0
0.170257 0
0.084918 0
1.496408 0
0.333817 0
1.744201 0
0.179665 0
0.476322 0
0.038666 0
1.429685 0
0.938399 0
1.501226 0
0.082371 0
0.297657 0
1.205460 0
0.502159 0
0.863142 0
0.678738 0
0.076782 0
0.331024 0
0.860668 0
0.103805 0
1.171835 0
0.294353 0
0.210613 0
1.611109 0
1.153395 0
0.162434 0
0.153478 0
0.785488 0
0.326448 0
0.338688 0
0.114261 0
0.475944 0
0.277024 0
0.481256 0
0.845309 0
0.666782 0
0.932875 0
0.947446 0
0.554392 0
0.073579 0
0.098183 0
0.488608 0
0.298877 0
0.266074 0
0.032873 0
1.069972 0
0.410516 0
1.131566 0
1.633796 0
0.378241 0
0.855835 0
1.169744 0
0.211548 0
0.427893 0
0.539628 0
0.802097 0
1.377014 0
0.301853 0
0.068019 0
0.305822 0
0.138214 0
1.132103 0
0.427328 0
0.335226 0
1.207150 0
0.085048 0
0.043207 0
0.230789 0
1.619036 0
0.081073 0
0.363793 0
0.704250 0
0.649193 0
0.080310 0
0.058475 0
1.425362 0
0.507391 0
1.568792 0
0.075093 0
0.195262 0
0.064633 0
0.056643 0
0.880715 0
0.094145 0
0.244436 0
0.929713 0
1.192848 0
0.403383 0
0.070095 0
0.925410 0
1.440814 0
0.483009 0
0.197961 0
0.484531 0
0.922126 0
0.184054 0
0.476833 0
0.266560 0
0.154345 0
0.108779 0
0.102147 0
0.090578 0
1.607018 0
1.812540 0
0.495444 0
0.978848 0
0.222649 0
0.137635 0
0.397192 0
0.077959 0
0.643577 0
0.860222 0
0.452068 0
0.417127 0
0.497321 0
0.140222 0
0.282841 0
0.094202 0
1.100680 0
0.476192 0
0.031270 0
1.425277 0
0.110823 0
0.097942 0
0.338310 0
0.544719 0
1.419323 0
0.061898 0
1.391644 0
0.445404 0
0.408112 0
0.456939 0
0.871941 0
0.158254 0
0.539108 0
0.008424 0
0.380430 0
0.760776 0
0.174539 0
0.055191 0
0.465801 0
0.479436 0
0.181139 0
0.081209 0
0.068998 0
0.484303 0
0.870060 0
0.176263 0
0.008966 0
0.951562 0
1.366545 0
0.092735 0
0.487631 0
0.372924 0
0.011387 0
0.232095 0
1.026436 0
0.699097 0
0.140313 0
0.839524 0
0.220580 0
0.447348 0
0.357879 0
0.195854 0
0.286142 0
0.571583 0
1.363757 0
0.072433 0
0.594722 0
0.018725 0
1.020712 0
0.200130 0
0.954618 0
1.302022 0
0.044349 0
1.366168 0
0.099202 0
0.017284 0
0.763315 0
0.543419 0
0.688135 0
0.582649 0
0.096939 0
0.025380 0
0.654847 0
0.805190 0
0.111487 0
1.373553 0
0.352273 0
0.897719 0
0.668657 0
0.051274 0
0.569225 0
0.769717 0
0.556249 0
0.270076 0
0.557404 0
0.287944 0
0.133051 0
0.037629 0
0.577382 0
0.960227 0
0.150350 0
1.534614 0
0.726387 0
1.886555 0
0.863155 0
0.160074 0
0.246072 0
0.051532 0
0.143045 0
0.984395 0
0.677589 0
1.485963 0
0.160496 0
0.315816 0
0.430371 0
1.058962 0
0.050639 0
0.316290 0
0.021250 0
0.434413 0
0.664102 0
0.951924 0
1.348826 0
0.093112 0
0.033447 0
0.066233 0
1.467215 0
0.943912 0
0.225881 0
0.593765 0
0.111695 0
0.351109 0
1.606282 0
0.064488 0
1.461877 0
0.335434 0
1.441479 0
1.269911 0
0.004335 0
0.574114 0
0.887437 0
0.381164 0
0.143187 0
0.419751 0
0.089649 0
0.013430 0
0.144839 0
1.572314 0
0.932772 0
0.087643 0
1.567819 0
0.242553 0
1.353376 0
0.259222 0
0.759802 0
0.033921 0
0.767380 0
0.654390 0
0.128671 0
0.123770 0
0.146503 0
0.283814 0
0.222014 0
0.703325 0
0.128051 0
0.232192 0
0.407199 0
0.717533 0
0.281647 0
0.166247 0
1.076586 0
1.374271 0
0.105700 0
0.693809 0
0.160750 0
0.011239 0
0.013605 0
1.214881 0
0.442454 0
0.646312 0
0.552165 0
0.327742 0
0.513940 0
1.702266 0
0.508230 0
0.408376 0
1.727245 0
0.055758 0
0.011098 0
0.007745 0
0.157786 0
0.700395 0
0.749814 0
0.591602 0
1.558778 0
0.205388 0
0.042771 0
0.342854 0
0.287862 0
0.667466 0
0.963897 0
0.359091 0
0.204033 0
0.345752 0
0.063945 0
0.194813 0
0.370995 0
0.575353 0
0.387026 0
1.378400 0
0.107568 0
0.408438 0
1.202426 0
0.062647 0
0.731026 0
0.256773 0
0.345162 0
1.629195 0
0.333418 0
0.593846 0
0.483049 0
0.014517 0
0.059805 0
0.198573 0
0.309483 0
0.357917 0
0.498800 0
0.273280 0
0.632493 0
0.187189 0
0.184987 0
0.290720 0
0.174197 0
0.101790 0
0.443587 0
0.261899 0
0.064453 0
0.408564 0
0.952754 0
0.004798 0
0.408018 0
0.678425 0
0.023328 0
0.405939 0
0.643734 0
0.569560 0
0.044424 0
0.122510 0
0.602352 0
0.025160 0
0.793213 0
0.353322 0
0.109164 0
0.187440 0
0.491492 0
0.527202 0
0.519563 0
0.817216 0
0.383742 0
1.629905 0
0.082314 0
0.078876 0
0.138562 0
0.103615 0
0.513133 0
1.452416 0
0.335931 0
0.161056 0
0.742964 0
0.299109 0
1.047273 0
0.128062 0
1.673978 0
0.014536 0
1.204949 0
0.591393 0
0.491548 0
0.871868 0
0.565910 0
1.374321 0
0.728462 0
1.034851 0
0.057320 0
0.405889 0
0.647191 0
1.065914 0
0.551616 0
1.376520 0
0.273730 0
0.183689 0
0.364891 0
0.960766 0
0.182851 0
0.501456 0
0.506546 0
0.019086 0
0.017131 0
0.362449 0
1.195116 0
0.469180 0
0.401841 0
0.654311 0
0.242531 0
0.335873 0
0.335551 0
0.512376 0
0.057233 0
0.119471 0
0.035497 0
0.667873 0
0.041213 0
0.746253 0
0.471030 0
0.362376 0
0.463222 0
0.348979 0
0.271321 0
0.395547 0
0.349740 0
0.853383 0
0.349467 0
0.709571 0
0.093838 0
0.204118 0
0.023410 0
0.956987 0
0.431399 0
0.615053 0
0.062233 0
0.307340 0
0.192779 0
0.097088 0
0.033145 0
0.201852 0
0.175022 0
1.500902 0
0.155900 0
0.781587 0
0.222830 0
0.056579 0
0.174987 0
0.886452 0
0.347625 0
0.635967 0
0.289387 0
0.154328 0
0.034228 0
0.917843 0
0.415778 0
1.027054 0
0.035379 0
0.384449 0
0.842665 0
0.113148 0
0.308741 0
0.063911 0
1.773010 0
0.163225 0
0.122641 0
1.410394 0
1.407514 0
0.559266 0
0.162827 0
0.463816 0
0.545531 0
0.545518 0
0.023894 0
0.205313 0
0.408695 0
0.154642 0
0.786699 0
0.377030 0
0.844249 0
0.217799 0
0.302499 0
0.403079 0
1.511134 0
1.245889 0
0.049254 0
0.079748 0
0.040830 0
0.530481 0
0.993478 0
0.169220 0
0.209577 0
0.501271 0
0.380010 0
1.190523 0
0.156766 0
0.217801 0
1.024998 0
0.114381 0
1.018396 0
0.030523 0
0.490606 0
1.380984 0
0.176152 0
0.855026 0
0.081329 0
0.014935 0
0.384656 0
0.340924 0
0.482969 0
1.003938 0
0.826851 0
0.494516 0
0.061645 0
0.610044 0
0.221521 0
1.456298 0
0.778694 0
0.339558 0
1.400620 0
0.250718 0
0.974242 0
0.143902 0
1.289817 0
0.124747 0
0.034353 0
0.045516 0
0.191270 0
0.464332 0
0.146711 0
0.488871 0
1.624383 0
0.102815 0
0.333548 0
0.884788 0
1.409563 0
0.061696 0
0.039681 0
0.259677 0
1.295182 0
0.065454 0
0.455547 0
0.743897 0
0.353048 0
1.138360 0
0.329430 0
0.188753 0
0.411507 0
0.308727 0
0.602986 0
0.018291 0
1.394392 0
0.807417 0
0.004086 0
0.236861 0
0.195047 0
0.275647 0
0.213963 0
0.940942 0
0.072197 0
0.875814 0
2.308581 0
0.271258 0
0.338147 0
0.554269 0
0.093841 0
1.313028 0
0.207954 0
0.118333 0
0.593023 0
0.339787 0
0.837706 0
0.399009 0
0.084454 0
0.117694 0
0.614539 0
0.017706 0
0.256058 0
0.641737 0
0.659433 0
0.681223 0
0.045950 0
0.100003 0
0.062476 0
0.522898 0
0.214866 0
1.039520 0
0.480123 0
0.372265 0
0.783132 0
0.302512 0
1.608125 0
0.034252 0
0.906276 0
0.535911 0
1.204676 0
1.354294 0
0.126800 0
0.672737 0
1.471761 0
0.143901 0
0.066068 0
0.165617 0
0.796856 0
0.661254 0
0.360012 0
0.512766 0
0.291346 0
0.341446 0
0.039113 0
0.193076 0
1.390099 0
0.493954 0
0.196951 0
0.379370 0
0.031278 0
0.181200 0
1.097932 0
0.364043 0
1.628178 0
0.569643 0
0.367888 0
0.031285 0
0.004756 0
0.306458 0
0.807132 0
0.698418 0
0.217020 0
1.233973 0
0.184206 0
0.072200 0
0.558462 0
0.280868 0
0.826767 0
0.302727 0
0.983639 0
0.242960 0
0.203221 0
0.463337 0
1.146657 0
0.093052 0
0.533576 0
0.307792 0
0.319336 0
0.314858 0
0.145435 0
0.199597 0
0.883659 0
0.213812 0
0.918359 0
0.211425 0
1.545125 0
0.561364 0
0.257021 0
0.067482 0
0.603416 0
1.374073 0
1.097865 0
0.358303 0
0.176131 0
0.028807 0
1.427701 0
1.136742 0
0.392388 0
0.035668 0
0.255793 0
0.369611 0
0.558568 0
0.098367 0
0.291028 0
0.294529 0
0.675218 0
0.488024 0
0.351534 0
0.209155 0
0.201988 0
0.555143 0
0.163285 0
0.247580 0
0.115802 0
0.236773 0
0.091674 0
0.255315 0
0.892805 0
1.096169 0
0.559287 0
0.574734 0
0.327040 0
0.138237 0
0.488303 0
0.078882 0
0.637127 0
0.902147 0
1.432974 0
0.911947 0
0.736308 0
0.189881 0
0.510260 0
0.175657 0
0.276414 0
0.498079 0
0.202350 0
0.161960 0
0.430792 0
0.501971 0
1.018803 0
0.033517 0
0.612310 0
0.396460 0
0.140932 0
0.855048 0
0.110042 0
0.464200 0
0.020005 0
0.031218 0
0.952731 0
0.291684 0
0.443513 0
0.240939 0
0.148912 0
0.687398 0
0.671678 0
0.400176 0
0.413133 0
0.453154 0
0.382571 0
0.116793 0
0.027682 0
0.521218 0
0.583147 0
0.052860 0
0.859350 0
0.087343 0
1.080026 0
0.349857 0
0.635894 0
0.204337 0
0.118882 0
0.044422 0
0.009215 0
0.281668 0
0.155631 0
0.077211 0
0.627212 0
0.838026 0
1.223011 0
0.882197 0
0.028229 0
0.121376 0
0.096946 0
0.006767 0
0.484154 0
0.063825 0
0.007767 0
0.147654 0
1.404501 0
0.189423 0
1.325106 0
1.425651 0
1.031676 0
0.342105 0
0.016676 0
0.646783 0
0.979612 0
0.254249 0
0.545628 0
0.247587 0
0.315712 0
0.367654 0
0.217001 0
0.389329 0
0.325489 0
0.120471 0
0.245142 0
0.152664 0
1.437661 0
0.653360 0
0.166558 0
0.058361 0
0.590143 0
0.444086 0
0.031572 0
0.481992 0
0.796466 0
1.605326 0
0.676319 0
0.389806 0
0.567529 0
0.071383 0
0.128107 0
0.002192 0
1.416676 0
0.407142 0
0.159337 0
0.250683 0
0.338670 0
0.200648 0
0.326161 0
1.361333 0
0.716077 0
0.085377 0
0.346064 0
0.560481 0
0.346349 0
0.437127 0
0.350452 0
0.741075 0
0.046862 0
0.483576 0
0.093192 0
1.021448 0
1.297644 0
0.148204 0
0.085129 0
0.600125 0
0.732101 0
0.437429 0
0.196231 0
0.003340 0
0.208530 0
1.026082 0
0.356463 0
0.003852 0
0.002846 0
0.644976 0
0.706384 0
0.239883 0
0.477183 0
0.659500 0
0.530667 0
0.131238 0
0.391826 0
1.048046 0
0.089525 0
0.867886 0
0.426142 0
0.246881 0
0.114326 0
0.125818 0
1.722341 0
1.077781 0
1.460471 0
1.344398 0
0.702979 0
0.134858 0
0.100782 0
0.032742 0
0.277467 0
0.465101 0
0.476500 0
0.108360 0
0.198137 0
0.730789 0
0.258309 0
0.915516 0
0.246349 0
1.117281 0
0.185433 0
0.335977 0
0.164053 0
0.077117 0
0.091672 0
1.042492 0
0.888668 0
0.651360 0
0.710533 0
0.097524 0
0.031847 0
0.177123 0
0.336300 0
0.053740 0
0.254591 0
1.469606 0
0.820324 0
0.095911 0
0.037761 0
0.514750 0
0.133812 0
0.098651 0
0.259281 0
0.156107 0
0.114904 0
0.333463 0
1.143131 0
1.339347 0
0.711480 0
0.910396 0
0.233620 0
0.067260 0
0.021627 0
0.361741 0
1.038390 0
0.790439 0
0.045218 0
0.374292 0
0.170214 0
0.347878 0
0.002507 0
0.305781 0
0.118015 0
0.900036 0
0.195123 0
0.873583 0
0.269251 0
0.022523 0
0.133155 0
0.189518 0
1.030016 0
0.131999 0
0.534481 0
0.107223 0
0.141550 0
0.871935 0
0.016274 0
1.661191 0
0.240725 0
0.912485 0
0.334619 0
0.064085 0
0.010936 0
0.215432 0
0.576353 0
0.895540 0
0.438646 0
0.170512 0
0.078773 0
0.866945 0
1.263631 0
0.053574 0
0.006992 0
1.030698 0
0.316403 0
0.065264 0
0.020684 0
1.342677 0
0.969983 0
0.407450 0
0.101408 0
1.239795 0
0.052204 0
0.416214 0
1.213996 0
0.547677 0
0.207011 0
0.941847 0
0.605973 0
0.259667 0
1.645462 0
0.289841 0
0.418431 0
0.665942 0
0.165813 0
0.046558 0
0.866709 0
0.010893 0
0.108999 0
0.225863 0
0.133962 0
1.268800 0
0.095747 0
0.633695 0
1.587653 0
0.743828 0
0.079686 0
0.738180 0
0.048900 0
0.045920 0
0.090288 0
0.179855 0
1.639681 0
0.458877 0
0.414272 0
0.954798 0
1.278466 0
0.105751 0
0.871853 0
1.183172 0
0.444231 0
0.099940 0
0.283044 0
0.448017 0
0.247996 0
0.353537 0
0.292772 0
0.268668 0
0.222006 0
0.069759 0
0.774917 0
0.235066 0
0.200484 0
0.970030 0
0.643717 0
0.709169 0
0.330606 0
0.157998 0
0.109545 0
0.253713 0
0.009252 0
0.861666 0
0.310650 0
0.193180 0
0.093138 0
0.114870 0
0.798269 0
0.234680 0
0.327172 0
0.953133 0
0.157379 0
0.143837 0
0.371048 0
0.299419 0
0.952267 0
0.324570 0
0.370550 0
0.461244 0
0.089684 0
0.448959 0
0.089970 0
0.347428 0
1.489491 0
1.148115 0
0.285745 0
0.023182 0
0.144103 0
0.629065 0
0.226584 0
0.637124 0
0.944668 0
1.434778 0
0.595977 0
0.123060 0
0.078240 0
0.475121 0
0.878697 0
0.198736 0
0.921145 0
0.904528 0
0.014582 0
1.426944 0
0.304206 0
0.125919 0
0.324109 0
0.347300 0
0.404795 0
0.894843 0
0.517078 0
0.151516 0
0.625884 0
0.089146 0
1.399192 0
0.888649 0
0.688869 0
0.222846 0
0.117405 0
1.366846 0
0.172851 0
0.530059 0
0.128500 0
0.996275 0
0.003937 0
0.525159 0
1.584150 0
0.997139 0
1.574884 0
0.038942 0
0.358500 0
0.414912 0
1.237660 0
0.001228 0
0.013513 0
0.414361 0
0.639664 0
0.195961 0
1.150181 0
0.357209 0
0.636362 0
1.087762 0
0.367433 0
1.154156 0
0.198015 0
0.390449 0
0.400558 0
0.072402 0
0.244892 0
0.252595 0
0.757861 0
0.944687 0
1.287748 0
0.334298 0
0.688051 0
0.027430 0
0.055549 0
0.280883 0
1.304726 0
0.451825 0
1.134123 0
0.210225 0
0.393993 0
0.713531 0
0.682977 0
0.402000 0
0.215634 0
1.540361 0
0.644412 0
0.707969 0
0.505508 0
0.339474 0
0.243919 0
0.235487 0
0.276783 0
0.342809 0
0.345281 0
0.053051 0
0.014953 0
1.458268 0
0.318564 0
0.961421 0
0.030139 0
0.467473 0
0.094583 0
0.051505 0
0.907305 0
0.109586 0
0.703023 0
0.099773 0
0.245521 0
0.098389 0
1.370804 0
0.469504 0
1.204191 0
0.053607 0
0.020388 0
0.128291 0
0.657927 0
0.474118 0
0.333456 0
1.087626 0
0.586093 0
0.620946 0
0.473668 0
0.240490 0
0.507414 0
0.342434 0
0.133284 0
0.005255 0
0.116179 0
0.413692 0
0.113795 0
0.523162 0
0.580550 0
0.029938 0
0.257707 0
0.311137 0
0.117824 0
1.544949 0
0.035805 0
0.400566 0
0.485863 0
0.088395 0
0.111861 0
0.184902 0
0.420628 0
0.339694 0
0.389090 0
0.009682 0
0.620286 0
0.604275 0
0.110830 0
0.216082 0
0.178702 0
0.068910 0
0.257373 0
0.931208 0
0.416011 0
0.654094 0
0.046271 0
1.684960 0
0.191872 0
0.090607 0
0.117865 0
0.484394 0
0.024844 0
0.283734 0
0.195751 0
0.459411 0
0.541053 0
0.658496 0
0.033217 0
0.636375 0
0.220795 0
0.294958 0
1.366814 0
0.093587 0
0.572508 0
1.055774 0
0.129595 0
0.078868 0
0.542787 0
0.101337 0
0.173508 0
1.599624 0
0.367414 0
0.521874 0
0.140514 0
0.455095 0
0.720191 0
0.174886 0
1.302478 0
0.464294 0
0.980011 0
0.126743 0
1.364935 0
0.757435 0
0.094090 0
0.670176 0
0.228435 0
0.061358 0
0.934312 0
0.168249 0
0.619258 0
0.906010 0
0.948932 0
0.740587 0
0.564532 0
0.747611 0
0.936644 0
1.101750 0
0.320100 0
0.975446 0
0.292477 0
0.649423 0
0.097947 0
0.154868 0
0.137212 0
0.592050 0
1.544490 0
0.017539 0
0.419031 0
0.749250 0
0.842539 0
0.171541 0
1.208631 0
0.257940 0
0.343051 0
0.930732 0
0.500550 0
0.069023 0
1.101588 0
0.381849 0
0.176017 0
0.404088 0
0.143636 0
0.545805 0
0.361379 0
0.255820 0
0.232674 0
0.092664 0
0.775323 0
0.244458 0
0.103297 0
1.512512 0
0.876583 0
1.105116 0
0.712389 0
0.925207 0
1.410399 0
0.253317 0
0.887308 0
0.080642 0
0.491240 0
0.129786 0
0.189427 0
0.219272 0
1.366863 0
0.308297 0
0.112801 0
0.378826 0
1.637765 0
0.805840 0
0.132504 0
0.046096 0
0.077159 0
0.005056 0
0.354681 0
0.400944 0
0.443533 0
0.215058 0
0.711981 0
0.492061 0
1.079742 0
0.332291 0
0.905598 0
1.522040 0
0.007182 0
0.275856 0
0.012312 0
0.024570 0
0.502452 0
0.953624 0
0.078045 0
0.261435 0
0.282876 0
0.319334 0
0.026194 0
0.817301 0
0.302219 0
0.469704 0
0.797766 0
0.011030 0
0.148207 0
0.534412 0
0.034772 0
0.299198 0
1.450078 0
0.427948 0
0.673148 0
0.266540 0
0.319455 0
0.524488 0
0.433923 0
0.494645 0
1.361014 0
0.078446 0
1.008466 0
0.861080 0
0.071454 0
0.777743 0
0.497883 0
0.804760 0
0.445454 0
0.023212 0
0.185959 0
0.980332 0
0.019138 0
0.381929 0
0.203699 0
0.005315 0
1.132777 0
0.022523 0
0.152251 0
0.182189 0
0.085015 0
0.024542 0
0.442990 0
0.983184 0
1.063360 0
0.164771 0
0.041900 0
1.488163 0
0.033968 0
0.450210 0
0.602996 0
0.249057 0
0.823316 0
1.561070 0
0.556831 0
0.618485 0
0.370917 0
0.158866 0
0.309694 0
0.263090 0
0.356523 0
0.399507 0
1.296173 0
0.252330 0
0.717129 0
0.244633 0
0.169974 0
0.606131 0
1.102093 0
0.472063 0
0.022402 0
0.026910 0
0.087156 0
0.299129 0
0.918771 0
1.239053 0
0.065793 0
0.002316 0
0.132495 0
1.251240 0
0.001311 0
0.497921 0
1.612623 0
0.524171 0
0.017291 0
0.724168 0
1.390762 0
0.296760 0
0.250582 0
0.078445 0
0.343870 0
0.013155 0
0.237090 0
0.362380 0
1.631694 0
0.145759 0
0.184207 0
0.060981 0
0.447075 0
0.256337 0
0.775580 0
0.125956 0
0.412281 0
0.579803 0
0.202633 0
0.044742 0
0.019733 0
0.429527 0
1.437022 0
0.429750 0
0.504318 0
0.123039 0
0.178969 0
0.638932 0
0.065146 0
0.061146 0
0.070979 0
0.272304 0
0.254377 0
0.649689 0
0.713246 0
0.207749 0
0.335240 0
1.256906 0
1.440371 0
0.722306 0
0.162683 0
0.276192 0
0.016629 0
0.145853 0
0.287304 0
0.914361 0
0.429494 0
0.317320 0
0.245442 0
0.213829 0
1.551951 0
0.597076 0
0.316306 0
0.750376 0
0.118187 0
0.838290 0
0.450506 0
1.163710 0
0.657457 0
0.033417 0
1.333062 0
0.942600 0
0.010352 0
0.155157 0
0.436977 0
0.408376 0
0.180505 0
0.068656 0
0.273354 0
1.099612 0
0.827200 0
0.291514 0
0.644183 0
0.611198 0
0.422869 0
0.188596 0
0.055123 0
0.948100 0
0.530921 0
0.511760 0
0.539353 0
0.597796 0
0.615022 0
0.100947 0
0.760568 0
0.732844 0
1.209053 0
0.644310 0
0.132242 0
0.291923 0
0.308812 0
0.114078 0
1.376896 0
0.143269 0
0.737916 0
1.181157 0
0.374839 0
0.458902 0
0.664691 0
0.190990 0
0.464258 0
0.311790 0
0.576218 0
0.079235 0
0.033654 0
0.501843 0
0.041969 0
0.583204 0
0.857162 0
0.030942 0
0.270544 0
0.474817 0
0.229603 0
0.873465 0
0.445520 0
0.660750 0
0.779597 0
0.207965 0
0.610702 0
0.188689 0
0.152042 0
1.142771 0
0.499082 0
0.480984 0
0.509368 0
0.192544 0
0.708465 0
0.688361 0
0.189903 0
0.043210 0
0.771839 0
0.509054 0
0.175861 0
0.113212 0
0.233448 0
0.227588 0
0.356949 0
0.169147 0
0.195890 0
0.613418 0
0.078347 0
0.119851 0
0.385057 0
1.390335 0
0.780889 0
0.754821 0
0.865571 0
0.259048 0
0.423623 0
0.004444 0
0.980766 0
0.491951 0
1.108156 0
0.952645 0
1.005180 0
0.163903 0
1.016927 0
0.128426 0
0.040413 0
1.512039 0
0.295030 0
1.651734 0
0.103743 0
0.147772 0
0.080623 0
0.020475 0
0.267115 0
0.512969 0
0.326481 0
0.449003 0
0.062143 0
1.059221 0
0.145373 0
0.077075 0
0.626541 0
0.196854 0
0.046103 0
0.084900 0
0.118232 0
0.218923 0
0.298418 0
0.340746 0
0.327517 0
0.114317 0
0.393330 0
0.199366 0
0.130551 0
0.059438 0
0.515308 0
0.370114 0
0.050425 0
0.241363 0
0.604367 0
0.115731 0
0.216592 0
0.006860 0
1.033100 0
1.186883 0
0.080897 0
0.040095 0
0.221197 0
0.408183 0
0.292050 0
1.546567 0
0.204414 0
0.160703 0
0.664761 0
0.056163 0
0.497072 0
1.513251 0
0.981988 0
0.755890 0
1.460730 0
0.405525 0
0.732895 0
0.067503 0
0.146440 0
1.107131 0
1.284114 0
0.220111 0
0.091211 0
0.086222 0
0.283592 0
1.376699 0
0.550071 0
0.703040 0
0.772265 0
0.359792 0
1.905722 0
0.800325 0
0.179586 0
0.159188 0
0.169207 0
0.054059 0
0.089891 0
1.178396 0
0.625591 0
1.237080 0
0.005978 0
0.132670 0
0.159245 0
0.764741 0
0.264851 0
0.176909 0
0.421032 0
0.450532 0
1.328032 0
1.278008 0
0.330657 0
0.086762 0
0.496308 0
1.150143 0
1.393467 0
0.611197 0
0.643895 0
1.771717 0
0.135745 0
0.354556 0
0.415458 0
0.941490 0
0.328477 0
0.013984 0
0.276774 0
0.086768 0
1.396115 0
0.131523 0
0.310775 0
0.180188 0
0.089588 0
0.077725 0
0.472377 0
0.819612 0
0.382676 0
0.344071 0
1.266255 0
0.704189 0
0.966003 0
0.734715 0
0.054010 0
0.054528 0
0.534305 0
1.360917 0
0.142363 0
0.156062 0
0.083918 0
0.548929 0
0.107357 0
0.301582 0
0.933328 0
1.577883 0
1.286669 0
0.444323 0
1.475208 0
0.017479 0
0.299888 0
0.210275 0
0.036837 0
0.228762 0
0.601282 0
0.055269 0
0.104795 0
0.973238 0
0.258468 0
0.201217 0
0.189871 0
0.038498 0
0.570993 0
0.215885 0
0.320719 0
0.073714 0
0.078626 0
0.217451 0
0.668046 0
0.103505 0
0.564395 0
0.112216 0
0.287453 0
0.035227 0
0.554473 0
1.360809 0
1.706412 0
0.410753 0
0.869430 0
0.706729 0
0.826078 0
1.344688 0
0.454737 0
0.320162 0
0.431110 0
0.604565 0
0.169827 0
1.028888 0
0.005783 0
0.095271 0
0.128504 0
0.157166 0
0.684100 0
0.050287 0
0.505674 0
0.184491 0
0.110307 0
0.722641 0
0.472944 0
1.443488 0
0.445313 0
0.011504 0
1.363372 0
0.821479 0
0.939136 0
0.135834 0
0.569991 0
0.465653 0
1.099487 0
0.388999 0
0.239901 0
0.213671 0
0.155579 0
1.307376 0
0.927314 0
0.672335 0
0.107876 0
0.108742 0
0.062686 0
1.316979 0
0.863262 0
1.372586 0
0.273693 0
0.666922 0
0.953189 0
1.155540 0
0.773847 0
1.493428 0
0.476342 0
0.112184 0
0.469238 0
0.732563 0
0.247359 0
0.108785 0
0.091144 0
0.089084 0
0.444851 0
1.381821 0
0.262410 0
0.236144 0
0.242858 0
1.413554 0
0.429930 0
0.247684 0
0.160899 0
0.581747 0
0.192906 0
0.054753 0
0.059149 0
0.602276 0
0.011881 0
0.043195 0
0.051144 0
0.812162 0
0.565626 0
0.036348 0
0.037315 0
1.465123 0
0.184871 0
0.030632 0
0.538609 0
1.273237 0
0.625942 0
0.222475 0
0.178189 0
0.216748 0
0.249500 0
0.273738 0
0.022172 0
0.593469 0
0.064222 0
0.776880 0
0.004425 0
0.615665 0
1.543108 0
0.253647 0
0.971712 0
0.158680 0
1.365961 0
0.502019 0
0.420054 0
1.634371 0
0.448628 0
0.824419 0
0.136349 0
0.555257 0
0.082003 0
1.035559 0
0.320377 0
0.181332 0
1.694582 0
0.479328 0
0.060156 0
0.689647 0
0.834999 0
0.726952 0
1.159813 0
0.596981 0
0.395545 0
0.873556 0
0.199825 0
0.990153 0
0.078560 0
0.413859 0
0.059811 0
0.723093 0
0.278029 0
0.169683 0
0.287024 0
0.009335 0
0.097431 0
0.025740 0
0.102415 0
0.786464 0
0.327769 0
0.754321 0
0.927562 0
0.045224 0
0.131405 0
1.212763 0
0.007669 0
0.092056 0
1.235413 0
0.211458 0
0.891229 0
0.163034 0
1.061236 0
0.749978 0
0.469090 0
0.315138 0
0.051157 0
1.224047 0
0.623637 0
0.704672 0
0.165991 0
0.431804 0
0.170520 0
0.079011 0
0.024216 0
0.156569 0
0.268347 0
0.304059 0
1.008930 0
0.535710 0
0.042791 0
1.211829 0
0.025211 0
0.190762 0
0.679988 0
0.519625 0
0.199052 0
1.468410 0
0.461901 0
0.687784 0
0.751827 0
0.911849 0
0.069286 0
0.404172 0
0.014733 0
0.302214 0
0.554618 0
0.979115 0
0.237557 0
0.742200 0
0.509324 0
0.080392 0
0.016425 0
