0.258543 0
0.300090 0
0.132434 0
0.461646 0
1.262387 0
0.370483 0
1.400436 0
0.101195 0
0.940768 0
0.235671 0
0.096076 0
0.009321 0
0.607088 0
0.029385 0
0.026324 0
0.028912 0
0.343450 0
1.616892 0
0.313853 0
0.123526 0
0.202443 0
1.186591 0
0.210153 0
0.462201 0
0.302889 0
0.234893 0
0.020681 0
1.395672 0
0.634498 0
0.067274 0
0.758223 0
1.009215 0
0.624212 0
0.025791 0
0.776871 0
0.508117 0
0.494298 0
0.150253 0
0.757780 0
0.007864 0
1.204940 0
1.253114 0
0.053801 0
1.348056 0
0.706440 0
0.814002 0
0.042447 0
0.613434 0
0.765854 0
0.132836 0
0.143133 0
0.958783 0
0.584803 0
0.853624 0
0.263221 0
0.314572 0
0.037803 0
0.565318 0
0.088728 0
0.508181 0
0.274739 0
1.937694 0
0.661483 0
1.410234 0
0.016380 0
0.801481 0
1.002824 0
0.962014 0
0.062601 0
0.163790 0
0.593780 0
1.458556 0
0.282138 0
0.294016 0
0.012785 0
0.457319 0
0.956253 0
0.143659 0
0.844124 0
0.341724 0
0.435833 0
0.062960 0
0.608048 0
0.020589 0
0.243257 0
0.027499 0
0.470733 0
0.933165 0
0.118736 0
0.616124 0
0.331231 0
0.391735 0
0.557511 0
0.236342 0
0.434538 0
0.454195 0
0.528452 0
0.388876 0
1.453510 0
0.805614 0
0.053254 0
1.517932 0
0.673256 0
0.482549 0
1.044683 0
1.518901 0
0.217907 0
1.137533 0
0.318360 0
0.612606 0
1.380145 0
0.412095 0
0.173368 0
0.063218 0
0.266817 0
0.343712 0
1.233403 0
0.011630 0
0.001507 0
0.055711 0
0.403866 0
0.132634 0
1.596130 0
1.544735 0
0.237436 0
0.010391 0
0.787841 0
0.485538 0
0.020208 0
0.175289 0
0.341371 0
0.471157 0
0.132068 0
0.276246 0
0.048772 0
0.287410 0
0.076969 0
1.569980 0
0.305698 0
0.815493 0
1.356278 0
0.191824 0
0.736965 0
0.451177 0
0.036992 0
0.756796 0
0.036184 0
0.478846 0
0.099419 0
0.621069 0
0.018080 0
0.476666 0
0.516655 0
0.304605 0
0.890821 0
1.391679 0
0.317827 0
1.373198 0
0.242804 0
0.178719 0
0.254546 0
0.312210 0
1.083249 0
0.136229 0
0.916399 0
0.763863 0
0.044157 0
0.543182 0
0.014664 0
0.930787 0
0.445562 0
1.536054 0
0.821163 0
0.043307 0
1.107745 0
0.395443 0
0.462511 0
0.575112 0
0.088328 0
0.911970 0
0.028230 0
0.333566 0
1.450797 0
0.588642 0
0.807269 0
0.265705 0
1.496999 0
0.129508 0
1.198693 0
0.528334 0
1.242421 0
0.025557 0
0.777268 0
0.219817 0
0.269336 0
0.027352 0
0.741673 0
0.355153 0
0.045401 0
0.221448 0
0.309226 0
1.433861 0
0.485220 0
0.310341 0
1.578645 0
0.529686 0
0.736194 0
0.749702 0
0.682688 0
0.286179 0
0.083262 0
0.246305 0
0.213380 0
0.786469 0
0.156464 0
0.176648 0
0.005493 0
0.307209 0
0.011338 0
1.717468 0
0.015844 0
1.431344 0
0.073969 0
0.010816 0
0.267054 0
0.351274 0
0.053507 0
0.656928 0
0.001852 0
0.440023 0
0.670240 0
0.589736 0
0.812628 0
0.506812 0
0.212134 0
0.073558 0
0.057489 0
1.445302 0
0.410382 0
1.137341 0
1.797948 0
0.013895 0
0.125807 0
0.231711 0
0.830988 0
0.467113 0
0.087957 0
0.183029 0
0.103642 0
0.444384 0
0.100139 0
0.434364 0
1.212135 0
0.265073 0
0.206242 0
0.587720 0
0.893418 0
0.254575 0
0.769543 0
0.796139 0
0.428944 0
0.546268 0
1.725734 0
0.339281 0
1.057013 0
0.945685 0
0.303879 0
1.319938 0
0.593762 0
0.154289 0
0.830843 0
0.104262 0
0.285043 0
0.516024 0
1.261953 0
0.074808 0
0.814828 0
1.498912 0
0.237472 0
1.137419 0
0.166687 0
0.230954 0
0.133244 0
0.054631 0
1.581405 0
0.811255 0
0.306364 0
0.802739 0
0.075811 0
1.415953 0
0.295651 0
0.462056 0
0.038352 0
0.434606 0
1.473818 0
0.207472 0
0.261706 0
0.946530 0
0.022901 0
0.429759 0
0.506000 0
1.421596 0
1.397927 0
0.218525 0
0.152249 0
1.167990 0
0.140344 0
0.207558 0
0.311295 0
0.256288 0
0.022771 0
0.307778 0
0.051232 0
0.377022 0
0.296042 0
1.611690 0
0.024653 0
0.899889 0
1.439927 0
1.512841 0
0.098889 0
1.338548 0
0.271222 0
0.294682 0
1.060022 0
0.270396 0
0.174130 0
0.615625 0
0.759561 0
0.465072 0
0.397784 0
0.590734 0
0.709453 0
0.167620 0
1.236253 0
0.709136 0
0.296419 0
0.055151 0
0.244242 0
1.336079 0
0.666239 0
0.339044 0
0.046251 0
0.360328 0
0.107970 0
0.401693 0
0.227985 0
0.914204 0
0.352606 0
0.441939 0
0.099914 0
0.911200 0
0.845318 0
0.682438 0
0.002763 0
1.835900 0
1.439231 0
0.366422 0
0.229869 0
1.010818 0
0.217794 0
0.270366 0
0.871768 0
0.377644 0
0.713118 0
0.160705 0
0.286745 0
0.132329 0
0.624896 0
0.154722 0
1.224531 0
0.450947 0
0.565634 0
0.056507 0
0.330528 0
0.567406 0
0.068666 0
1.355761 0
1.375293 0
0.255576 0
0.660455 0
0.008670 0
0.632158 0
0.258313 0
0.365240 0
0.451952 0
0.021081 0
0.501833 0
0.407369 0
0.045214 0
0.775088 0
0.619427 0
0.305873 0
0.031330 0
0.485637 0
0.375996 0
0.269954 0
0.339030 0
0.011453 0
0.231178 0
0.045245 0
1.338764 0
0.609839 0
0.238583 0
0.149852 0
0.269248 0
0.145458 0
0.613049 0
0.170989 0
0.545168 0
1.429711 0
0.246157 0
0.153701 0
0.784422 0
0.058487 0
0.439127 0
0.546385 0
1.147042 0
0.299692 0
0.464644 0
1.030498 0
0.044303 0
0.207826 0
1.622782 0
0.727219 0
0.359712 0
0.142982 0
0.158588 0
0.100436 0
0.017264 0
0.229606 0
0.844565 0
0.078899 0
0.438653 0
0.016189 0
0.325103 0
0.024166 0
0.464045 0
0.048017 0
0.165805 0
1.104145 0
0.113666 0
0.166629 0
0.423771 0
0.433718 0
1.091750 0
0.068811 0
0.408706 0
0.517116 0
0.778753 0
0.019768 0
0.336356 0
0.174767 0
0.407071 0
0.019096 0
0.740526 0
0.346970 0
0.117483 0
0.058251 0
0.236523 0
0.314663 0
0.012228 0
1.334240 0
1.517954 0
0.152118 0
0.044075 0
0.161317 0
0.175453 0
0.114848 0
0.259354 0
0.864521 0
0.041606 0
0.303763 0
0.339979 0
0.068221 0
0.060660 0
0.082869 0
0.130151 0
0.246264 0
0.614004 0
1.267931 0
0.886523 0
0.128601 0
0.022027 0
0.931199 0
0.558493 0
0.100714 0
0.022560 0
0.065922 0
0.305106 0
0.262710 0
0.736949 0
0.483173 0
0.476580 0
0.635684 0
0.514501 0
0.743418 0
0.253537 0
0.241851 0
0.353821 0
0.033950 0
0.595927 0
0.351412 0
1.183115 0
0.376035 0
0.322732 0
0.522818 0
0.068414 0
0.137625 0
0.198809 0
0.055776 0
0.139346 0
1.300712 0
0.041323 0
0.687529 0
0.581677 0
0.754791 0
0.533597 0
0.071555 0
0.598759 0
0.257479 0
1.464141 0
1.665000 0
0.976866 0
0.374440 0
0.441249 0
0.150334 0
0.396822 0
0.228125 0
0.294092 0
0.064851 0
0.314575 0
0.777942 0
0.053648 0
1.155934 0
0.028984 0
0.351494 0
0.152633 0
0.119317 0
0.640635 0
0.398324 0
0.008097 0
1.379184 0
0.180684 0
0.359210 0
0.209154 0
1.703008 0
0.129660 0
0.036813 0
1.205908 0
0.424471 0
0.191129 0
0.190370 0
0.436193 0
0.747898 0
1.401074 0
0.327118 0
0.274340 0
1.420074 0
0.920577 0
0.237178 0
0.287336 0
0.031641 0
0.017107 0
0.084250 0
1.549358 0
0.290850 0
0.118073 0
0.283529 0
0.071448 0
0.421200 0
0.152351 0
0.276588 0
0.261173 0
0.888754 0
0.047283 0
1.482529 0
0.139264 0
0.426966 0
0.985193 0
0.127047 0
0.097711 0
0.063744 0
0.199801 0
0.168602 0
0.174882 0
0.654255 0
1.278696 0
0.086109 0
0.620183 0
0.011634 0
0.370582 0
0.266625 0
0.175470 0
0.532099 0
0.487365 0
0.014997 0
1.220269 0
0.690944 0
0.101305 0
0.484448 0
0.395687 0
1.260727 0
1.203174 0
0.506746 0
0.368960 0
1.132254 0
0.265174 0
0.172152 0
0.355933 0
0.112156 0
0.242552 0
0.179314 0
0.227564 0
0.317611 0
1.209337 0
1.540639 0
0.338419 0
0.431774 0
0.080617 0
0.067535 0
0.264693 0
0.698874 0
0.520139 0
0.538735 0
0.212325 0
0.143068 0
0.248517 0
0.470414 0
0.103511 0
0.853435 0
0.393557 0
1.428949 0
0.628559 0
0.569971 0
0.250444 0
0.082246 0
1.496680 0
0.091393 0
0.041555 0
1.643191 0
0.530313 0
0.335804 0
0.047960 0
1.287340 0
0.095398 0
1.239161 0
0.661454 0
0.062733 0
1.120372 0
0.767519 0
0.711391 0
0.483152 0
0.796938 0
0.895966 0
0.249023 0
1.491749 0
1.088183 0
0.862397 0
1.621886 0
0.520087 0
0.032663 0
0.801716 0
0.539320 0
0.516156 0
0.010391 0
0.923096 0
0.144357 0
0.172621 0
0.026857 0
0.951742 0
0.162528 0
0.120247 0
0.214246 0
0.339738 0
0.156795 0
0.408529 0
0.052467 0
0.738092 0
0.520052 0
0.258782 0
1.658232 0
0.080252 0
0.032535 0
0.127624 0
0.563478 0
0.136280 0
0.204710 0
0.151961 0
0.344772 0
0.242734 0
1.419621 0
0.933647 0
0.064314 0
0.234175 0
0.663051 0
0.003440 0
0.120676 0
1.146770 0
0.080319 0
0.206310 0
0.206328 0
0.240446 0
0.211748 0
0.154008 0
0.061538 0
0.372497 0
1.464838 0
0.450934 0
0.446088 0
0.853258 0
0.056131 0
1.100763 0
0.101173 0
0.346590 0
0.042219 0
0.712897 0
0.555500 0
0.154193 0
0.340156 0
0.267200 0
1.758856 0
0.593656 0
0.003427 0
0.444934 0
0.298828 0
0.722979 0
0.392358 0
0.167054 0
1.088012 0
0.900197 0
0.077740 0
0.122316 0
0.209475 0
0.657504 0
0.893649 0
0.291297 0
0.572276 0
0.125020 0
0.090074 0
0.061645 0
1.338669 0
0.087121 0
0.078395 0
0.232983 0
0.061563 0
1.485972 0
1.345939 0
0.649910 0
0.246434 0
0.071900 0
0.106418 0
0.156403 0
0.219897 0
0.708107 0
1.110826 0
0.259613 0
0.132725 0
0.773346 0
0.629228 0
0.487123 0
0.469211 0
0.097870 0
0.024436 0
0.049389 0
1.059500 0
0.544618 0
0.664367 0
0.047442 0
0.205298 0
0.386147 0
0.707757 0
0.491240 0
0.366907 0
0.946149 0
0.133610 0
0.204881 0
0.306334 0
0.196293 0
0.239000 0
1.327566 0
0.083937 0
0.055354 0
1.517680 0
0.080455 0
0.567242 0
0.908531 0
0.019687 0
0.088790 0
0.198727 0
0.400190 0
0.140744 0
0.244822 0
0.184595 0
0.306612 0
0.022796 0
0.703219 0
1.370058 0
1.285327 0
0.551471 0
0.540678 0
1.022185 0
1.491067 0
1.102907 0
0.253904 0
0.269096 0
0.719449 0
0.148985 0
0.825969 0
0.300096 0
0.107215 0
0.024495 0
0.378326 0
0.245432 0
0.119168 0
0.413989 0
0.321361 0
0.435177 0
0.035416 0
1.300461 0
0.383182 0
0.136775 0
0.362704 0
0.067691 0
0.207977 0
0.326205 0
1.133788 0
1.248794 0
0.194100 0
1.443874 0
0.047676 0
1.310266 0
0.388287 0
0.740621 0
0.070699 0
0.237587 0
0.463707 0
0.013806 0
0.263796 0
0.216242 0
0.020549 0
0.038534 0
0.068161 0
0.736102 0
0.399113 0
0.296480 0
0.875730 0
0.187023 0
0.186074 0
0.358248 0
0.574949 0
0.585010 0
0.852597 0
0.239785 0
0.108570 0
0.010050 0
0.439741 0
0.432957 0
0.348773 0
0.711546 0
1.209471 0
0.278416 0
0.469801 0
0.055871 0
0.146863 0
0.178915 0
0.107099 0
0.050261 0
1.551382 0
1.316287 0
0.079094 0
1.377855 0
0.001511 0
0.259543 0
0.094457 0
0.254932 0
0.790310 0
0.044389 0
0.131268 0
0.113668 0
0.750206 0
0.520807 0
0.058706 0
0.184168 0
0.282004 0
0.225782 0
0.500674 0
0.469796 0
1.090757 0
0.873851 0
0.527255 0
0.754489 0
0.056628 0
0.865542 0
0.459545 0
0.236680 0
0.550572 0
0.738668 0
0.503121 0
0.361345 0
0.301802 0
0.251445 0
0.694325 0
0.421637 0
0.262812 0
0.410323 0
0.129209 0
0.324209 0
0.057312 0
0.272606 0
0.455894 0
0.812365 0
1.403609 0
0.086995 0
0.106392 0
0.029658 0
0.837067 0
0.299174 0
0.616188 0
0.461591 0
0.186376 0
0.522331 0
0.059625 0
0.618658 0
0.474306 0
0.305631 0
0.440318 0
1.092140 0
0.459454 0
0.043990 0
0.318057 0
0.414532 0
0.389628 0
0.607904 0
0.013189 0
0.513057 0
0.070744 0
1.188595 0
0.179469 0
0.631505 0
0.991273 0
1.108662 0
0.203764 0
0.030057 0
0.010246 0
0.233654 0
0.008088 0
0.150023 0
0.573516 0
0.190687 0
1.390338 0
0.014595 0
0.192045 0
0.673465 0
0.562624 0
0.366533 0
0.488805 0
0.253327 0
0.337211 0
0.344041 0
0.627883 0
1.098955 0
0.379844 0
0.129825 0
0.163186 0
0.301651 0
0.214424 0
0.205097 0
0.046315 0
0.863688 0
0.827570 0
0.016663 0
1.200691 0
0.687106 0
1.037450 0
0.440137 0
0.024739 0
0.440500 0
0.402119 0
0.197911 0
0.266227 0
1.081745 0
0.135398 0
1.275346 0
1.460240 0
0.162641 0
0.193032 0
0.922513 0
1.739706 0
0.182301 0
1.047409 0
0.106715 0
0.130069 0
0.468445 0
0.670987 0
0.405498 0
0.159095 0
0.952140 0
0.530266 0
0.681502 0
1.058411 0
0.326510 0
0.158500 0
1.083631 0
0.566057 0
0.359855 0
0.012536 0
0.753318 0
0.797002 0
0.571353 0
1.741989 0
0.459351 0
0.025512 0
0.041789 0
0.277079 0
0.518310 0
0.756912 0
1.550738 0
0.866202 0
0.268428 0
1.483873 0
0.022957 0
0.524501 0
0.029033 0
0.391782 0
1.058119 0
1.215332 0
0.860853 0
0.260605 0
0.683668 0
0.189635 0
0.675791 0
0.374451 0
0.553320 0
0.755996 0
0.219045 0
0.089980 0
0.181999 0
0.797619 0
0.096207 0
0.366007 0
1.693514 0
1.367200 0
0.649601 0
0.304166 0
0.158255 0
0.243883 0
1.505136 0
0.144477 0
1.735830 0
0.013015 0
0.788747 0
0.035249 0
1.600829 0
0.624929 0
1.787642 0
1.409378 0
0.146453 0
0.952379 0
0.011849 0
0.565551 0
0.679717 0
0.310760 0
0.179352 0
0.410866 0
0.097423 0
0.117670 0
0.024060 0
0.284281 0
1.510566 0
0.309274 0
0.298224 0
1.590701 0
0.935586 0
0.816393 0
0.611397 0
0.627873 0
0.065529 0
0.418967 0
0.347533 0
1.149881 0
0.013896 0
0.846841 0
0.255805 0
0.264741 0
0.225306 0
0.397972 0
0.183738 0
0.077375 0
0.021779 0
0.018035 0
0.271965 0
0.277162 0
0.066226 0
0.237336 0
0.004498 0
0.025481 0
0.407494 0
0.078275 0
0.159581 0
0.251013 0
0.551645 0
0.723732 0
0.010126 0
0.066619 0
0.006576 0
0.672184 0
0.156586 0
0.048809 0
0.128512 0
0.904337 0
0.146031 0
0.125689 0
0.108378 0
1.452280 0
0.654165 0
0.143900 0
0.416561 0
2.203493 0
0.346280 0
0.554762 0
1.016770 0
0.606728 0
0.468197 0
0.121202 0
0.020694 0
0.252150 0
1.089800 0
0.846607 0
0.456448 0
0.685515 0
0.589665 0
1.163027 0
0.101560 0
0.487588 0
1.499916 0
0.221008 0
0.487562 0
1.121211 0
0.742601 0
1.190673 0
0.766958 0
0.187302 0
0.615135 0
0.111185 0
0.386374 0
1.226308 0
0.161429 0
1.388559 0
0.734829 0
1.394881 0
0.102796 0
0.696172 0
0.495667 0
0.769408 0
0.073642 0
1.134673 0
0.155999 0
0.481911 0
0.717326 0
0.031561 0
0.006738 0
0.768160 0
0.558614 0
0.255295 0
0.249808 0
0.125635 0
0.436633 0
0.745775 0
0.277778 0
0.634700 0
0.402279 0
0.597503 0
0.853125 0
0.563644 0
1.268741 0
0.027054 0
0.104420 0
0.611440 0
0.483023 0
0.234984 0
0.213985 0
0.097200 0
0.485921 0
0.104715 0
0.356310 0
0.550901 0
0.350193 0
0.124011 0
0.601882 0
1.158464 0
0.141049 0
0.430017 0
1.074074 0
0.123579 0
0.205450 0
0.616833 0
0.660438 0
0.073768 0
1.440851 0
0.941148 0
0.577017 0
1.375857 0
0.072947 0
0.254903 0
0.330337 0
0.167037 0
0.606068 0
0.026940 0
0.119705 0
0.271848 0
0.198253 0
0.336177 0
0.411790 0
0.203069 0
0.068042 0
0.233109 0
0.490661 0
0.411779 0
1.121530 0
0.601582 0
0.012394 0
0.891988 0
0.131046 0
1.024390 0
0.233471 0
0.619973 0
0.374794 0
0.714922 0
0.859850 0
0.830009 0
0.126895 0
0.721151 0
0.155250 0
0.344904 0
0.077113 0
0.101195 0
0.226982 0
0.011701 0
0.034628 0
0.514987 0
0.358882 0
2.030003 0
0.369834 0
0.707278 0
0.207721 0
1.000587 0
0.468735 0
1.248914 0
0.591874 0
0.558869 0
0.711249 0
0.095344 0
0.613631 0
0.601231 0
0.172139 0
0.579774 0
0.756950 0
0.537583 0
0.465031 0
0.155226 0
0.042002 0
0.476125 0
0.526111 0
0.131892 0
0.222419 0
0.224062 0
0.316118 0
0.730141 0
0.068576 0
0.117757 0
0.429992 0
0.104556 0
0.901200 0
0.050107 0
0.257854 0
1.011404 0
0.115948 0
0.359876 0
1.214056 0
0.016454 0
0.753412 0
0.059793 0
0.300578 0
0.049545 0
0.426909 0
0.313400 0
0.294822 0
0.688116 0
0.379686 0
0.516997 0
1.333523 0
0.285954 0
0.217941 0
0.065112 0
1.176012 0
1.770080 0
0.347183 0
1.169908 0
0.345456 0
0.215950 0
0.411283 0
0.006779 0
0.827690 0
0.558705 0
0.051841 0
0.555244 0
0.207337 0
0.733878 0
0.022544 0
1.086663 0
0.510728 0
0.025695 0
0.251341 0
0.064006 0
0.437392 0
0.371852 0
0.473825 0
0.805360 0
0.039511 0
0.216389 0
0.105268 0
1.032150 0
0.408774 0
0.187911 0
0.428010 0
1.401022 0
0.319758 0
0.317615 0
0.746336 0
1.735790 0
0.079689 0
0.737168 0
0.333676 0
0.581189 0
0.365602 0
0.638839 0
0.248845 0
0.243445 0
0.366357 0
0.429594 0
0.728326 0
0.670964 0
0.433169 0
0.053830 0
0.089988 0
0.038193 0
0.306047 0
0.735797 0
0.013372 0
1.438034 0
0.677935 0
0.068449 0
0.059003 0
0.714578 0
0.006303 0
0.652270 0
0.059230 0
0.202295 0
0.678005 0
0.363843 0
0.182428 0
0.421283 0
0.416738 0
0.365802 0
0.289323 0
0.839498 0
1.167060 0
0.029929 0
0.214228 0
0.093812 0
0.430602 0
1.312645 0
0.545739 0
1.363190 0
0.203586 0
0.169266 0
0.596232 0
0.170818 0
0.119654 0
0.382223 0
0.097018 0
0.334072 0
0.397596 0
0.818467 0
0.436877 0
0.428343 0
0.409545 0
0.592708 0
0.008790 0
0.143499 0
0.971049 0
0.804636 0
0.219390 0
0.287071 0
0.027771 0
0.297330 0
0.176038 0
0.026675 0
0.423653 0
0.176164 0
0.200756 0
0.528866 0
0.663536 0
0.416607 0
1.133541 0
0.281969 0
0.066398 0
0.198005 0
0.312608 0
0.315397 0
0.899907 0
0.016888 0
0.305150 0
1.657261 0
0.863289 0
0.215724 0
0.234657 0
0.223789 0
0.075550 0
0.185874 0
0.007137 0
0.542516 0
0.441284 0
0.428155 0
0.766020 0
0.304174 0
0.421368 0
0.264936 0
0.520174 0
1.545782 0
0.822496 0
0.216846 0
0.537129 0
0.041188 0
0.217411 0
0.211861 0
0.043105 0
0.112967 0
1.000030 0
0.392286 0
0.403959 0
0.252506 0
0.348999 0
0.492876 0
0.545574 0
0.207827 0
0.885367 0
0.422935 0
0.001602 0
0.104670 0
0.514140 0
1.361525 0
0.422132 0
0.377418 0
0.382706 0
0.087401 0
0.012157 0
0.308639 0
0.037250 0
0.202722 0
0.113405 0
1.083334 0
1.668950 0
1.620438 0
0.281406 0
0.036771 0
0.078664 0
0.919917 0
1.124037 0
0.475361 0
0.209677 0
0.523828 0
1.399736 0
0.297985 0
0.142247 0
0.106950 0
0.040406 0
0.196464 0
0.208864 0
0.347569 0
0.194059 0
0.637649 0
0.104124 0
0.168128 0
0.156319 0
0.008948 0
0.769101 0
0.163781 0
0.809960 0
0.246203 0
1.072969 0
0.805174 0
1.592170 0
0.658794 0
0.261334 0
0.013603 0
0.254198 0
0.635548 0
0.372281 0
0.187026 0
0.350645 0
0.160516 0
1.478611 0
1.286282 0
0.717405 0
0.053921 0
1.361682 0
0.332347 0
0.033640 0
0.176756 0
0.136022 0
0.099241 0
0.069144 0
0.627612 0
0.103400 0
0.228998 0
0.088933 0
0.508368 0
0.130300 0
0.444469 0
0.097202 0
0.060834 0
0.481637 0
1.060619 0
0.069721 0
0.431674 0
0.020936 0
0.073592 0
0.541773 0
0.008068 0
0.424397 0
0.019733 0
0.802972 0
0.300774 0
0.539142 0
0.429311 0
0.047646 0
0.513230 0
0.194390 0
0.395068 0
1.152047 0
0.021787 0
0.500921 0
0.637092 0
1.575432 0
0.341976 0
0.828433 0
0.108836 0
0.069711 0
0.464116 0
1.475542 0
0.649614 0
0.609290 0
1.024650 0
0.322594 0
0.083930 0
0.450944 0
0.594544 0
0.055595 0
0.011529 0
0.054725 0
0.465230 0
0.878903 0
0.129613 0
0.110459 0
0.273797 0
0.982633 0
0.185614 0
0.538522 0
0.004145 0
0.011868 0
0.233038 0
0.239221 0
0.181463 0
0.117928 0
0.886569 0
0.003322 0
0.514847 0
0.531587 0
1.453060 0
0.177365 0
0.439288 0
1.215991 0
1.760582 0
0.849106 0
0.170406 0
0.286640 0
1.253806 0
1.314492 0
0.527866 0
0.892732 0
1.710086 0
1.722824 0
0.598181 0
1.212426 0
0.915158 0
1.017112 0
0.231893 0
0.998379 0
0.244048 0
0.267247 0
0.378427 0
0.042929 0
1.241913 0
0.698592 0
0.183540 0
0.321010 0
1.126463 0
0.880376 0
0.496280 0
0.102007 0
0.848455 0
0.246527 0
0.262439 0
0.023166 0
0.099577 0
0.365516 0
0.361027 0
0.486252 0
0.690994 0
0.044362 0
1.372401 0
0.084746 0
1.560084 0
0.036588 0
0.802690 0
0.051218 0
0.023671 0
0.222811 0
0.499048 0
0.234553 0
1.448300 0
0.122950 0
0.633546 0
0.035440 0
0.334875 0
1.618271 0
0.568738 0
0.328488 0
0.002368 0
0.352736 0
0.080775 0
0.122145 0
0.669510 0
1.910208 0
0.403328 0
0.270854 0
0.348752 0
1.865598 0
0.254366 0
0.284929 0
0.093423 0
0.807026 0
0.882635 0
0.396660 0
0.055007 0
0.250672 0
0.214106 0
0.874738 0
0.357727 0
0.381137 0
0.091422 0
0.113816 0
0.690955 0
0.588154 0
0.347513 0
1.034255 0
0.487261 0
0.817893 0
0.059286 0
0.175725 0
0.242028 0
0.284022 0
0.141287 0
0.266216 0
0.233887 0
0.592132 0
0.106719 0
0.038956 0
0.468520 0
0.092778 0
0.109832 0
0.250352 0
0.173557 0
0.114118 0
0.693694 0
0.020934 0
0.534609 0
0.486192 0
0.180760 0
0.496837 0
0.071021 0
1.060613 0
0.614456 0
0.364614 0
0.063172 0
0.116603 0
0.041129 0
0.305215 0
0.058056 0
0.060119 0
0.510886 0
0.510790 0
0.964951 0
0.138073 0
0.921095 0
0.193237 0
0.677535 0
0.221306 0
0.836328 0
0.333299 0
0.496448 0
0.067062 0
0.627825 0
0.183590 0
0.015150 0
0.015024 0
0.554474 0
0.137221 0
0.718808 0
0.137624 0
0.136615 0
0.954956 0
0.016808 0
0.762340 0
0.215687 0
0.793523 0
0.977252 0
1.016912 0
1.036997 0
0.396022 0
0.510707 0
0.903148 0
0.799165 0
0.257922 0
0.030146 0
0.018984 0
1.567863 0
0.614105 0
0.376839 0
1.475203 0
0.186011 0
0.758613 0
0.726165 0
0.479390 0
0.422532 0
0.124971 0
0.460681 0
0.076580 0
0.108464 0
0.287630 0
1.009013 0
0.431500 0
1.408333 0
0.258545 0
0.788313 0
0.239270 0
0.866094 0
0.866715 0
0.042446 0
0.900440 0
0.045666 0
0.857113 0
1.066467 0
0.226665 0
0.507161 0
0.231288 0
0.518343 0
0.056267 0
0.900524 0
0.158222 0
0.641256 0
0.739561 0
0.020778 0
0.096223 0
0.681458 0
0.358970 0
0.042132 0
0.013742 0
0.194165 0
0.027595 0
0.630242 0
1.247099 0
0.244254 0
0.695640 0
0.352831 0
0.090263 0
0.242263 0
0.185972 0
0.067238 0
0.166810 0
0.040261 0
0.044158 0
1.167703 0
0.090310 0
0.037126 0
1.369618 0
0.171773 0
1.334938 0
0.062386 0
0.604731 0
0.203106 0
0.297814 0
0.134897 0
0.629766 0
0.023444 0
0.129310 0
0.111816 0
0.870507 0
0.287145 0
0.708786 0
0.099308 0
0.759184 0
1.399553 0
0.550039 0
0.205676 0
1.252378 0
0.451226 0
0.187685 0
1.057539 0
0.169498 0
0.034562 0
0.373272 0
0.746699 0
0.184150 0
0.384344 0
0.157180 0
1.332525 0
0.431119 0
0.311696 0
0.237385 0
0.384432 0
0.347301 0
0.030822 0
0.595277 0
0.301040 0
0.359854 0
0.069328 0
0.034543 0
0.167431 0
0.166892 0
0.826894 0
0.131033 0
0.287071 0
0.058691 0
0.979827 0
0.615852 0
0.916903 0
0.452579 0
1.451113 0
0.454896 0
0.194382 0
1.362451 0
1.714122 0
0.246333 0
0.304697 0
0.021776 0
0.752388 0
0.049801 0
0.276340 0
0.150734 0
0.367651 0
0.097839 0
1.489799 0
0.194514 0
0.493558 0
0.050440 0
1.123176 0
0.598356 0
0.366052 0
0.222709 0
0.718253 0
0.203848 0
0.113881 0
0.135730 0
0.065044 0
0.250398 0
1.052553 0
0.101195 0
0.289304 0
0.505828 0
0.181282 0
0.216944 0
0.170434 0
0.652545 0
0.425699 0
1.600902 0
0.242022 0
0.131564 0
0.657326 0
0.677128 0
1.474594 0
0.008963 0
0.435915 0
0.694445 0
0.123473 0
0.408163 0
0.050510 0
0.029787 0
0.117111 0
0.603002 0
0.442102 0
0.175917 0
1.461518 0
0.327303 0
0.829705 0
1.585229 0
0.210901 0
0.618389 0
1.726053 0
0.176574 0
0.249918 0
0.510351 0
0.046885 0
0.291363 0
1.135766 0
0.283381 0
0.471530 0
0.044052 0
0.542960 0
0.398962 0
0.012611 0
1.390767 0
0.538974 0
0.042856 0
0.146819 0
0.483552 0
0.038722 0
0.024470 0
0.115269 0
0.045828 0
0.593413 0
1.480606 0
0.680972 0
0.548060 0
0.425816 0
0.380866 0
0.234702 0
0.101607 0
0.137144 0
0.746757 0
0.179135 0
0.961337 0
0.084707 0
0.528820 0
0.355180 0
0.154319 0
0.309294 0
0.455546 0
0.130943 0
1.512012 0
0.254938 0
0.310325 0
1.403568 0
0.732368 0
0.099185 0
0.056515 0
0.550517 0
0.201948 0
0.032792 0
0.684683 0
0.618989 0
0.933259 0
0.778071 0
0.346571 0
1.963826 0
0.595545 0
0.092530 0
0.045954 0
1.712716 0
0.115879 0
0.641959 0
0.008258 0
0.208632 0
0.423528 0
0.486478 0
0.513919 0
0.104807 0
0.412911 0
0.291140 0
0.215923 0
1.040042 0
0.858687 0
0.070571 0
0.089616 0
0.302415 0
0.863658 0
0.444605 0
0.232131 0
0.074648 0
0.156822 0
0.394607 0
0.043452 0
0.238734 0
0.165760 0
1.154857 0
1.046831 0
0.694734 0
1.405975 0
0.114411 0
0.701828 0
0.410326 0
1.352114 0
0.264872 0
1.115707 0
0.329773 0
0.066146 0
0.053425 0
0.628288 0
0.652963 0
1.003243 0
1.190400 0
1.433225 0
0.706989 0
0.645031 0
0.317816 0
0.925792 0
0.081034 0
0.662326 0
0.672146 0
0.241610 0
1.411027 0
0.186197 0
0.021409 0
0.568534 0
0.360728 0
0.032621 0
0.371640 0
0.338073 0
0.079846 0
0.317739 0
0.238183 0
0.301940 0
0.852034 0
0.107846 0
0.981083 0
0.351787 0
0.485252 0
0.451177 0
1.494491 0
0.180667 0
0.589103 0
0.942138 0
0.454821 0
0.095769 0
1.268566 0
0.282104 0
0.024329 0
0.237553 0
0.372101 0
0.522546 0
0.561036 0
0.566087 0
0.273445 0
0.770219 0
0.161098 0
0.021934 0
0.179809 0
0.011776 0
1.174484 0
0.335789 0
0.237385 0
0.670863 0
0.039811 0
0.953947 0
0.152275 0
0.251271 0
0.104906 0
1.287503 0
0.503101 0
0.351705 0
0.677805 0
0.322271 0
2.114003 0
0.669368 0
0.305278 0
0.121561 0
0.040526 0
0.293210 0
0.106031 0
1.071827 0
0.308663 0
1.023177 0
0.007750 0
0.187362 0
0.105930 0
1.560053 0
0.435821 0
0.212390 0
0.084825 0
0.478628 0
1.379284 0
0.531050 0
0.081727 0
0.857808 0
0.096849 0
0.116698 0
0.946784 0
0.164736 0
0.069539 0
0.322790 0
0.731692 0
0.429158 0
0.500497 0
0.615327 0
0.321795 0
0.311253 0
0.009681 0
0.305489 0
0.433330 0
0.213633 0
0.113360 0
1.487818 0
0.315149 0
0.246965 0
0.644987 0
0.449069 0
1.072884 0
1.141569 0
0.134320 0
0.202106 0
1.043451 0
0.236962 0
0.088990 0
0.765505 0
0.114564 0
0.636123 0
0.014227 0
1.213032 0
0.368827 0
1.005675 0
0.626576 0
1.437493 0
0.085614 0
0.308490 0
0.973269 0
0.411496 0
0.232751 0
0.317401 0
0.717516 0
0.450814 0
0.522953 0
0.067440 0
1.230169 0
0.586117 0
0.140048 0
0.118617 0
1.343315 0
0.711715 0
0.126515 0
0.293113 0
0.445496 0
0.141619 0
0.744901 0
0.174463 0
0.452777 0
0.266364 0
0.214923 0
0.503172 0
0.612170 0
0.592232 0
1.446858 0
0.062148 0
0.470527 0
0.015110 0
0.134548 0
0.304054 0
0.369401 0
0.055925 0
0.182199 0
0.116283 0
0.990417 0
0.578202 0
0.355909 0
1.523686 0
0.465913 0
0.189086 0
0.007151 0
0.136616 0
0.299779 0
0.098326 0
0.014254 0
0.719823 0
0.176189 0
0.280142 0
0.037872 0
0.204507 0
1.445080 0
0.858462 0
0.866032 0
0.160999 0
0.218784 0
0.328143 0
0.148430 0
0.087532 0
1.115968 0
0.741284 0
1.041580 0
0.149597 0
1.402824 0
0.054752 0
0.787627 0
0.796393 0
0.263497 0
0.380858 0
0.347293 0
0.068156 0
0.153690 0
1.458868 0
0.590786 0
0.118773 0
0.550856 0
0.203825 0
0.475533 0
0.461454 0
0.515791 0
0.657325 0
0.433410 0
0.112691 0
0.115167 0
0.078013 0
0.704230 0
0.221246 0
0.199813 0
0.034141 0
0.517326 0
0.211885 0
0.092885 0
0.796710 0
1.087356 0
0.449144 0
0.100150 0
1.157177 0
0.331940 0
0.274250 0
1.447292 0
0.131470 0
0.020325 0
0.135337 0
0.643282 0
0.174206 0
0.571615 0
0.004923 0
1.319198 0
0.079738 0
1.162874 0
0.403724 0
0.233796 0
0.333122 0
0.001889 0
0.804767 0
0.508935 0
1.328742 0
0.067652 0
1.555873 0
0.329047 0
0.169323 0
0.153671 0
0.086518 0
0.243787 0
0.084176 0
0.168878 0
0.057121 0
0.204691 0
0.521145 0
0.440213 0
0.734488 0
0.364805 0
0.898050 0
0.344332 0
0.539426 0
0.203839 0
0.364961 0
0.624433 0
0.125361 0
0.135547 0
0.058120 0
0.005462 0
0.599018 0
0.893637 0
0.243458 0
0.709008 0
0.410923 0
0.197443 0
1.491682 0
0.705738 0
0.300522 0
1.141786 0
0.050460 0
0.202932 0
2.177124 0
1.482692 0
0.104212 0
0.077621 0
0.874707 0
0.636671 0
1.239675 0
0.078463 0
0.363079 0
0.092844 0
0.196296 0
0.172639 0
0.206666 0
0.044437 0
0.269273 0
1.117059 0
0.754721 0
1.033134 0
0.146781 0
0.210700 0
0.162639 0
0.178506 0
0.198439 0
1.226403 0
0.567018 0
0.497082 0
1.050675 0
0.137691 0
0.130268 0
0.752355 0
0.173770 0
0.207171 0
0.370057 0
0.684944 0
0.208286 0
0.077047 0
0.230906 0
0.141881 0
0.048987 0
0.859935 0
0.252621 0
0.831020 0
0.338085 0
1.277989 0
0.104927 0
0.055214 0
0.963775 0
0.710645 0
0.296205 0
0.674668 0
0.077895 0
0.203964 0
0.859635 0
0.275395 0
0.048838 0
0.920258 0
0.577800 0
0.106415 0
0.379595 0
0.354665 0
0.759584 0
0.041120 0
0.321486 0
0.623805 0
0.072650 0
0.034140 0
0.150240 0
0.487238 0
0.889916 0
0.640753 0
0.386825 0
0.062661 0
0.204499 0
1.148264 0
0.053391 0
0.193495 0
0.284092 0
0.861609 0
0.418857 0
0.460108 0
0.113398 0
0.115253 0
0.185125 0
0.420177 0
1.152997 0
0.009088 0
0.919065 0
0.069076 0
0.323515 0
0.850075 0
0.128955 0
0.284171 0
0.177368 0
0.431863 0
0.436007 0
1.433107 0
0.131045 0
0.058502 0
0.582575 0
0.724002 0
0.240409 0
1.382000 0
0.253218 0
0.359667 0
0.144389 0
0.548420 0
0.090959 0
1.442386 0
0.302793 0
0.292075 0
1.310682 0
0.112946 0
0.954851 0
0.136751 0
1.876863 0
0.120530 0
0.508275 0
0.214909 0
0.803150 0
0.321064 0
0.374899 0
0.014348 0
0.694998 0
0.488489 0
0.771183 0
0.560514 0
0.286413 0
0.125465 0
0.464309 0
0.559609 0
0.144071 0
0.036636 0
0.073934 0
0.431543 0
1.043759 0
0.304306 0
1.390176 0
0.078844 0
0.114565 0
0.254425 0
1.561221 0
1.426046 0
0.125948 0
0.051848 0
0.012718 0
0.694067 0
0.263778 0
0.179594 0
0.095484 0
0.129938 0
0.668658 0
0.054592 0
0.990870 0
0.607695 0
0.134088 0
0.017743 0
0.067400 0
0.586202 0
0.690341 0
0.987092 0
1.873114 0
0.420646 0
0.173824 0
0.391064 0
0.126525 0
0.246578 0
1.245992 0
0.146128 0
0.472128 0
0.280101 0
0.283935 0
0.497354 0
0.462577 0
0.236904 0
0.039539 0
0.160303 0
0.263353 0
0.138768 0
0.577572 0
0.181998 0
0.463931 0
0.090744 0
0.408545 0
0.703911 0
0.784218 0
0.432612 0
0.450943 0
0.200562 0
0.161718 0
0.738474 0
1.184566 0
0.565633 0
0.521435 0
0.536257 0
0.062938 0
0.317906 0
0.125510 0
0.453642 0
0.600719 0
0.955878 0
1.373007 0
0.809173 0
0.215352 0
0.767335 0
0.938243 0
0.200222 0
0.348771 0
0.502418 0
0.267430 0
0.038247 0
0.617895 0
0.141330 0
0.380531 0
1.372401 0
1.376062 0
0.086288 0
0.103365 0
1.425501 0
0.242708 0
0.086043 0
0.291416 0
0.602883 0
0.655895 0
1.154854 0
1.540161 0
1.708884 0
1.443711 0
0.193652 0
1.722778 0
0.163746 0
0.271673 0
0.549023 0
1.444779 0
1.597055 0
0.410929 0
1.068635 0
0.345559 0
0.424262 0
0.283809 0
0.158149 0
0.446181 0
0.370080 0
1.504059 0
0.040111 0
0.181420 0
0.137445 0
0.786127 0
0.378159 0
0.380154 0
1.414712 0
0.369887 0
0.475280 0
0.371195 0
0.567214 0
0.813979 0
0.579286 0
0.149300 0
0.059088 0
0.886778 0
0.322544 0
0.707691 0
0.894364 0
0.883851 0
0.154297 0
0.515092 0
0.006042 0
0.070625 0
0.075786 0
0.293633 0
0.267999 0
0.064785 0
1.442828 0
0.262368 0
0.582438 0
0.110481 0
0.179379 0
0.096422 0
0.125179 0
0.643150 0
0.268720 0
0.041707 0
0.754364 0
0.377847 0
0.195306 0
1.178092 0
1.076113 0
0.806291 0
0.263289 0
0.402993 0
0.860521 0
0.028285 0
0.682113 0
0.125622 0
0.742763 0
0.802662 0
0.682506 0
0.145946 0
1.534069 0
0.153981 0
0.719704 0
0.041807 0
0.784872 0
0.764287 0
0.681270 0
1.236203 0
0.224421 0
1.517981 0
0.167022 0
0.013254 0
0.152107 0
0.035492 0
0.039702 0
0.524766 0
0.159707 0
0.253044 0
1.522926 0
0.533807 0
0.024250 0
0.487907 0
1.150418 0
0.075952 0
0.528313 0
0.113666 0
1.102641 0
0.427901 0
0.153215 0
0.515552 0
0.151652 0
0.260695 0
0.529157 0
0.159789 0
0.231301 0
0.428178 0
0.034805 0
0.197516 0
0.583763 0
0.283765 0
0.083605 0
0.626167 0
0.368141 0
1.499059 0
0.020655 0
0.908997 0
0.200151 0
0.557574 0
0.196245 0
0.769455 0
0.165846 0
0.262631 0
0.414135 0
0.935644 0
0.046926 0
0.240873 0
0.656271 0
0.809105 0
1.468557 0
0.598926 0
0.374987 0
0.218335 0
0.139394 0
0.031630 0
0.515565 0
0.022854 0
0.209128 0
0.116024 0
0.468660 0
0.803083 0
0.639008 0
0.149925 0
0.243982 0
1.553037 0
0.316222 0
0.070161 0
0.273463 0
0.675000 0
1.631296 0
0.226958 0
0.028760 0
1.349866 0
0.062105 0
0.367254 0
0.078575 0
0.093738 0
0.656095 0
0.486344 0
0.134727 0
0.334321 0
0.246091 0
0.139376 0
0.055183 0
1.083715 0
0.026175 0
0.302488 0
0.479115 0
0.040474 0
0.472604 0
0.096834 0
0.051719 0
0.128060 0
0.232778 0
0.973635 0
1.375140 0
0.654649 0
0.162682 0
0.059845 0
0.086555 0
1.085566 0
0.286216 0
0.092128 0
0.822953 0
0.576139 0
0.021829 0
0.051463 0
0.040107 0
0.199538 0
0.093993 0
0.426456 0
0.747072 0
0.477732 0
0.396573 0
0.242458 0
0.682207 0
0.375227 0
0.155552 0
0.050439 0
0.313270 0
0.023020 0
0.082873 0
1.224417 0
0.275340 0
0.470417 0
0.638008 0
0.754060 0
0.879325 0
0.204350 0
0.543041 0
0.871544 0
0.132105 0
0.421347 0
0.846283 0
0.093582 0
0.507050 0
0.385560 0
0.173370 0
0.249688 0
0.170205 0
0.599483 0
0.210913 0
0.809157 0
0.672029 0
1.413530 0
0.010083 0
0.313662 0
0.012149 0
0.343403 0
1.478602 0
1.457388 0
1.859053 0
0.585575 0
0.441660 0
0.114044 0
0.393491 0
0.048477 0
0.546759 0
0.166720 0
0.107490 0
0.203624 0
0.483838 0
0.161631 0
0.245813 0
0.177145 0
0.233434 0
0.148528 0
1.449544 0
0.291081 0
1.380726 0
1.383421 0
0.756031 0
0.553671 0
0.410268 0
0.259179 0
0.633318 0
1.847343 0
0.357006 0
1.223237 0
0.176921 0
0.333418 0
0.049646 0
0.298641 0
1.034917 0
1.757661 0
0.150712 0
0.383784 0
0.382744 0
0.197173 0
0.171307 0
1.539262 0
1.806882 0
0.121758 0
0.181457 0
1.082982 0
0.218763 0
0.746957 0
0.884464 0
0.386502 0
0.548306 0
0.060868 0
0.254450 0
0.205085 0
0.060196 0
0.849564 0
0.030023 0
0.071398 0
0.954047 0
1.928023 0
0.473042 0
1.377549 0
0.176147 0
0.140960 0
0.312968 0
0.138742 0
0.203791 0
0.188430 0
0.275518 0
0.489566 0
0.466672 0
1.767019 0
0.417639 0
1.145413 0
0.161874 0
0.243112 0
1.195839 0
1.115552 0
0.993567 0
1.837079 0
0.008427 0
0.036584 0
1.442948 0
0.084705 0
0.128533 0
1.562752 0
1.117800 0
0.670514 0
0.319073 0
0.327444 0
0.070934 0
0.056646 0
0.099366 0
0.259565 0
0.246032 0
0.373721 0
0.507202 0
0.553703 0
0.009460 0
0.387507 0
0.406946 0
0.017139 0
0.122699 0
0.058597 0
0.300666 0
0.388551 0
0.064650 0
0.176683 0
1.030387 0
0.161498 0
0.304665 0
0.125800 0
0.149881 0
0.278593 0
0.048279 0
0.799600 0
0.298640 0
0.214523 0
0.176117 0
1.791723 0
0.347415 0
0.268239 0
0.555147 0
0.003327 0
0.175184 0
1.553146 0
0.269593 0
0.290537 0
0.773139 0
0.104403 0
0.096089 0
0.749632 0
0.031115 0
1.703434 0
0.023492 0
0.367230 0
0.337225 0
0.101921 0
0.271481 0
0.354666 0
0.190796 0
0.058087 0
0.310154 0
0.233004 0
0.615106 0
1.846006 0
0.487697 0
1.107210 0
0.128483 0
0.129319 0
0.797829 0
0.094131 0
0.156717 0
0.203186 0
0.815741 0
0.050491 0
0.701862 0
0.525045 0
1.064288 0
0.382007 0
0.272415 0
0.249515 0
0.383254 0
0.087275 0
0.354382 0
0.301975 0
1.278699 0
0.920698 0
0.867278 0
0.038712 0
0.402716 0
0.887278 0
0.590500 0
0.252573 0
0.991334 0
0.243427 0
0.506917 0
0.129342 0
1.410473 0
0.674582 0
0.393637 0
0.026861 0
0.347117 0
0.073498 0
0.016755 0
0.860489 0
0.401978 0
0.538047 0
0.932984 0
0.073730 0
0.632689 0
0.501070 0
1.532402 0
0.284692 0
0.333489 0
0.699646 0
0.496965 0
0.232751 0
0.348641 0
0.364818 0
0.528310 0
0.186022 0
0.472226 0
0.561568 0
0.982263 0
0.042896 0
0.488364 0
0.596334 0
0.371843 0
0.334114 0
0.380018 0
0.146770 0
0.174929 0
0.364559 0
1.049533 0
0.057258 0
0.717060 0
0.582008 0
1.522035 0
0.832093 0
0.016380 0
0.041998 0
0.727472 0
0.806281 0
0.258754 0
0.174215 0
0.338218 0
0.478434 0
0.207696 0
0.112467 0
0.363323 0
0.228002 0
1.581255 0
0.470218 0
0.108206 0
1.130683 0
0.134320 0
1.403601 0
0.127370 0
0.046040 0
1.001360 0
0.058404 0
1.304131 0
0.039874 0
0.405798 0
0.308023 0
0.917304 0
0.193258 0
0.730136 0
0.496601 0
0.089914 0
0.168171 0
0.153855 0
0.572996 0
0.726403 0
0.339306 0
0.164253 0
0.473056 0
0.134128 0
0.469738 0
0.783876 0
0.144988 0
0.508897 0
0.084306 0
1.368590 0
0.308998 0
1.171659 0
1.076881 0
0.048612 0
0.009531 0
0.067757 0
0.067681 0
1.002008 0
0.471797 0
0.610667 0
0.732007 0
0.925749 0
0.350537 0
0.807300 0
0.139111 0
0.741957 0
0.116418 0
0.202205 0
1.116938 0
0.037847 0
1.431992 0
0.236030 0
0.474100 0
0.037717 0
0.734202 0
1.143651 0
1.122765 0
0.085146 0
0.701454 0
0.644943 0
0.619732 0
2.027450 0
0.287785 0
0.509902 0
0.002265 0
1.729549 0
0.523231 0
0.317738 0
1.627324 0
0.257425 0
0.417911 0
0.487072 0
0.029434 0
0.763268 0
0.147999 0
0.057419 0
0.812048 0
0.406483 0
0.453705 0
0.098911 0
0.465447 0
1.468624 0
0.035089 0
0.227998 0
1.611664 0
0.082808 0
0.566460 0
0.170380 0
0.814360 0
0.622337 0
0.154815 0
0.604901 0
0.192091 0
0.304311 0
0.151232 0
0.269715 0
1.538513 0
1.000918 0
0.264781 0
1.248573 0
0.024263 0
0.087632 0
0.018983 0
0.058948 0
0.010589 0
0.130030 0
0.071992 0
0.209351 0
0.219241 0
0.030568 0
0.281198 0
0.619742 0
0.401608 0
0.412155 0
1.117928 0
1.190885 0
0.370759 0
0.340714 0
0.338309 0
0.451336 0
1.395852 0
1.485042 0
0.211313 0
0.733419 0
0.759552 0
0.102697 0
1.346127 0
0.061701 0
0.170514 0
0.463030 0
0.035376 0
0.812335 0
0.494654 0
0.521887 0
0.837669 0
0.899151 0
0.011439 0
0.880363 0
1.278357 0
0.040760 0
0.720341 0
0.778906 0
0.041534 0
0.442346 0
0.013335 0
0.151487 0
0.243216 0
1.074583 0
1.421908 0
1.087186 0
0.390973 0
0.014934 0
0.161868 0
0.423564 0
1.111573 0
0.893904 0
0.485539 0
0.232506 0
0.932592 0
0.224581 0
0.899330 0
0.143237 0
0.040709 0
1.046860 0
0.005669 0
0.409734 0
1.098625 0
0.638128 0
0.661800 0
1.591375 0
0.037550 0
0.106414 0
0.950599 0
0.504952 0
0.098542 0
0.243691 0
0.405699 0
0.019557 0
0.350156 0
1.568547 0
0.331479 0
0.154978 0
1.475315 0
0.059241 0
0.335106 0
0.040451 0
0.149974 0
0.053540 0
0.368348 0
1.402849 0
1.252469 0
0.092953 0
0.211407 0
0.157411 0
0.101550 0
1.435800 0
0.662630 0
1.025700 0
1.677939 0
0.882902 0
0.769535 0
0.337752 0
1.516416 0
0.672120 0
0.855977 0
0.128148 0
0.707682 0
0.926273 0
0.323055 0
0.309008 0
0.063681 0
0.947585 0
0.790862 0
0.389154 0
0.130317 0
1.425619 0
0.826878 0
1.040812 0
0.491306 0
0.062743 0
0.504248 0
1.066839 0
0.561108 0
0.242302 0
0.970672 0
0.649279 0
0.991254 0
0.670578 0
0.316261 0
0.035325 0
1.060358 0
0.079740 0
0.868198 0
1.496468 0
0.376901 0
1.549560 0
0.934669 0
1.709905 0
0.156256 0
0.147209 0
1.400073 0
0.278418 0
0.429011 0
0.021458 0
0.287566 0
1.528919 0
1.371634 0
1.520254 0
0.097415 0
0.310104 0
0.200958 0
0.077936 0
0.595999 0
0.687882 0
0.755787 0
0.785930 0
0.079195 0
0.023607 0
0.377117 0
0.015284 0
1.230790 0
0.080942 0
0.052719 0
0.383344 0
0.005144 0
1.344752 0
0.436803 0
0.571501 0
0.116674 0
0.439338 0
0.496148 0
0.003767 0
0.582567 0
0.689058 0
0.209209 0
0.526867 0
0.161599 0
0.482248 0
0.357827 0
0.330448 0
0.227911 0
0.517063 0
0.153667 0
0.130790 0
1.324711 0
0.585700 0
0.397258 0
0.489126 0
0.080632 0
0.389557 0
0.165412 0
0.923454 0
0.402627 0
0.090758 0
0.360936 0
1.272940 0
0.434243 0
0.074387 0
0.196127 0
0.324274 0
0.767118 0
0.309111 0
0.008227 0
0.417663 0
0.158365 0
0.015178 0
1.207628 0
0.504271 0
0.324308 0
0.006385 0
0.509777 0
0.164977 0
1.103189 0
1.053602 0
0.514563 0
0.246308 0
0.094138 0
0.423160 0
0.406288 0
0.168175 0
0.684239 0
0.147620 0
1.423055 0
1.710430 0
0.452027 0
0.052178 0
0.134483 0
0.325273 0
0.350891 0
0.389692 0
0.506509 0
0.339395 0
0.320743 0
0.587497 0
0.252367 0
0.290934 0
0.387188 0
0.089198 0
0.784057 0
0.069748 0
0.704842 0
0.529716 0
0.021892 0
1.335317 0
0.963078 0
0.486935 0
0.112384 0
0.876294 0
0.008538 0
1.411907 0
0.011913 0
0.987139 0
0.446798 0
0.332603 0
0.373360 0
0.087023 0
0.697259 0
0.046111 0
0.295689 0
0.642162 0
0.951651 0
0.309984 0
0.506404 0
0.736687 0
0.353891 0
0.287376 0
0.086486 0
0.145209 0
1.432547 0
1.549176 0
1.421374 0
0.060328 0
0.001842 0
0.056548 0
0.813991 0
0.158111 0
0.433256 0
0.954475 0
1.725679 0
0.328796 0
0.253291 0
0.243728 0
0.141610 0
0.243023 0
1.077054 0
1.432900 0
0.018527 0
0.721697 0
0.133075 0
0.459609 0
1.660523 0
0.232413 0
1.116875 0
0.026531 0
0.088704 0
0.388802 0
0.527869 0
0.238062 0
0.133717 0
0.026893 0
0.358356 0
1.048687 0
0.120611 0
0.079089 0
0.507830 0
0.081148 0
0.169138 0
0.288063 0
0.257007 0
0.053902 0
0.121304 0
0.869131 0
0.474431 0
0.042492 0
0.511354 0
0.732402 0
1.371841 0
0.776608 0
0.260714 0
0.035288 0
0.135496 0
1.464443 0
0.380962 0
0.244682 0
0.019166 0
0.281844 0
0.032473 0
0.383059 0
0.153083 0
1.372308 0
0.857210 0
0.886972 0
1.221272 0
0.268853 0
0.482256 0
0.975015 0
0.121754 0
0.903960 0
0.024100 0
0.021021 0
1.434997 0
0.601724 0
1.580300 0
0.153722 0
0.280381 0
0.581253 0
0.423968 0
0.104097 0
0.171802 0
0.148094 0
0.908499 0
0.111772 0
0.248030 0
0.621727 0
0.154073 0
0.058659 0
0.028129 0
0.727214 0
0.438224 0
0.101806 0
0.032712 0
1.128962 0
1.183852 0
0.305314 0
0.084948 0
0.225678 0
1.033390 0
0.293527 0
0.417657 0
1.400814 0
0.050867 0
0.609292 0
1.659665 0
0.671318 0
0.708431 0
0.289800 0
0.482148 0
0.313747 0
0.075300 0
0.496089 0
0.941035 0
1.038874 0
0.040998 0
0.661099 0
0.112798 0
0.342941 0
0.669212 0
1.028654 0
0.371645 0
0.540728 0
0.017603 0
0.148129 0
0.174522 0
0.250911 0
0.449155 0
0.175128 0
0.411434 0
0.057915 0
0.086424 0
0.226003 0
0.382433 0
0.039316 0
0.588089 0
1.399898 0
0.093654 0
0.042653 0
0.645854 0
0.516365 0
0.901285 0
0.060866 0
0.221184 0
0.283171 0
1.392188 0
0.083482 0
0.527701 0
0.512944 0
0.076028 0
0.019414 0
0.312418 0
