0.406979 0
0.815041 0
1.118546 0
0.170254 0
0.169291 0
0.425404 0
0.444862 0
0.079390 0
0.252133 0
0.692344 0
0.195354 0
0.240350 0
1.444308 0
0.331696 0
1.427726 0
0.071107 0
0.031772 0
0.308949 0
1.101292 0
0.073944 0
0.322671 0
0.040587 0
0.226402 0
1.398247 0
1.159743 0
1.661149 0
0.206132 0
1.391696 0
0.795988 0
0.591296 0
0.127604 0
1.033238 0
0.397444 0
0.247928 0
0.050578 0
0.672394 0
0.082553 0
0.012794 0
0.073040 0
0.818890 0
0.074920 0
0.020599 0
0.225807 0
0.297277 0
0.070032 0
0.699966 0
0.183623 0
0.035937 0
1.170897 0
0.455240 0
0.201039 0
0.365065 0
0.840232 0
0.422694 0
0.535495 0
0.046888 0
0.209884 0
0.007668 0
0.031157 0
0.171125 0
0.846559 0
0.180221 0
0.015661 0
0.595861 0
0.387663 0
0.459123 0
0.453258 0
0.731759 0
0.591311 0
0.325976 0
0.086605 0
0.051871 0
0.282992 0
0.167887 0
1.084682 0
0.525165 0
0.590942 0
0.710825 0
0.861333 0
0.375852 0
0.000298 0
0.751866 0
0.000942 0
0.089807 0
2.026049 0
1.438109 0
0.041344 0
0.588378 0
0.376068 0
1.611029 0
1.377488 0
0.157424 0
0.083919 0
1.407354 0
0.980473 0
1.383968 0
1.405163 0
0.050395 0
0.538348 0
0.485534 0
0.559731 0
0.072889 0
1.109172 0
0.172873 0
0.141253 0
0.311273 0
0.369672 0
1.046377 0
0.300881 0
0.604507 0
0.917984 0
0.325398 0
0.068826 0
0.714588 0
0.379185 0
0.666100 0
0.306321 0
0.035802 0
0.281193 0
0.474367 0
0.553494 0
0.606320 0
0.073510 0
0.556947 0
0.150195 0
0.096794 0
0.131946 0
0.354533 0
0.071341 0
0.223114 0
1.457967 0
0.394351 0
0.812539 0
1.127085 0
0.123172 0
0.256204 0
0.342155 0
0.455928 0
0.692778 0
0.890961 0
0.078784 0
0.464886 0
0.567608 0
0.077598 0
0.048122 0
0.232601 0
0.894196 0
0.942855 0
0.216303 0
0.354175 0
0.467043 0
0.932406 0
0.943168 0
0.504851 0
0.085521 0
0.844558 0
0.046083 0
0.467537 0
1.077855 0
0.147778 0
0.785371 0
1.206136 0
0.459627 0
0.052605 0
0.011994 0
0.897522 0
0.133411 0
0.052559 0
0.362137 0
0.267028 0
0.632901 0
1.590344 0
1.449232 0
0.688430 0
0.296004 0
1.042914 0
1.024383 0
0.313837 0
0.081259 0
0.440441 0
0.235163 0
0.729040 0
1.230609 0
0.204792 0
0.924593 0
1.210965 0
1.247494 0
0.086714 0
0.629314 0
0.382256 0
0.314378 0
0.243402 0
0.259328 0
0.251194 0
0.474167 0
0.209702 0
0.045750 0
0.141122 0
0.317867 0
0.755825 0
0.099852 0
0.055535 0
0.058978 0
1.088694 0
0.657550 0
0.229268 0
0.592881 0
0.429843 0
0.250421 0
0.312161 0
1.379937 0
0.340472 0
0.262641 0
0.031643 0
0.318721 0
1.505207 0
1.030339 0
1.348221 0
0.052607 0
0.552082 0
0.881486 0
0.224823 0
0.042661 0
0.529254 0
0.393302 0
0.015663 0
0.277583 0
0.013194 0
0.166071 0
0.126757 0
0.601435 0
0.273209 0
1.287575 0
0.334171 0
0.068115 0
0.171630 0
0.077829 0
0.460838 0
0.440708 0
0.006361 0
0.044629 0
0.183601 0
0.363818 0
0.262837 0
0.468137 0
0.998372 0
0.508592 0
0.850771 0
0.348332 0
0.550810 0
0.592512 0
1.185860 0
0.059303 0
0.000702 0
0.112101 0
0.206135 0
0.102158 0
0.931725 0
0.543573 0
0.071366 0
0.828252 0
0.116761 0
0.222945 0
1.157201 0
0.822067 0
1.713627 0
0.162158 0
0.107261 0
0.829163 0
0.170394 0
0.163530 0
0.216299 0
0.161113 0
1.479165 0
1.338237 0
1.005528 0
1.207065 0
0.029425 0
0.072192 0
0.108030 0
0.206857 0
0.392106 0
0.091615 0
0.524975 0
0.628820 0
0.720234 0
1.050628 0
0.063757 0
1.452907 0
0.317347 0
0.012123 0
0.901888 0
0.332247 0
0.631040 0
0.597276 0
0.413675 0
0.128242 0
0.823058 0
0.097423 0
0.311227 0
0.016199 0
0.533094 0
0.744181 0
0.211863 0
0.274752 0
1.462412 0
0.429240 0
0.441764 0
0.799231 0
1.396885 0
0.226598 0
0.617821 0
0.550474 0
0.041371 0
0.090309 0
0.277867 0
0.173790 0
0.238161 0
0.100143 0
0.052875 0
0.172382 0
0.063186 0
0.284237 0
0.706795 0
0.040416 0
1.248911 0
0.711841 0
0.564860 0
0.307580 0
0.171932 0
0.186548 0
1.478508 0
0.010396 0
0.310263 0
0.117412 0
0.263548 0
0.852362 0
0.193593 0
1.727362 0
0.047152 0
0.938858 0
0.538076 0
0.371817 0
0.489603 0
1.218628 0
0.103238 0
0.076046 0
1.086768 0
0.607927 0
0.257791 0
0.013912 0
0.396353 0
0.391058 0
0.445870 0
0.021971 0
0.342552 0
0.456546 0
0.841134 0
0.124473 0
0.402837 0
0.169531 0
0.181778 0
0.056647 0
0.749621 0
0.403846 0
1.256422 0
0.169224 0
0.232859 0
0.076148 0
0.113022 0
0.192319 0
1.757131 0
0.195989 0
0.066258 0
0.771684 0
0.448736 0
0.087289 0
0.263843 0
0.346910 0
0.258007 0
0.481010 0
0.878250 0
0.139314 0
0.609838 0
0.043592 0
0.144952 0
1.632512 0
0.077892 0
0.172870 0
0.203489 0
0.922938 0
0.394755 0
0.022022 0
0.246783 0
0.083132 0
0.732943 0
0.648865 0
0.264179 0
0.118488 0
1.499940 0
1.105039 0
0.537322 0
1.491150 0
0.184017 0
0.609436 0
0.544185 0
0.029620 0
0.489376 0
0.262015 0
0.284358 0
0.991591 0
0.139713 0
0.057884 0
0.135332 0
1.300873 0
0.076687 0
0.164351 0
0.191102 0
0.299490 0
0.039977 0
0.634754 0
0.654701 0
0.998242 0
0.058833 0
0.259276 0
0.868298 0
0.161527 0
0.305746 0
0.191154 0
0.006335 0
0.082022 0
0.434532 0
0.366478 0
0.811290 0
0.152741 0
1.009531 0
0.668706 0
1.132288 0
0.053241 0
1.426024 0
0.123207 0
1.337834 0
0.225023 0
0.437463 0
0.041736 0
0.632147 0
0.107617 0
0.297030 0
0.101695 0
1.273502 0
0.021108 0
0.153756 0
0.873536 0
1.382520 0
0.512284 0
0.856301 0
0.588052 0
0.311827 0
1.368341 0
0.267489 0
0.127480 0
0.297451 0
0.065849 0
0.320299 0
0.497564 0
0.680596 0
0.701909 0
0.347846 0
0.142948 0
0.127430 0
0.492756 0
0.277027 0
0.280683 0
0.504095 0
1.420880 0
0.092729 0
0.263180 0
0.137855 0
0.213030 0
0.139498 0
0.148655 0
1.073821 0
0.429761 0
0.697156 0
0.021185 0
1.056008 0
0.020911 0
1.372400 0
0.109414 0
1.481302 0
0.154113 0
0.557096 0
1.054229 0
0.835312 0
0.237089 0
0.011138 0
0.020134 0
0.465973 0
0.606631 0
1.388425 0
0.694292 0
0.018030 0
1.552085 0
0.144378 0
0.108419 0
0.447578 0
0.299935 0
0.453927 0
0.239935 0
0.756034 0
0.463718 0
0.028915 0
0.532303 0
0.283072 0
0.237007 0
0.642475 0
0.626046 0
0.352960 0
0.212662 0
0.041795 0
0.593673 0
0.416642 0
0.144295 0
0.330485 0
0.948365 0
0.130393 0
0.611326 0
1.357411 0
0.100423 0
0.977745 0
0.217710 0
0.411824 0
0.101717 0
1.130776 0
0.313118 0
0.110211 0
0.322679 0
0.247527 0
0.317780 0
0.358531 0
0.138680 0
0.937900 0
0.890161 0
0.396751 0
0.011872 0
0.231054 0
0.110124 0
0.409412 0
0.001297 0
0.993790 0
0.522316 0
0.033938 0
0.160608 0
0.629683 0
0.018216 0
0.518049 0
0.943388 0
0.346615 0
0.469028 0
0.840082 0
0.435005 0
0.295428 0
0.372853 0
0.375508 0
0.569980 0
0.532773 0
0.546618 0
0.321873 0
1.223195 0
0.668640 0
0.578293 0
0.034965 0
1.283212 0
0.874871 0
0.218862 0
0.053014 0
1.561155 0
1.297637 0
0.522534 0
0.082131 0
0.076500 0
0.148129 0
0.847088 0
0.059278 0
0.012345 0
0.370555 0
0.129234 0
0.045076 0
0.693433 0
1.936486 0
0.985574 0
0.461342 0
0.892244 0
1.115288 0
0.555357 0
0.018576 0
0.099969 0
0.388640 0
0.252899 0
0.936034 0
0.194237 0
0.058175 0
1.522919 0
0.181738 0
0.215611 0
0.744015 0
0.448625 0
0.087158 0
0.603808 0
0.900208 0
1.426232 0
0.207021 0
1.040988 0
0.808222 0
0.178103 0
0.429245 0
0.751085 0
0.446447 0
0.384139 0
0.019696 0
0.180054 0
0.281417 0
0.976971 0
0.153490 0
0.235824 0
0.884593 0
0.562183 0
0.204639 0
0.086836 0
0.645679 0
0.077564 0
0.782538 0
0.500465 0
0.407805 0
0.193091 0
0.819558 0
0.021706 0
0.351762 0
0.445327 0
1.654883 0
0.156989 0
0.176692 0
1.743920 0
0.222979 0
0.082343 0
0.132785 0
0.250973 0
1.314764 0
0.308962 0
0.107850 0
0.129223 0
0.362796 0
0.172279 0
0.071302 0
0.130465 0
0.593450 0
0.814285 0
0.429155 0
1.388875 0
1.436966 0
0.701979 0
1.534562 0
0.166680 0
1.366689 0
0.405898 0
1.127237 0
0.985016 0
0.312349 0
0.438219 0
0.758365 0
0.230979 0
1.031849 0
0.806780 0
0.589835 0
0.268888 0
0.246203 0
1.363087 0
0.465222 0
1.142557 0
0.388872 0
1.522254 0
0.533366 0
0.313895 0
0.414709 0
0.291108 0
0.565762 0
1.019010 0
0.089685 0
1.223622 0
0.684547 0
0.367990 0
0.529153 0
0.249031 0
1.225745 0
0.651287 0
1.705077 0
0.110125 0
0.084751 0
0.204839 0
0.312189 0
0.100180 0
0.199802 0
0.013695 0
0.821293 0
0.038761 0
0.078415 0
0.013839 0
0.228915 0
0.537006 0
0.014490 0
0.748575 0
0.048749 0
0.129858 0
0.263967 0
0.506323 0
0.820207 0
0.249104 0
0.858714 0
0.128551 0
0.471911 0
1.511750 0
0.502910 0
0.439433 0
0.268672 0
0.512464 0
0.320114 0
0.007097 0
0.284685 0
0.341447 0
0.148857 0
0.105848 0
1.191674 0
0.750180 0
0.750472 0
0.077879 0
0.528396 0
0.496998 0
1.869310 0
0.411355 0
0.154824 0
0.769964 0
0.437929 0
0.241511 0
1.379276 0
0.941041 0
0.171612 0
0.274651 0
0.247077 0
0.311316 0
0.356762 0
0.350605 0
0.221560 0
0.145884 0
0.129546 0
0.163818 0
0.316410 0
0.362381 0
0.235256 0
0.365574 0
0.369646 0
0.760438 0
0.306377 0
0.771405 0
0.478123 0
1.489622 0
0.209523 0
0.927681 0
0.063989 0
0.599915 0
0.264980 0
0.117757 0
1.359118 0
0.072841 0
0.357254 0
0.842385 0
0.110658 0
0.204311 0
0.504972 0
1.794857 0
0.051429 0
0.865062 0
0.395098 0
0.406030 0
0.388273 0
0.109999 0
0.102845 0
0.453118 0
0.851391 0
0.234291 0
0.426954 0
0.123599 0
1.087905 0
0.272821 0
0.918147 0
0.146779 0
0.117504 0
0.457157 0
0.542076 0
0.690510 0
0.144487 0
0.589075 0
0.306674 0
1.001367 0
0.371956 0
0.884096 0
1.223319 0
0.011745 0
1.169559 0
0.606353 0
1.304803 0
1.118366 0
0.207961 0
0.085286 0
0.051864 0
0.357891 0
0.481686 0
0.646493 0
0.172490 0
0.248646 0
0.320386 0
0.417511 0
1.441145 0
0.016365 0
0.190185 0
0.380672 0
0.504823 0
0.102044 0
0.037909 0
0.217609 0
0.116448 0
0.104729 0
0.043771 0
1.228764 0
0.169148 0
0.725690 0
0.364298 0
0.091654 0
0.620880 0
1.459177 0
0.362457 0
0.608326 0
0.952974 0
0.073873 0
0.226418 0
0.782161 0
0.321798 0
0.686279 0
0.123991 0
0.400901 0
0.328331 0
0.520572 0
0.551036 0
0.739356 0
0.402470 0
1.846485 0
0.038227 0
0.042167 0
0.486265 0
0.101846 0
0.022062 0
0.262060 0
1.416444 0
1.166130 0
0.270014 0
0.073470 0
0.544195 0
1.150037 0
0.145834 0
0.594700 0
0.140892 0
0.373556 0
0.736842 0
0.216941 0
0.094932 0
0.295855 0
0.834939 0
0.029669 0
0.070094 0
0.247441 0
0.545926 0
0.862945 0
0.396019 0
0.132778 0
0.055249 0
1.516677 0
0.373909 0
0.932067 0
1.564308 0
0.081292 0
0.975917 0
0.150852 0
0.148664 0
0.010467 0
0.915402 0
0.895004 0
0.131377 0
0.705605 0
1.369215 0
0.712694 0
0.398510 0
0.380732 0
0.558563 0
0.432449 0
0.050113 0
0.238549 0
0.938201 0
0.217812 0
0.303611 0
0.045626 0
0.233630 0
0.197609 0
0.210885 0
0.364972 0
0.213101 0
0.090921 0
0.080106 0
0.149205 0
0.230656 0
0.046289 0
0.362096 0
0.176539 0
0.057011 0
0.660249 0
0.495918 0
0.677296 0
0.944626 0
0.617598 0
0.079409 0
0.796026 0
0.505601 0
0.231722 0
0.537632 0
0.245983 0
0.030642 0
0.207265 0
0.863982 0
0.059475 0
0.486400 0
0.103895 0
0.016480 0
0.492557 0
0.429422 0
0.946912 0
0.534386 0
0.564635 0
0.070567 0
0.088463 0
1.029623 0
1.070287 0
0.122809 0
0.294408 0
0.078340 0
1.169510 0
0.456116 0
0.722353 0
0.133954 0
0.639553 0
0.215006 0
0.557231 0
0.398008 0
1.088634 0
0.237994 0
1.110416 0
0.774963 0
0.319447 0
0.194179 0
1.419678 0
0.101541 0
0.690570 0
0.596329 0
0.961397 0
0.756073 0
0.399367 0
0.692172 0
0.858665 0
0.407363 0
0.076989 0
0.317308 0
1.461724 0
1.278806 0
0.082557 0
0.142642 0
0.899767 0
0.464525 0
0.338881 0
0.285638 0
0.181518 0
0.273747 0
0.504917 0
0.115600 0
0.800026 0
0.290444 0
0.295253 0
0.224759 0
0.025393 0
0.500537 0
0.037196 0
0.142752 0
0.344144 0
0.594965 0
0.189929 0
0.984742 0
0.083931 0
0.508295 0
1.089660 0
1.008744 0
0.963100 0
0.569527 0
0.138208 0
1.161092 0
0.986958 0
1.163976 0
0.038677 0
0.927330 0
0.535496 0
0.426187 0
0.181744 0
1.112230 0
0.332994 0
0.818756 0
0.606878 0
0.977588 0
0.144024 0
0.196864 0
0.445602 0
0.110914 0
0.197317 0
1.507197 0
0.186894 0
0.374417 0
0.174425 0
0.754776 0
0.568509 0
0.103268 0
0.290617 0
1.094765 0
1.482241 0
0.550256 0
0.383036 0
0.278203 0
0.013323 0
0.098269 0
0.506353 0
0.417479 0
0.332742 0
0.631040 0
0.262024 0
0.079734 0
0.333387 0
0.156923 0
0.296730 0
0.099046 0
0.257381 0
1.221648 0
0.254376 0
0.272591 0
0.039061 0
0.068441 0
0.036043 0
1.239150 0
0.406899 0
0.146774 0
0.014797 0
0.932744 0
0.031536 0
0.060616 0
1.008497 0
0.017032 0
0.036263 0
0.392491 0
0.011994 0
1.627024 0
0.134956 0
0.555050 0
0.193333 0
0.093889 0
0.039908 0
0.799628 0
0.167763 0
1.727102 0
0.184492 0
0.032915 0
0.735260 0
1.277867 0
0.096209 0
1.464806 0
0.772542 0
0.143817 0
0.074207 0
0.006977 0
0.643598 0
0.668069 0
0.604516 0
0.122471 0
0.191245 0
0.395706 0
0.405823 0
0.660496 0
1.433459 0
0.688768 0
0.180486 0
0.470607 0
1.561659 0
0.792700 0
0.095195 0
0.086510 0
0.206429 0
1.201749 0
0.471862 0
0.115479 0
1.527862 0
0.224055 0
1.336053 0
0.027682 0
1.222239 0
0.801056 0
1.089638 0
1.092237 0
0.178998 0
0.172982 0
0.297826 0
0.987675 0
0.539110 0
0.612199 0
0.037113 0
0.551447 0
0.389080 0
0.416424 0
0.294360 0
0.772700 0
0.627438 0
0.492876 0
0.371850 0
0.021047 0
0.165917 0
0.336607 0
0.081413 0
0.050534 0
0.103430 0
0.413357 0
0.313461 0
0.059457 0
0.101277 0
0.751236 0
1.505256 0
0.024247 0
0.188575 0
0.418108 0
0.116966 0
0.487912 0
0.111798 0
0.556477 0
1.143541 0
0.044079 0
0.330900 0
0.023079 0
0.148663 0
0.226014 0
0.226838 0
0.062990 0
0.267362 0
0.191657 0
0.650150 0
0.058964 0
0.091138 0
0.883553 0
0.924309 0
0.728235 0
0.226335 0
1.256968 0
0.543919 0
0.020226 0
1.114578 0
0.282911 0
0.174051 0
0.753492 0
0.038360 0
0.097070 0
0.228315 0
1.609551 0
0.269011 0
0.261562 0
0.068246 0
0.439687 0
0.248740 0
0.508161 0
0.481207 0
0.581063 0
0.661376 0
0.381815 0
0.186896 0
0.099371 0
0.187650 0
0.042700 0
0.021014 0
0.360612 0
0.323478 0
1.392199 0
0.177436 0
0.328284 0
0.071604 0
1.643752 0
1.048076 0
0.679912 0
0.028568 0
0.477700 0
0.071600 0
0.194465 0
0.010889 0
0.471823 0
0.537112 0
0.163172 0
0.496884 0
0.181192 0
0.408337 0
0.034458 0
0.295742 0
0.230034 0
0.008085 0
0.939736 0
0.140330 0
0.369937 0
0.299309 0
0.262207 0
0.162927 0
0.033471 0
0.251688 0
0.538483 0
0.460908 0
0.103216 0
0.141034 0
0.066678 0
0.160906 0
0.268721 0
0.232142 0
0.736908 0
0.282514 0
0.450308 0
0.264348 0
0.130319 0
0.123650 0
1.439766 0
0.137999 0
0.140204 0
0.108164 0
0.968464 0
0.826843 0
0.243158 0
1.155129 0
0.902849 0
0.103996 0
0.066422 0
0.334802 0
0.322063 0
0.193199 0
0.318910 0
0.736165 0
0.642751 0
1.276548 0
0.771949 0
0.751632 0
1.025518 0
0.309594 0
0.637553 0
0.056507 0
0.673600 0
0.583494 0
0.094635 0
0.105790 0
1.154414 0
0.577118 0
0.132100 0
0.192349 0
0.201510 0
1.009971 0
0.575965 0
0.493627 0
0.866697 0
0.687383 0
1.158146 0
0.340844 0
0.897142 0
0.466621 0
1.007775 0
0.268577 0
0.094861 0
0.043744 0
0.839447 0
0.344950 0
0.082786 0
0.703349 0
0.477124 0
0.261050 0
0.853408 0
0.201089 0
0.507719 0
0.525462 0
0.854478 0
0.668039 0
0.518601 0
0.154412 0
0.312894 0
1.443975 0
0.742965 0
0.468014 0
0.581387 0
0.017768 0
0.969928 0
0.027414 0
0.628201 0
0.604511 0
0.890339 0
0.499838 0
0.250218 0
0.435219 0
0.042260 0
0.058569 0
0.813268 0
1.229877 0
0.070802 0
0.322675 0
0.152220 0
0.287402 0
0.208462 0
0.264502 0
0.118328 0
0.637646 0
1.288137 0
0.643858 0
1.457631 0
0.440411 0
0.487832 0
0.303626 0
0.222501 0
0.021462 0
0.024673 0
0.003663 0
0.320123 0
1.296549 0
0.118610 0
0.301224 0
1.513891 0
0.204204 0
0.512578 0
0.556189 0
1.331130 0
0.281811 0
0.057375 0
0.108527 0
0.739516 0
0.416745 0
0.431835 0
0.483358 0
0.050712 0
0.281699 0
0.869710 0
0.087184 0
0.195635 0
0.325815 0
1.243407 0
0.832848 0
0.997169 0
1.445227 0
0.896528 0
0.091392 0
0.246871 0
0.149660 0
0.400090 0
0.106184 0
0.354627 0
1.818147 0
1.797373 0
0.557305 0
0.070484 0
1.482958 0
0.749129 0
0.200141 0
0.182748 0
0.651924 0
0.418352 0
1.125377 0
0.631054 0
0.103712 0
1.423102 0
0.132132 0
0.018737 0
1.138034 0
0.468012 0
0.622930 0
0.063086 0
0.116097 0
0.338932 0
1.229748 0
0.603734 0
0.369358 0
1.587118 0
0.079364 0
0.702933 0
0.005311 0
0.040718 0
0.250391 0
0.222025 0
0.376066 0
0.563176 0
0.373995 0
0.430415 0
0.196393 0
0.581070 0
0.174584 0
0.793218 0
0.319611 0
0.660612 0
0.100067 0
0.345165 0
0.121545 0
0.557447 0
0.449524 0
1.902614 0
0.922865 0
0.181634 0
0.406246 0
0.045880 0
0.752205 0
0.966567 0
0.731113 0
0.416942 0
0.051536 0
0.089077 0
0.044863 0
0.166840 0
0.540049 0
0.140297 0
0.150150 0
0.300101 0
0.623283 0
0.060106 0
0.939968 0
1.391011 0
1.216235 0
0.496698 0
0.176471 0
1.060110 0
0.537493 0
0.576935 0
0.218500 0
0.538236 0
0.344978 0
0.654983 0
0.364578 0
0.448694 0
0.083049 0
0.708879 0
0.245229 0
0.418177 0
0.397155 0
1.039602 0
0.306303 0
0.299403 0
0.718399 0
0.235100 0
0.316510 0
0.018609 0
0.613308 0
0.169591 0
1.068994 0
0.615508 0
0.088882 0
0.579163 0
1.140171 0
1.100141 0
0.165815 0
1.591493 0
0.439952 0
0.842431 0
1.825524 0
0.250275 0
0.324923 0
0.104652 0
0.105732 0
0.575395 0
0.071823 0
0.500723 0
0.449004 0
0.044843 0
0.135479 0
0.671302 0
0.468470 0
0.469804 0
0.180225 0
0.358820 0
0.064010 0
1.652090 0
0.390368 0
0.480534 0
0.350673 0
0.113999 0
0.276905 0
1.067765 0
0.669804 0
0.393216 0
0.548992 0
0.179146 0
0.101837 0
0.488703 0
0.730825 0
0.079617 0
0.772131 0
0.238237 0
0.041429 0
0.359384 0
0.658772 0
0.944872 0
0.032661 0
0.764389 0
0.008197 0
0.087007 0
0.315530 0
0.499924 0
0.246871 0
0.055056 0
0.658287 0
0.673682 0
0.965803 0
0.309097 0
0.427513 0
0.756037 0
1.272892 0
0.235364 0
0.165275 0
0.530766 0
0.155243 0
0.944080 0
1.599015 0
1.382300 0
0.028929 0
0.549921 0
0.231166 0
0.745799 0
0.093918 0
0.013859 0
1.065875 0
0.022685 0
0.242811 0
0.380765 0
0.275763 0
0.348464 0
0.090392 0
0.963236 0
0.222777 0
1.314238 0
0.247834 0
0.729116 0
0.640086 0
0.445691 0
0.402285 0
1.259070 0
0.439239 0
0.726772 0
1.139142 0
0.401818 0
0.052152 0
0.497783 0
1.294952 0
0.325748 0
0.561186 0
0.261572 0
0.587987 0
0.155265 0
0.539188 0
0.791312 0
0.192424 0
0.144269 0
0.082783 0
0.083482 0
0.229852 0
0.023107 0
0.839223 0
1.377300 0
0.074615 0
0.050372 0
0.106672 0
0.688290 0
0.058321 0
0.456570 0
0.599724 0
0.039839 0
0.284485 0
0.202102 0
0.168483 0
0.406248 0
1.243317 0
0.403342 0
0.207168 0
0.511781 0
0.835066 0
0.180216 0
1.077168 0
0.361447 0
0.445152 0
0.918409 0
0.031072 0
0.242096 0
1.848794 0
0.418877 0
0.362132 0
0.269618 0
0.871728 0
0.560239 0
0.735300 0
0.615605 0
0.728394 0
0.895971 0
0.402594 0
0.263301 0
0.801779 0
0.353301 0
0.098454 0
0.328206 0
1.179820 0
1.204468 0
1.772898 0
1.657351 0
0.229978 0
0.190768 0
0.021961 0
0.251926 0
0.089350 0
0.337541 0
0.551850 0
0.065821 0
0.068723 0
0.722597 0
0.654823 0
1.054162 0
0.428042 0
1.251113 0
0.500988 0
0.790577 0
0.240891 0
0.534738 0
0.442236 0
1.337786 0
0.267182 0
0.760177 0
0.467786 0
0.189458 0
0.504864 0
0.221945 0
0.940051 0
0.817636 0
0.863886 0
0.116649 0
1.195322 0
0.277810 0
0.196892 0
0.447969 0
0.415285 0
0.085452 0
0.594192 0
0.856545 0
0.657756 0
0.162687 0
0.229673 0
0.317281 0
0.554987 0
0.912646 0
0.114737 0
1.523432 0
0.252658 0
0.963948 0
0.123762 0
0.069867 0
0.381891 0
0.067658 0
0.462705 0
0.273492 0
0.010582 0
0.861856 0
0.130279 0
0.035406 0
1.224558 0
0.160511 0
1.294697 0
0.462892 0
0.339826 0
1.436481 0
0.266077 0
0.011747 0
0.088443 0
0.123297 0
0.136045 0
0.082611 0
0.116714 0
0.951709 0
0.142474 0
0.175629 0
0.368181 0
0.480166 0
0.431445 0
0.043919 0
0.149946 0
0.602269 0
0.288686 0
0.205839 0
0.152604 0
0.558426 0
0.161026 0
0.015076 0
0.518811 0
1.255599 0
1.863290 0
0.327018 0
0.031752 0
0.335729 0
0.216970 0
0.097248 0
0.107097 0
0.226981 0
0.456745 0
0.250609 0
1.364541 0
0.384206 0
1.694538 0
0.042490 0
0.342362 0
0.845446 0
0.075120 0
0.026057 0
0.101746 0
0.136462 0
1.602093 0
0.955146 0
1.863830 0
0.478904 0
0.185694 0
0.122299 0
0.269807 0
0.876982 0
0.366236 0
0.183692 0
0.080201 0
0.176024 0
0.454212 0
0.791180 0
0.440102 0
0.399780 0
0.310338 0
0.091211 0
0.512762 0
0.390990 0
0.138737 0
0.604165 0
0.401799 0
0.586469 0
0.492517 0
0.137015 0
0.064733 0
0.179791 0
0.456243 0
0.315811 0
0.621911 0
0.131138 0
0.464107 0
0.149972 0
0.381055 0
0.384496 0
0.725250 0
1.392457 0
0.436522 0
1.064518 0
0.133681 0
0.034335 0
0.015143 0
0.338586 0
0.694885 0
0.204988 0
0.288080 0
0.328682 0
0.209303 0
0.847119 0
0.073282 0
0.526624 0
0.182965 0
0.335948 0
0.057238 0
0.310073 0
0.469245 0
1.306090 0
0.023065 0
0.557790 0
0.678293 0
0.262415 0
0.437924 0
0.258891 0
0.202570 0
0.267508 0
0.567738 0
1.435197 0
0.100115 0
0.479110 0
0.178827 0
0.172964 0
1.595276 0
0.026926 0
1.545332 0
0.156659 0
0.190482 0
1.455531 0
0.005128 0
0.362652 0
0.522179 0
1.146909 0
0.021155 0
0.474972 0
0.919704 0
0.321943 0
0.081458 0
0.786503 0
0.049316 0
0.816901 0
0.206650 0
0.303700 0
0.258128 0
0.836060 0
1.339100 0
0.763291 0
2.018444 0
1.290651 0
0.514614 0
0.442713 0
0.245060 0
1.504901 0
0.230766 0
0.043166 0
0.419256 0
0.552123 0
0.832019 0
0.738912 0
0.041844 0
0.554028 0
0.712194 0
0.088779 0
0.276520 0
0.131107 0
1.105630 0
0.480371 0
0.745887 0
0.074788 0
0.230430 0
0.355002 0
0.229273 0
0.635759 0
0.218190 0
0.600132 0
0.047549 0
0.059220 0
1.572874 0
0.348865 0
0.208497 0
0.267347 0
0.024866 0
0.345342 0
0.091696 0
0.050176 0
0.284927 0
0.512223 0
0.591734 0
0.219902 0
0.599954 0
0.130079 0
1.652717 0
0.416413 0
0.321265 0
0.475353 0
0.067832 0
1.019707 0
0.169306 0
0.105442 0
0.117818 0
1.695468 0
0.066536 0
0.041145 0
0.785133 0
0.163778 0
0.165719 0
0.199857 0
0.130909 0
0.545086 0
0.008316 0
0.672180 0
0.539101 0
0.537449 0
0.138744 0
1.669716 0
0.347903 0
0.433894 0
0.091927 0
0.417724 0
0.197873 0
0.006449 0
1.136786 0
0.048610 0
0.108983 0
0.164379 0
0.090590 0
0.072238 0
0.790154 0
0.116153 0
0.099145 0
0.209011 0
0.758135 0
0.064646 0
0.143936 0
0.083155 0
0.100503 0
0.276434 0
0.235063 0
0.671287 0
0.354225 0
0.261957 0
0.110382 0
0.213787 0
0.144249 0
0.049285 0
0.765693 0
1.019466 0
0.631992 0
0.235116 0
0.432140 0
0.631591 0
0.411982 0
0.171568 0
1.092590 0
0.836869 0
0.163254 0
1.031779 0
1.427072 0
1.450387 0
0.269467 0
0.076969 0
0.722222 0
0.880313 0
0.266289 0
0.740116 0
1.201177 0
0.410577 0
0.545188 0
0.077262 0
0.475349 0
0.431509 0
0.219791 0
0.166607 0
0.932506 0
0.277361 0
0.703803 0
0.737757 0
0.346257 0
0.247226 0
0.173385 0
1.441640 0
0.492784 0
0.015208 0
0.359540 0
0.164255 0
0.493090 0
0.374487 0
0.086278 0
0.656190 0
1.381825 0
0.015277 0
0.224013 0
0.110611 0
0.628116 0
0.615813 0
0.608437 0
0.202125 0
0.171340 0
0.156130 0
0.230523 0
0.310982 0
1.495507 0
0.693303 0
0.131310 0
0.074191 0
0.050793 0
0.389246 0
0.706320 0
0.552946 0
0.635228 0
0.043724 0
0.764951 0
0.204242 0
1.175518 0
0.172044 0
0.134092 0
0.019664 0
0.627563 0
0.353792 0
0.964351 0
0.573015 0
0.287808 0
0.148501 0
0.045951 0
0.889824 0
0.374413 0
0.032666 0
0.717503 0
0.203063 0
0.559470 0
0.262304 0
0.952912 0
0.827351 0
0.587512 0
0.668181 0
0.296771 0
0.112049 0
0.456388 0
1.497295 0
1.144841 0
0.426889 0
0.537279 0
0.150193 0
0.093951 0
1.424654 0
0.290069 0
0.029445 0
0.811213 0
0.110530 0
0.411445 0
0.680134 0
0.564643 0
0.035958 0
0.095939 0
1.648216 0
0.020835 0
0.229634 0
0.167764 0
0.227513 0
1.262529 0
0.081773 0
1.446625 0
0.010991 0
0.347787 0
0.745893 0
0.566429 0
1.424733 0
0.043265 0
1.410850 0
0.036870 0
0.108078 0
0.239974 0
0.747675 0
0.046473 0
0.835752 0
0.302071 0
0.585651 0
0.358425 0
0.093284 0
0.402916 0
0.130174 0
1.499071 0
0.239845 0
1.303173 0
0.330524 0
0.126483 0
1.523084 0
0.584272 0
0.191649 0
0.772314 0
0.655557 0
0.436085 0
0.087389 0
0.197587 0
0.037043 0
0.336271 0
0.463956 0
1.249856 0
0.531915 0
0.094589 0
0.062734 0
0.741462 0
0.203617 0
0.538647 0
0.748861 0
0.870990 0
0.024287 0
0.010843 0
0.209553 0
0.082377 0
1.391686 0
0.089593 0
0.276492 0
0.002326 0
0.040930 0
0.446965 0
0.206175 0
0.816747 0
0.977510 0
0.586771 0
0.886121 0
1.344574 0
0.154971 0
0.072186 0
0.119481 0
0.103518 0
0.689242 0
0.087395 0
0.314560 0
0.311371 0
0.402623 0
0.646899 0
0.531084 0
0.094156 0
0.124570 0
0.070218 0
1.079019 0
0.089988 0
0.165607 0
0.297153 0
0.748026 0
0.559308 0
0.037476 0
0.943506 0
0.682838 0
0.185189 0
0.523776 0
0.188308 0
0.659703 0
0.067218 0
0.088217 0
0.031951 0
0.059095 0
0.732052 0
0.206470 0
0.390866 0
1.221457 0
0.067420 0
0.084979 0
1.109877 0
0.916591 0
0.970126 0
0.480150 0
0.055170 0
0.168040 0
0.289528 0
1.034536 0
0.050060 0
0.120146 0
1.560984 0
0.369228 0
1.291878 0
0.007835 0
0.044984 0
0.929993 0
0.069692 0
0.763729 0
0.634876 0
0.253386 0
0.040357 0
0.292190 0
0.003095 0
1.231515 0
0.360272 0
0.149819 0
0.383517 0
0.499168 0
0.264891 0
0.365275 0
0.520201 0
0.483718 0
1.123794 0
1.453555 0
0.068358 0
0.612184 0
0.480358 0
0.235027 0
0.550687 0
0.225830 0
0.719594 0
0.038365 0
0.718001 0
0.201895 0
0.030659 0
0.577958 0
1.045760 0
0.093019 0
1.257668 0
0.498975 0
0.559263 0
0.691988 0
0.574031 0
1.230879 0
0.438314 0
0.074460 0
0.863889 0
0.318944 0
0.050336 0
0.533391 0
0.192731 0
0.821203 0
0.495258 0
1.306677 0
0.130993 0
0.051601 0
0.316249 0
0.034656 0
0.777028 0
0.041520 0
0.123204 0
0.068039 0
1.015630 0
1.436961 0
0.539992 0
0.220764 0
1.410658 0
0.069052 0
0.251733 0
0.174592 0
0.311267 0
1.385511 0
0.109467 0
0.119205 0
0.477824 0
1.236808 0
0.510182 0
0.251255 0
0.434129 0
1.078734 0
0.091139 0
0.102582 0
0.227308 0
1.647199 0
0.456736 0
0.525584 0
0.149443 0
0.269222 0
0.061859 0
0.778225 0
0.550815 0
0.028767 0
0.145358 0
0.629361 0
0.288830 0
0.038917 0
0.066884 0
0.409453 0
0.094633 0
0.185845 0
1.080357 0
0.461965 0
0.051819 0
1.218853 0
0.262720 0
0.126037 0
0.973048 0
0.390130 0
1.359335 0
0.077701 0
0.112394 0
0.518796 0
0.461306 0
0.053369 0
0.013747 0
1.079502 0
0.819824 0
1.362436 0
1.399798 0
0.940081 0
0.734883 0
0.055981 0
0.695846 0
0.136680 0
0.276267 0
0.276737 0
0.254570 0
0.131387 0
0.087323 0
0.410859 0
0.521596 0
0.458568 0
0.556060 0
0.138774 0
0.484065 0
1.110091 0
0.852956 0
0.861895 0
0.250603 0
0.074233 0
0.998055 0
0.769849 0
0.705346 0
0.336375 0
0.129161 0
0.299188 0
0.728508 0
0.330110 0
0.062988 0
1.167288 0
0.093765 0
0.413943 0
0.714443 0
0.414906 0
0.168367 0
0.173663 0
1.098414 0
1.256314 0
0.299442 0
0.509709 0
0.608071 0
0.827906 0
0.543389 0
0.016192 0
1.723495 0
0.179235 0
1.187279 0
0.544565 0
0.073725 0
0.133246 0
0.664173 0
0.266454 0
0.284831 0
0.365171 0
0.025820 0
0.584056 0
1.315344 0
0.231911 0
0.365272 0
0.219459 0
0.131003 0
0.568434 0
0.025922 0
0.677648 0
0.963677 0
1.794713 0
0.003810 0
0.591838 0
0.632176 0
1.955641 0
0.301984 0
0.308107 0
0.143717 0
0.043932 0
0.301877 0
1.370138 0
0.148263 0
0.531363 0
0.698220 0
0.634278 0
0.034039 0
0.709890 0
0.073057 0
0.613440 0
0.104540 0
0.108123 0
0.446895 0
0.222360 0
0.053885 0
0.365190 0
0.845657 0
0.539091 0
0.172255 0
0.931045 0
0.406365 0
0.478426 0
0.113127 0
0.476053 0
0.296232 0
1.631816 0
0.276919 0
0.328503 0
0.641171 0
0.324562 0
0.099601 0
0.483465 0
0.228962 0
0.505758 0
0.785511 0
0.568950 0
0.086571 0
1.181864 0
1.265334 0
0.848152 0
0.523388 0
0.948419 0
0.034690 0
0.650675 0
0.324429 0
0.543024 0
0.673497 0
0.440217 0
0.747667 0
0.981512 0
0.042573 0
0.014209 0
0.453354 0
0.523662 0
0.020581 0
0.063000 0
1.315640 0
0.848947 0
0.212943 0
0.917836 0
0.089881 0
1.389782 0
0.190120 0
0.126514 0
0.225713 0
0.304116 0
0.746102 0
0.271877 0
0.267102 0
0.718422 0
1.100808 0
0.574134 0
0.071317 0
1.586478 0
0.122455 0
0.823025 0
0.066293 0
1.082771 0
1.439370 0
0.256329 0
0.371990 0
0.007627 0
0.312836 0
0.894843 0
0.233013 0
1.212068 0
0.997140 0
1.030121 0
0.145228 0
0.398606 0
0.140307 0
0.525664 0
1.413937 0
0.778197 0
0.768090 0
0.132370 0
1.177904 0
0.173511 0
0.705089 0
0.136833 0
1.464334 0
0.570898 0
0.182977 0
0.938151 0
0.585910 0
0.784920 0
0.214232 0
0.431921 0
0.514733 0
0.317365 0
0.142197 0
0.282101 0
0.028219 0
0.076324 0
1.551295 0
0.194330 0
0.171383 0
0.579148 0
0.795292 0
0.928938 0
1.003150 0
0.553303 0
0.405959 0
0.114676 0
0.160505 0
0.274867 0
0.742373 0
0.169117 0
0.169208 0
0.381357 0
0.463892 0
0.274784 0
0.067764 0
0.305981 0
0.461914 0
0.463687 0
0.303688 0
0.391989 0
0.594739 0
1.633496 0
0.099366 0
0.552009 0
0.814896 0
0.161079 0
0.453281 0
0.565843 0
0.908258 0
0.256049 0
0.049715 0
0.341936 0
0.409312 0
0.047348 0
0.158042 0
0.902936 0
0.446382 0
1.048047 0
0.027294 0
0.242633 0
0.139223 0
1.551063 0
0.727812 0
0.035557 0
0.070139 0
0.586586 0
0.465194 0
0.049216 0
0.597888 0
0.475010 0
0.067007 0
0.251248 0
0.193082 0
1.309481 0
0.248641 0
0.635725 0
0.579093 0
0.791374 0
1.366585 0
2.178325 0
0.069175 0
1.056659 0
1.727874 0
0.698844 0
0.563090 0
0.373218 0
0.973871 0
1.008637 0
0.103125 0
0.609382 0
0.271494 0
0.351128 0
0.535920 0
0.004756 0
1.369050 0
1.128583 0
0.040501 0
0.425587 0
1.448111 0
0.269649 0
0.236070 0
0.539160 0
0.458928 0
1.519464 0
0.254902 0
0.345148 0
0.445913 0
0.034824 0
0.929890 0
0.757476 0
0.040771 0
1.477396 0
0.662600 0
0.360237 0
0.028526 0
0.255258 0
1.713512 0
1.600839 0
0.083550 0
0.640662 0
0.118468 0
1.202449 0
0.010940 0
1.848883 0
0.561389 0
0.900803 0
0.103632 0
0.098415 0
0.404224 0
0.471334 0
0.109593 0
0.583093 0
0.240876 0
0.264077 0
0.113366 0
0.384313 0
1.813481 0
0.237671 0
0.269585 0
0.031439 0
0.693293 0
0.126900 0
0.104185 0
0.076197 0
0.661770 0
0.329154 0
1.127824 0
0.187604 0
0.485537 0
0.401786 0
0.153600 0
0.067024 0
1.242876 0
0.446343 0
0.197918 0
0.471254 0
0.061608 0
0.760843 0
0.159194 0
0.182592 0
0.058482 0
0.747261 0
0.103500 0
0.252452 0
0.656441 0
0.538752 0
0.227629 0
0.029277 0
0.076220 0
0.013092 0
0.570264 0
0.243169 0
1.385359 0
0.887221 0
0.039634 0
0.310779 0
0.008810 0
0.244802 0
0.687420 0
0.070153 0
0.457152 0
0.605472 0
0.440096 0
0.005673 0
1.370852 0
0.636723 0
0.271411 0
1.299459 0
0.425811 0
0.484507 0
0.050897 0
0.195205 0
0.222229 0
0.235388 0
0.006668 0
0.405012 0
0.019611 0
1.420434 0
0.859729 0
0.026356 0
0.051743 0
0.216861 0
0.625156 0
0.357707 0
0.196020 0
0.156443 0
0.066260 0
0.578394 0
0.291032 0
0.571947 0
0.295243 0
0.370777 0
1.488310 0
0.211208 0
0.307888 0
0.631090 0
0.709605 0
0.127329 0
0.045119 0
0.256465 0
0.097537 0
0.372390 0
1.112702 0
0.321945 0
0.152602 0
0.131157 0
0.349137 0
0.461981 0
0.522248 0
0.221616 0
0.486803 0
0.068343 0
0.749242 0
0.177170 0
0.466966 0
1.143751 0
1.427482 0
0.208520 0
0.087657 0
0.696487 0
1.584129 0
0.582616 0
0.513948 0
0.289093 0
0.033221 0
0.314151 0
0.611280 0
1.051910 0
0.310666 0
0.895523 0
0.127679 0
0.366071 0
0.389637 0
0.220898 0
0.071082 0
0.206748 0
0.118064 0
0.563759 0
0.436944 0
0.036490 0
0.911303 0
0.368004 0
0.109860 0
0.575541 0
0.173428 0
0.048180 0
1.525997 0
0.588504 0
0.385542 0
0.349449 0
0.847688 0
0.985273 0
0.526549 0
0.588755 0
0.231999 0
0.345316 0
0.858854 0
0.178348 0
0.688170 0
0.218917 0
0.341525 0
0.922679 0
0.192920 0
1.478294 0
0.095010 0
0.033487 0
0.740560 0
0.023970 0
0.072103 0
0.227920 0
0.699048 0
0.033790 0
0.466665 0
0.339821 0
0.409641 0
0.001981 0
0.041096 0
1.121462 0
1.138691 0
0.006039 0
0.352293 0
0.170286 0
0.209577 0
1.017796 0
0.206217 0
0.323362 0
0.651960 0
0.600479 0
0.097472 0
0.842650 0
0.260623 0
0.775581 0
0.692976 0
0.141970 0
0.147734 0
0.171310 0
0.750367 0
0.301811 0
0.091352 0
0.965859 0
0.930286 0
0.052436 0
0.698785 0
0.489753 0
1.031619 0
0.394172 0
0.776813 0
0.234376 0
1.394452 0
0.057355 0
0.487883 0
0.030124 0
0.238670 0
0.243081 0
0.474086 0
0.038528 0
0.469168 0
0.109895 0
0.172578 0
1.162562 0
0.089785 0
0.106344 0
0.041321 0
0.449513 0
1.508407 0
0.582026 0
1.113266 0
0.390320 0
0.118822 0
0.664624 0
1.106881 0
0.520047 0
1.489603 0
0.206489 0
0.669550 0
0.124395 0
0.149554 0
0.038887 0
1.417436 0
0.060199 0
0.016383 0
0.141583 0
0.042701 0
0.106956 0
1.333921 0
1.584186 0
0.544644 0
0.293488 0
0.123841 0
1.214247 0
1.188584 0
0.881894 0
2.141325 0
0.506753 0
0.582486 0
1.786332 0
0.019888 0
0.281289 0
0.080142 0
0.210970 0
0.315996 0
0.716713 0
0.568017 0
0.152295 0
0.652701 0
0.805298 0
0.083990 0
0.450838 0
0.031823 0
0.377048 0
0.052116 0
0.138917 0
0.867977 0
0.022977 0
0.037021 0
0.729793 0
0.380820 0
0.331617 0
0.197841 0
0.119700 0
1.463699 0
0.493180 0
0.336317 0
0.090204 0
1.158093 0
1.513478 0
0.529456 0
0.458953 0
0.851296 0
1.376887 0
0.268028 0
0.111493 0
0.412229 0
0.743618 0
1.010774 0
1.238803 0
0.047153 0
0.253068 0
0.289982 0
0.127358 0
0.171007 0
0.034633 0
0.065627 0
1.456508 0
0.394479 0
0.539017 0
0.090329 0
0.531202 0
1.376999 0
0.386734 0
0.628670 0
0.117743 0
1.277808 0
0.166448 0
0.120413 0
0.696135 0
0.168826 0
0.578015 0
0.436628 0
0.015888 0
0.787065 0
0.086951 0
0.889811 0
0.293137 0
0.027876 0
0.317593 0
1.422578 0
0.528770 0
0.194999 0
0.328763 0
0.085319 0
0.292281 0
0.257494 0
0.116399 0
0.135371 0
0.268830 0
0.116922 0
0.505633 0
0.177503 0
0.679166 0
0.229018 0
0.075243 0
0.946345 0
0.382612 0
0.278106 0
0.259759 0
0.731549 0
0.444747 0
0.682645 0
0.383584 0
0.868188 0
0.495769 0
0.386207 0
0.174453 0
0.438303 0
0.062277 0
0.271633 0
0.078366 0
1.428901 0
0.058650 0
0.733331 0
0.180315 0
0.253280 0
0.212338 0
0.107232 0
0.573689 0
0.113885 0
1.150188 0
0.747005 0
1.198839 0
0.308594 0
0.591750 0
0.189753 0
0.150176 0
0.791797 0
0.247124 0
0.346922 0
0.294522 0
0.125792 0
0.714898 0
0.844263 0
1.513976 0
0.159563 0
0.776142 0
0.045273 0
0.236262 0
0.361156 0
0.086488 0
0.946209 0
0.229624 0
0.187890 0
0.714301 0
0.438413 0
0.342085 0
0.701322 0
0.692067 0
0.388536 0
0.254384 0
0.083409 0
0.523189 0
0.041607 0
0.114740 0
1.290304 0
0.272658 0
0.068051 0
1.116161 0
0.103992 0
1.266075 0
0.024164 0
0.510826 0
0.049496 0
0.263047 0
0.925293 0
0.487764 0
0.577768 0
1.079020 0
0.114874 0
0.738855 0
0.158720 0
0.542827 0
0.359134 0
1.401662 0
0.045705 0
0.182444 0
0.753281 0
0.409631 0
0.323267 0
1.084304 0
0.074663 0
0.010505 0
0.345490 0
0.369396 0
0.941872 0
0.567679 0
0.348774 0
0.613441 0
1.432934 0
0.712475 0
1.033418 0
0.219903 0
0.507379 0
1.850377 0
0.625843 0
0.846241 0
0.126078 0
0.125295 0
1.280358 0
1.628957 0
0.221688 0
0.188464 0
0.469870 0
1.271315 0
0.750003 0
0.002989 0
0.164244 0
0.315347 0
0.572698 0
0.049638 0
0.177429 0
0.566359 0
0.160855 0
1.064721 0
0.217104 0
1.848205 0
0.091435 0
0.768180 0
0.053926 0
0.828651 0
0.106883 0
0.377797 0
0.696885 0
0.258880 0
0.162350 0
1.253045 0
0.199304 0
0.765331 0
0.058364 0
0.074729 0
0.233302 0
1.209516 0
0.198439 0
0.041907 0
0.204393 0
0.044675 0
0.073297 0
0.483049 0
1.415525 0
0.217100 0
1.132295 0
1.002118 0
0.282575 0
0.062776 0
1.131293 0
0.155069 0
0.498489 0
0.478134 0
0.396341 0
0.380764 0
0.398008 0
0.164285 0
0.066215 0
0.028376 0
0.799311 0
0.176155 0
1.305723 0
0.274879 0
1.589425 0
1.374604 0
0.565851 0
0.501198 0
0.087285 0
0.047186 0
0.148746 0
0.026687 0
0.705394 0
1.469524 0
1.373663 0
0.721276 0
0.047967 0
0.370913 0
1.009331 0
0.390369 0
0.891981 0
0.440265 0
0.257107 0
0.391626 0
0.173015 0
0.151901 0
0.524167 0
0.483855 0
0.041167 0
0.327492 0
0.704925 0
0.280389 0
0.898563 0
0.214211 0
0.731768 0
0.011866 0
0.606406 0
0.429115 0
0.486735 0
0.093293 0
0.455365 0
0.478219 0
0.067735 0
0.501695 0
0.240470 0
0.727646 0
0.637279 0
0.965708 0
0.140186 0
0.385574 0
0.031714 0
0.566304 0
1.886599 0
0.107032 0
0.718624 0
0.926530 0
0.938191 0
0.928559 0
1.554377 0
0.971081 0
0.101334 0
1.180129 0
0.256155 0
0.033365 0
0.147001 0
1.758703 0
0.532164 0
0.397291 0
0.270430 0
0.155964 0
0.538757 0
0.181383 0
0.120560 0
0.656935 0
1.377331 0
0.384905 0
0.415169 0
0.292949 0
0.105020 0
0.663349 0
1.115609 0
0.999391 0
0.248145 0
0.210664 0
0.134817 0
1.529896 0
1.423264 0
1.638214 0
1.403213 0
1.270595 0
0.161482 0
0.977473 0
0.280668 0
1.066116 0
1.396608 0
1.300766 0
0.240124 0
0.734247 0
1.474379 0
0.469835 0
0.873506 0
0.293263 0
1.727435 0
0.185858 0
0.312586 0
0.944277 0
0.166002 0
0.306353 0
1.199310 0
0.531867 0
0.353187 0
0.125367 0
1.661680 0
1.022065 0
0.994755 0
0.780047 0
0.472312 0
1.343617 0
0.360877 0
0.250300 0
0.122259 0
0.092311 0
0.173538 0
0.644751 0
0.365630 0
1.180571 0
0.233332 0
0.068080 0
0.586395 0
1.086991 0
0.581195 0
1.498161 0
0.457661 0
0.322577 0
0.064677 0
0.032889 0
0.464622 0
0.179931 0
0.231793 0
0.627970 0
0.500040 0
0.304325 0
0.977944 0
0.308091 0
0.103956 0
1.455044 0
0.863251 0
0.366071 0
0.319347 0
1.567274 0
0.384247 0
0.360334 0
0.070324 0
0.096670 0
0.241353 0
0.506286 0
1.442788 0
0.544489 0
0.438631 0
1.131996 0
0.733263 0
0.162353 0
0.058687 0
0.074360 0
1.437839 0
0.547734 0
1.185990 0
0.057478 0
0.181945 0
0.226268 0
0.848117 0
0.179521 0
0.611863 0
0.323153 0
0.802393 0
0.060474 0
0.030087 0
0.438374 0
0.321813 0
0.096992 0
0.106410 0
1.424960 0
0.012399 0
0.513676 0
0.876493 0
0.444700 0
1.888508 0
0.952074 0
0.001790 0
0.077300 0
0.557033 0
0.073087 0
0.548020 0
0.683923 0
0.250087 0
1.475665 0
0.662445 0
0.227922 0
0.077935 0
0.316040 0
0.142646 0
0.511879 0
0.018567 0
0.138708 0
0.224293 0
1.023488 0
0.657959 0
0.264375 0
0.076659 0
0.112696 0
0.227678 0
0.223534 0
1.201126 0
0.108464 0
1.117694 0
0.241089 0
0.770470 0
0.030294 0
0.441142 0
0.661829 0
0.422604 0
0.259163 0
0.503698 0
0.632269 0
1.421860 0
0.386594 0
0.353421 0
0.571794 0
0.136726 0
1.071672 0
0.430980 0
0.138767 0
0.334955 0
0.489792 0
0.790998 0
0.398293 0
1.417211 0
0.709969 0
0.531559 0
0.751368 0
1.407284 0
0.179497 0
1.148717 0
0.122732 0
0.898772 0
0.022866 0
0.173480 0
0.486157 0
0.376438 0
0.085386 0
0.776903 0
0.098534 0
0.144599 0
0.530068 0
0.108369 0
1.327534 0
0.419597 0
1.153146 0
1.682326 0
0.408470 0
0.635009 0
0.169570 0
0.303580 0
0.344272 0
1.207178 0
0.438825 0
0.333159 0
0.190698 0
0.103547 0
0.042567 0
0.187675 0
1.538571 0
0.278658 0
0.050905 0
0.396184 0
0.782480 0
1.443922 0
0.873945 0
0.357718 0
0.329454 0
0.079575 0
0.179475 0
0.031033 0
0.942534 0
1.676650 0
0.053510 0
0.104347 0
0.233444 0
1.480541 0
0.173105 0
0.461556 0
0.091038 0
1.211150 0
0.355215 0
0.029241 0
0.077396 0
0.190349 0
0.415117 0
1.481237 0
0.501347 0
1.682184 0
0.142431 0
0.299150 0
0.309405 0
0.633679 0
0.345151 0
0.259002 0
1.824771 0
0.411099 0
1.948025 0
0.581427 0
1.435884 0
1.509604 0
1.515947 0
0.269470 0
0.559371 0
0.467892 0
0.160997 0
0.031828 0
0.111356 0
0.234710 0
1.395710 0
0.081675 0
0.551728 0
0.216217 0
0.953447 0
0.291888 0
1.228601 0
1.405559 0
0.611678 0
1.401587 0
0.184188 0
0.144126 0
0.318695 0
0.232179 0
1.139967 0
0.017362 0
0.098048 0
1.294891 0
0.187959 0
0.063418 0
0.513901 0
0.232718 0
0.113548 0
0.840542 0
0.069396 0
0.666497 0
1.212106 0
0.273339 0
0.222800 0
0.062248 0
0.517605 0
0.121132 0
0.388263 0
0.026222 0
0.416046 0
0.804090 0
0.722778 0
0.427075 0
0.428733 0
0.225776 0
0.229944 0
0.608956 0
1.294937 0
0.688783 0
0.878577 0
0.370982 0
0.157014 0
1.860735 0
0.128090 0
0.455242 0
0.491728 0
0.358837 0
0.932888 0
0.381132 0
0.291364 0
0.710163 0
0.324170 0
0.313210 0
0.460939 0
1.168549 0
0.044069 0
1.188396 0
0.145268 0
1.512141 0
0.183832 0
0.946120 0
0.130843 0
0.376400 0
0.992754 0
0.639343 0
1.032893 0
0.010289 0
0.796390 0
0.025545 0
0.233502 0
0.438420 0
0.188007 0
0.476027 0
0.275338 0
0.384139 0
0.320453 0
0.570357 0
0.866314 0
0.147582 0
1.351338 0
0.202773 0
1.149509 0
0.282308 0
0.282351 0
0.372131 0
0.185944 0
0.930240 0
0.300044 0
0.282684 0
0.904222 0
1.099782 0
0.031961 0
0.576472 0
0.739252 0
0.154490 0
0.537684 0
0.487172 0
0.090404 0
1.301113 0
0.429466 0
1.356413 0
0.213281 0
0.719374 0
0.797160 0
0.150190 0
0.102675 0
0.345187 0
0.126689 0
0.171442 0
0.759296 0
0.139857 0
0.219813 0
0.629726 0
0.302734 0
0.072923 0
0.154636 0
1.411374 0
0.036140 0
0.442144 0
0.390299 0
0.022525 0
0.462994 0
0.060316 0
0.157086 0
0.014164 0
0.185566 0
0.139373 0
0.303250 0
0.065879 0
0.481192 0
0.326821 0
0.098426 0
0.199637 0
0.388712 0
1.360573 0
1.073668 0
0.221140 0
0.076977 0
1.385661 0
0.568605 0
0.303567 0
0.078736 0
0.265739 0
1.061282 0
0.819597 0
0.563122 0
0.276342 0
0.280006 0
1.773458 0
0.315987 0
0.092935 0
0.556386 0
0.118232 0
0.177281 0
0.149963 0
0.110186 0
0.742893 0
0.204727 0
0.520402 0
1.059131 0
0.268566 0
0.060299 0
0.904252 0
0.287571 0
0.798001 0
0.411267 0
0.140326 0
0.594752 0
0.400180 0
0.107163 0
1.362081 0
0.123141 0
0.367281 0
1.447029 0
0.210609 0
0.108996 0
0.560397 0
0.013842 0
0.519621 0
0.267491 0
0.476975 0
0.091367 0
0.137259 0
0.171670 0
1.196889 0
1.371033 0
0.016757 0
0.153967 0
1.316162 0
0.309560 0
0.283567 0
0.151167 0
0.991435 0
0.238249 0
0.308467 0
0.563596 0
0.255584 0
0.691493 0
0.243090 0
2.123318 0
0.969894 0
0.310641 0
0.218351 0
0.856657 0
0.496656 0
0.112450 0
0.086550 0
0.088780 0
0.416342 0
0.199147 0
0.142542 0
0.406380 0
0.386662 0
0.457298 0
0.137842 0
0.269608 0
0.596772 0
0.008483 0
0.178921 0
1.410732 0
0.817286 0
0.855508 0
1.060106 0
0.111489 0
0.221941 0
0.714770 0
0.446216 0
0.551385 0
0.857244 0
0.009494 0
1.066676 0
1.314710 0
0.517913 0
0.202739 0
1.499177 0
0.168601 0
0.439354 0
0.128615 0
0.407529 0
1.052889 0
0.069503 0
1.221370 0
0.239642 0
0.141395 0
0.290136 0
0.072480 0
0.884984 0
0.188849 0
0.503049 0
0.199348 0
0.060580 0
0.469233 0
0.670695 0
0.338373 0
0.109624 0
0.058285 0
0.169004 0
0.075947 0
1.422952 0
0.270212 0
0.744993 0
0.667603 0
0.592997 0
1.034606 0
0.281216 0
0.278636 0
0.151074 0
0.788589 0
0.109302 0
0.107813 0
1.411624 0
0.147468 0
0.603882 0
0.336288 0
0.305205 0
1.518379 0
0.755798 0
0.149822 0
0.765984 0
0.432606 0
1.534651 0
0.227934 0
0.712595 0
0.574470 0
0.217886 0
0.193096 0
0.285913 0
0.107873 0
0.750111 0
0.076359 0
0.202884 0
0.196566 0
0.309417 0
1.568863 0
0.818395 0
1.125028 0
0.025297 0
1.434885 0
0.469311 0
0.033817 0
0.385074 0
0.062245 0
0.124763 0
0.017780 0
0.229184 0
0.254531 0
0.734471 0
0.680080 0
0.543392 0
0.576972 0
0.401067 0
0.136482 0
0.386923 0
0.441368 0
0.259003 0
1.179622 0
0.274609 0
0.007238 0
0.126704 0
0.027367 0
1.523195 0
0.349853 0
0.643051 0
0.010785 0
0.244722 0
0.809788 0
1.361293 0
0.547863 0
0.055485 0
0.114171 0
1.373569 0
0.270055 0
0.706657 0
1.378344 0
0.462816 0
0.440876 0
0.160573 0
0.204037 0
0.754731 0
0.241386 0
0.877259 0
0.090310 0
1.219508 0
0.072457 0
0.640429 0
0.023015 0
0.316573 0
0.892693 0
1.241770 0
1.430171 0
0.802612 0
0.051434 0
0.275530 0
0.311625 0
0.389617 0
0.424301 0
0.041020 0
0.978267 0
0.204236 0
1.067220 0
0.121370 0
0.643832 0
0.202075 0
0.210146 0
0.114486 0
0.721469 0
0.651279 0
0.636996 0
0.805065 0
1.391517 0
0.079010 0
1.112442 0
0.121376 0
0.189538 0
0.322897 0
0.767644 0
0.047841 0
0.639885 0
0.169394 0
0.325489 0
0.070198 0
0.126846 0
0.175809 0
0.051237 0
1.395565 0
0.009255 0
0.353675 0
0.261296 0
0.611274 0
0.585019 0
1.476110 0
0.096313 0
0.795685 0
0.698824 0
0.403976 0
0.477941 0
0.015669 0
0.086081 0
0.101067 0
0.356852 0
0.495383 0
0.643923 0
1.055293 0
0.365475 0
0.942016 0
0.066456 0
0.088483 0
1.588203 0
0.034230 0
0.188565 0
0.128460 0
0.098635 0
1.041632 0
0.835759 0
0.249303 0
0.008234 0
0.060423 0
0.263389 0
0.328998 0
0.446209 0
0.598218 0
0.510011 0
0.347038 0
0.255138 0
1.100495 0
0.146898 0
0.489212 0
0.940633 0
0.074364 0
0.652550 0
0.112124 0
1.246553 0
0.163728 0
1.310153 0
0.141328 0
0.367946 0
0.279583 0
0.417036 0
0.223022 0
0.966061 0
0.247353 0
0.092230 0
0.171579 0
0.343524 0
1.384747 0
1.475216 0
0.033550 0
0.116952 0
0.050233 0
0.271316 0
0.219653 0
0.023261 0
0.771796 0
0.517816 0
0.507841 0
1.451014 0
0.092962 0
0.266723 0
0.249659 0
0.264141 0
0.458853 0
0.965563 0
0.871383 0
0.868672 0
0.086470 0
0.080997 0
0.095513 0
0.505859 0
1.472376 0
0.016202 0
0.641796 0
0.800298 0
1.373127 0
1.251935 0
0.521745 0
0.197641 0
0.182059 0
0.132314 0
0.140566 0
0.358932 0
0.485163 0
0.350661 0
1.088063 0
0.266630 0
0.133753 0
1.581263 0
0.175865 0
0.220588 0
0.010411 0
1.754590 0
0.536629 0
0.345175 0
0.580548 0
0.307055 0
0.147246 0
0.178696 0
0.076585 0
0.464286 0
0.094955 0
1.720350 0
0.621468 0
0.763715 0
0.122546 0
0.284816 0
0.877396 0
0.087233 0
0.048629 0
1.390895 0
0.710279 0
0.141099 0
0.016787 0
0.625387 0
0.386128 0
0.629686 0
0.234726 0
0.369965 0
0.098831 0
0.103204 0
0.047679 0
0.053357 0
0.119609 0
0.323147 0
0.057849 0
0.188338 0
0.560651 0
0.372887 0
0.804893 0
0.083375 0
0.131477 0
0.466728 0
0.094172 0
0.698032 0
1.387787 0
0.026263 0
0.248712 0
0.296118 0
0.245900 0
0.166169 0
0.735761 0
0.045881 0
0.962259 0
0.131814 0
0.373029 0
0.288822 0
0.522036 0
0.467120 0
0.881916 0
1.542453 0
0.318412 0
0.074459 0
1.660783 0
1.286566 0
0.219790 0
1.238204 0
0.363267 0
1.398410 0
0.164362 0
0.235279 0
0.354095 0
0.114081 0
0.059949 0
0.163005 0
0.063247 0
0.109397 0
0.211812 0
0.819159 0
0.856058 0
0.923018 0
0.127366 0
0.280774 0
0.134331 0
0.156444 0
0.413986 0
0.049658 0
0.742885 0
0.224881 0
1.474326 0
0.346193 0
0.009237 0
0.371852 0
0.459830 0
0.943119 0
0.859590 0
0.270085 0
1.137180 0
0.292071 0
0.032705 0
0.018844 0
0.920662 0
1.195707 0
0.815441 0
0.084487 0
1.105778 0
0.764938 0
1.050300 0
0.421128 0
1.782373 0
0.166598 0
0.561545 0
0.354114 0
0.067762 0
0.069826 0
0.588217 0
0.679695 0
0.147492 0
0.092326 0
1.020051 0
0.200262 0
0.743141 0
0.809126 0
0.689266 0
0.080158 0
0.113464 0
0.292904 0
0.260402 0
0.229831 0
0.670260 0
0.058722 0
0.672721 0
0.410962 0
0.024901 0
0.058115 0
0.117592 0
0.448908 0
0.027033 0
0.011843 0
0.020955 0
0.179852 0
0.237424 0
0.782809 0
0.123915 0
0.037240 0
0.823020 0
0.087770 0
0.130127 0
0.298556 0
0.492385 0
0.283201 0
0.480068 0
0.016767 0
0.262439 0
0.059663 0
0.792508 0
0.654011 0
0.031185 0
0.569146 0
0.216676 0
0.081231 0
0.111600 0
0.214989 0
0.433188 0
1.375426 0
0.863308 0
1.071913 0
0.033514 0
0.468269 0
0.015000 0
0.561063 0
0.409425 0
0.002898 0
0.267709 0
0.304718 0
0.846346 0
1.065118 0
0.319152 0
0.262487 0
0.657224 0
0.147094 0
0.690646 0
0.387806 0
0.760965 0
0.672313 0
0.007877 0
0.281573 0
0.405923 0
0.305341 0
0.051178 0
0.518878 0
1.179429 0
1.020264 0
0.008605 0
0.231614 0
0.388112 0
0.428285 0
1.594703 0
0.642103 0
0.629181 0
0.475328 0
0.316689 0
0.535374 0
0.781844 0
0.049667 0
0.260657 0
0.226317 0
0.323238 0
0.055721 0
0.870573 0
0.379514 0
0.525036 0
1.251716 0
0.504062 0
0.018428 0
0.947072 0
0.027394 0
0.534798 0
0.503442 0
0.284452 0
0.559967 0
1.417257 0
1.178131 0
1.611998 0
0.100439 0
0.485291 0
0.364248 0
0.442078 0
0.496157 0
0.347024 0
0.197276 0
1.367990 0
0.570221 0
0.308071 0
0.260579 0
0.827491 0
0.084465 0
0.281518 0
0.245975 0
0.413739 0
0.321220 0
0.249503 0
1.414404 0
0.277798 0
0.224872 0
0.488016 0
0.110151 0
0.440389 0
0.405503 0
0.054583 0
0.893058 0
0.370421 0
0.299242 0
1.025332 0
0.166318 0
0.222861 0
0.270447 0
1.852142 0
0.092631 0
0.072060 0
0.360036 0
0.445027 0
0.601940 0
0.389970 0
0.072719 0
0.558800 0
0.401119 0
0.163129 0
0.319610 0
0.155047 0
0.467210 0
0.672514 0
0.639181 0
1.033631 0
1.466880 0
0.119434 0
1.716015 0
0.876247 0
0.694607 0
0.891915 0
1.290783 0
0.348240 0
0.112647 0
0.152528 0
0.091630 0
0.592077 0
0.244039 0
1.748020 0
0.244939 0
0.599761 0
0.216463 0
0.016798 0
0.369140 0
0.158240 0
0.401467 0
0.503342 0
1.034547 0
0.271482 0
0.353132 0
0.091857 0
1.104237 0
0.242447 0
1.134609 0
0.350818 0
0.161389 0
0.187991 0
0.848714 0
0.143898 0
0.109085 0
0.874107 0
0.068129 0
1.367148 0
0.094112 0
0.134054 0
0.209416 0
1.286241 0
0.071644 0
0.463176 0
0.274576 0
0.373084 0
0.777538 0
0.709811 0
0.710571 0
0.617585 0
1.057088 0
1.372392 0
0.422873 0
0.143162 0
0.114615 0
1.027970 0
0.477625 0
0.127300 0
0.287307 0
1.451673 0
1.024580 0
0.153051 0
1.304359 0
0.254260 0
0.869346 0
0.669611 0
0.179027 0
1.015835 0
0.066822 0
0.363847 0
0.639917 0
0.551359 0
0.024841 0
0.209087 0
0.315060 0
0.526742 0
0.208898 0
0.379770 0
0.378048 0
0.105549 0
1.377773 0
1.379181 0
0.089337 0
0.058584 0
0.045969 0
0.294397 0
0.102621 0
0.032056 0
0.352503 0
0.435896 0
0.695357 0
0.091683 0
0.738161 0
0.336930 0
0.467500 0
0.079374 0
0.416271 0
0.139695 0
0.012405 0
1.132943 0
0.859657 0
0.147468 0
0.077373 0
0.149643 0
1.279686 0
0.571276 0
0.216973 0
0.229652 0
0.763049 0
0.665465 0
0.054717 0
0.117164 0
1.395920 0
0.083920 0
0.053894 0
0.094998 0
1.333620 0
1.423488 0
0.463664 0
0.705521 0
0.394238 0
0.089072 0
0.268459 0
0.855190 0
0.678858 0
0.195671 0
0.068088 0
1.002629 0
0.287350 0
0.617175 0
0.888379 0
0.570272 0
0.164792 0
0.584706 0
0.226383 0
0.190669 0
0.950488 0
0.460301 0
0.189388 0
1.951076 0
0.768787 0
0.962482 0
1.155864 0
0.897399 0
0.090536 0
0.611965 0
0.096697 0
0.317813 0
1.124297 0
0.338726 0
0.305889 0
0.088228 0
1.479867 0
0.499329 0
0.059424 0
0.061120 0
0.042497 0
1.505162 0
1.454644 0
0.081849 0
1.052404 0
0.025761 0
0.021847 0
0.704137 0
1.386107 0
0.350043 0
0.851798 0
0.318539 0
0.377222 0
0.082629 0
1.298082 0
0.611477 0
0.094117 0
0.372851 0
0.119881 0
1.486555 0
0.759395 0
0.040778 0
0.740682 0
0.026728 0
0.678760 0
0.336282 0
0.191470 0
0.059216 0
0.877630 0
0.652371 0
1.181532 0
1.056095 0
0.873062 0
0.127777 0
0.731823 0
0.977602 0
0.693772 0
0.857837 0
0.333909 0
0.517855 0
0.387701 0
0.145392 0
0.564349 0
0.488617 0
0.081820 0
1.430174 0
0.756617 0
0.528697 0
0.610283 0
0.308825 0
0.088337 0
0.402990 0
0.120137 0
0.504172 0
0.310305 0
0.049934 0
0.910963 0
0.605014 0
0.261896 0
0.351089 0
1.040635 0
0.125622 0
0.020928 0
0.297027 0
0.049589 0
0.131374 0
0.173119 0
1.383947 0
0.670637 0
0.048965 0
0.057711 0
0.075526 0
0.268970 0
0.906173 0
0.985447 0
0.252733 0
0.423805 0
0.038022 0
1.290514 0
0.299212 0
0.689949 0
0.381804 0
0.125341 0
0.498226 0
0.879007 0
0.277401 0
0.019366 0
0.094073 0
1.399934 0
1.371606 0
0.572961 0
0.420266 0
0.147261 0
0.368213 0
0.732750 0
0.868674 0
0.021194 0
0.139708 0
1.217844 0
0.066395 0
0.022246 0
0.254607 0
0.465986 0
0.753567 0
0.528182 0
0.104909 0
0.377469 0
1.450942 0
0.803208 0
0.488091 0
0.065848 0
1.141411 0
0.524574 0
0.176310 0
0.391313 0
0.432513 0
0.144473 0
0.130072 0
0.089956 0
0.531260 0
0.070018 0
0.441882 0
0.177734 0
0.461957 0
0.385393 0
0.125819 0
0.358990 0
0.323893 0
0.628856 0
0.357059 0
0.215702 0
0.789002 0
0.177426 0
0.401382 0
0.379646 0
0.213489 0
0.440003 0
0.587182 0
0.650458 0
0.473740 0
0.849203 0
0.183326 0
0.082886 0
0.955551 0
0.644913 0
0.097661 0
0.065120 0
0.128293 0
0.229313 0
0.692521 0
1.496620 0
0.865585 0
0.419804 0
0.142509 0
0.350910 0
0.074466 0
0.408386 0
0.271652 0
0.052920 0
0.066885 0
0.775284 0
0.213502 0
0.266058 0
0.865313 0
0.134047 0
0.223247 0
0.115936 0
0.256019 0
0.343358 0
0.100364 0
0.419354 0
0.185981 0
0.188187 0
0.091585 0
0.606297 0
0.686116 0
1.262209 0
0.101616 0
0.491624 0
0.064661 0
0.661407 0
0.089475 0
0.050360 0
0.450271 0
0.096961 0
0.063028 0
0.339319 0
0.420434 0
0.021090 0
1.344258 0
0.288741 0
0.007321 0
0.032049 0
0.789365 0
0.388302 0
0.503236 0
0.042790 0
0.012490 0
0.722810 0
0.224844 0
0.360873 0
0.877174 0
0.041951 0
0.017204 0
0.437149 0
0.397283 0
0.099091 0
0.160087 0
1.178281 0
0.745118 0
0.228137 0
0.775319 0
0.496567 0
1.746835 0
0.232848 0
0.592618 0
0.863795 0
0.720406 0
0.216869 0
1.024891 0
0.193811 0
0.352718 0
0.326486 0
1.535464 0
0.573276 0
1.210696 0
0.270865 0
1.472110 0
1.080092 0
0.134710 0
0.800235 0
0.051793 0
0.135173 0
0.572495 0
0.123990 0
0.654028 0
0.269473 0
0.872783 0
0.232390 0
0.015710 0
0.189308 0
0.253866 0
0.654255 0
0.104609 0
0.230712 0
0.020038 0
0.333767 0
0.056444 0
0.699663 0
0.172711 0
0.078852 0
0.021668 0
0.497909 0
0.171181 0
0.251700 0
1.196976 0
0.498207 0
0.220786 0
0.098603 0
0.225267 0
0.037050 0
0.406662 0
0.044231 0
0.933524 0
0.522680 0
0.123192 0
1.269886 0
0.377338 0
0.046533 0
0.330155 0
1.044821 0
0.461082 0
1.397863 0
0.192706 0
0.803673 0
0.432969 0
1.337131 0
0.463483 0
0.522503 0
0.009945 0
0.009534 0
0.116957 0
0.018628 0
1.460964 0
0.693344 0
0.274130 0
0.512142 0
0.763486 0
0.369573 0
0.450376 0
0.598346 0
0.494517 0
0.835441 0
0.692292 0
0.517355 0
0.107902 0
0.248186 0
0.112266 0
0.192928 0
0.035960 0
0.256101 0
0.396539 0
0.057790 0
0.848978 0
0.275479 0
0.057134 0
0.679358 0
0.205721 0
0.163794 0
1.018238 0
0.800903 0
0.258758 0
0.346683 0
0.165566 0
0.333083 0
0.270091 0
0.244890 0
0.279667 0
0.347596 0
0.555788 0
0.137357 0
0.253318 0
0.541417 0
1.381061 0
0.190366 0
0.177166 0
0.676949 0
0.228528 0
0.584539 0
0.067430 0
0.432489 0
0.219981 0
0.927169 0
0.317299 0
0.062303 0
0.271401 0
0.307439 0
0.434382 0
1.533611 0
0.059016 0
0.670555 0
0.612597 0
1.008575 0
0.917728 0
0.930540 0
0.358921 0
0.055211 0
1.206788 0
0.179146 0
1.443377 0
0.076920 0
1.559239 0
0.035817 0
0.536261 0
0.481501 0
0.615962 0
0.420716 0
1.079493 0
0.890639 0
0.160488 0
0.467588 0
0.158381 0
0.143433 0
0.151585 0
0.045023 0
0.042345 0
0.099014 0
0.699904 0
0.399085 0
0.815084 0
0.198074 0
1.391183 0
1.136354 0
0.296797 0
0.235100 0
0.245856 0
0.757760 0
0.576780 0
0.077606 0
0.319658 0
0.119005 0
0.243406 0
0.566422 0
0.193446 0
0.602227 0
0.000918 0
0.117103 0
0.403702 0
0.415425 0
0.033105 0
0.859079 0
0.166754 0
0.096060 0
0.378550 0
0.052611 0
0.569168 0
0.432208 0
1.859128 0
0.133913 0
1.142020 0
0.302973 0
0.682003 0
0.613712 0
0.335912 0
1.028393 0
0.751163 0
0.666968 0
0.920592 0
0.122679 0
1.148890 0
0.481559 0
0.238718 0
0.179875 0
0.061212 0
0.260889 0
0.038849 0
0.364670 0
0.821900 0
0.797849 0
0.094110 0
0.386557 0
0.133047 0
0.302508 0
1.554632 0
0.129711 0
0.245798 0
0.399020 0
0.202664 0
0.370946 0
1.002542 0
1.394133 0
0.216579 0
0.588837 0
0.459286 0
0.145304 0
0.114602 0
0.318281 0
0.653048 0
0.445241 0
0.850285 0
0.540826 0
0.653322 0
0.012672 0
0.753878 0
0.754896 0
0.076618 0
0.047041 0
0.038932 0
0.115596 0
0.013617 0
0.069103 0
0.233071 0
1.243764 0
1.369370 0
0.912731 0
0.107975 0
0.279990 0
1.469791 0
0.010927 0
0.219073 0
0.073165 0
0.357401 0
0.655295 0
0.118387 0
0.030467 0
0.110765 0
0.187022 0
0.416429 0
0.680105 0
0.117654 0
0.067311 0
0.166977 0
0.008110 0
1.086997 0
0.070595 0
0.036238 0
0.461634 0
0.057311 0
0.614576 0
0.260406 0
0.305775 0
1.392567 0
0.285786 0
0.275790 0
0.199636 0
0.057188 0
0.694330 0
0.647718 0
0.322420 0
0.740464 0
0.747820 0
0.297326 0
1.175646 0
0.465476 0
0.120691 0
0.494582 0
0.466524 0
0.275815 0
0.108692 0
0.180695 0
0.192997 0
0.314235 0
0.313982 0
0.063098 0
0.596663 0
0.062493 0
0.236821 0
0.042838 0
0.128043 0
0.311068 0
0.380501 0
0.653932 0
0.234016 0
0.230421 0
0.337188 0
0.252885 0
0.570832 0
0.523128 0
0.044817 0
0.292995 0
1.189573 0
0.036163 0
0.826394 0
0.666254 0
0.443366 0
0.721431 0
0.446612 0
0.345584 0
0.019304 0
0.246767 0
0.050574 0
1.090330 0
0.219391 0
0.751733 0
0.752968 0
0.792213 0
1.179351 0
0.969458 0
0.222254 0
0.442501 0
0.571162 0
0.147081 0
0.363556 0
0.668256 0
0.061896 0
0.747802 0
1.233314 0
0.132597 0
0.242893 0
0.297320 0
0.246214 0
0.859308 0
0.258710 0
0.184507 0
0.037743 0
0.293384 0
1.267695 0
0.113007 0
0.696009 0
0.415042 0
0.206716 0
0.309545 0
0.418328 0
0.598557 0
0.544472 0
0.115755 0
0.125771 0
0.499094 0
0.525542 0
0.406335 0
0.640063 0
0.217722 0
1.266708 0
0.195849 0
0.103522 0
1.381713 0
0.321810 0
0.598360 0
0.595770 0
0.516944 0
0.398544 0
0.181517 0
0.126190 0
1.379787 0
0.654653 0
0.779490 0
0.779512 0
0.041153 0
0.237426 0
0.086256 0
0.175523 0
0.371762 0
0.438135 0
0.198827 0
0.612813 0
0.401156 0
0.145197 0
0.524462 0
0.282126 0
0.485507 0
1.144558 0
1.233543 0
0.179178 0
0.100968 0
0.773255 0
0.294755 0
0.436003 0
0.524231 0
0.314072 0
0.384466 0
0.203097 0
0.353721 0
0.115968 0
0.082898 0
0.035386 0
0.208055 0
0.288429 0
0.227379 0
0.431017 0
0.875677 0
0.162412 0
0.654207 0
0.324283 0
0.086715 0
0.621945 0
0.037460 0
0.178052 0
1.183625 0
0.330002 0
1.470551 0
0.399933 0
0.216637 0
0.249171 0
0.712831 0
0.110957 0
0.123592 0
0.575242 0
1.115518 0
0.312807 0
1.096701 0
0.648588 0
0.413094 0
0.457502 0
0.510135 0
0.479877 0
0.035975 0
1.263363 0
0.689872 0
0.135988 0
0.048983 0
0.254242 0
0.297429 0
0.237409 0
0.019972 0
0.349047 0
0.793750 0
0.263909 0
0.248499 0
0.586783 0
1.703959 0
0.203694 0
0.681101 0
0.806478 0
0.550062 0
0.508123 0
0.227918 0
0.149793 0
0.817570 0
0.040857 0
0.199463 0
0.239264 0
0.496106 0
0.164730 0
0.069958 0
0.269136 0
0.147296 0
0.068971 0
0.485317 0
1.408449 0
0.041327 0
0.722558 0
0.256316 0
0.054480 0
0.265337 0
0.391896 0
0.484017 0
0.583615 0
0.816332 0
0.769791 0
0.127354 0
1.179450 0
0.027259 0
0.325432 0
0.204915 0
0.199986 0
0.247795 0
0.520314 0
0.183429 0
0.043529 0
0.110826 0
0.207444 0
0.524283 0
0.039274 0
0.196180 0
0.256141 0
0.649166 0
0.036186 0
0.286200 0
0.058922 0
0.205728 0
0.487821 0
0.285333 0
0.173306 0
0.315071 0
0.003620 0
0.017697 0
0.106011 0
0.195743 0
0.079034 0
0.279505 0
0.027744 0
0.744918 0
0.105531 0
1.232864 0
0.195729 0
0.337058 0
0.683057 0
0.562654 0
0.160331 0
0.870912 0
1.285297 0
0.307436 0
0.128977 0
0.104379 0
1.069377 0
0.147386 0
0.277375 0
0.162046 0
0.963840 0
0.102254 0
0.667599 0
0.582851 0
0.086428 0
0.164000 0
0.486369 0
0.219285 0
0.035122 0
0.242083 0
0.499937 0
0.327979 0
0.040019 0
0.586662 0
0.089619 0
0.901915 0
1.358273 0
0.105807 0
0.075689 0
0.262009 0
0.053321 0
1.423389 0
1.299084 0
0.864255 0
1.039853 0
0.143621 0
1.489115 0
0.581185 0
0.070424 0
0.069099 0
0.146914 0
0.821433 0
0.556071 0
0.062241 0
0.386137 0
0.105682 0
1.570830 0
0.406474 0
0.573927 0
0.170818 0
0.732492 0
1.372847 0
0.089699 0
0.011317 0
0.142176 0
0.068840 0
0.087178 0
1.481422 0
1.656210 0
0.005636 0
0.489979 0
0.547552 0
0.109569 0
0.097011 0
0.515316 0
1.569755 0
0.012827 0
0.086885 0
0.035248 0
1.525364 0
0.391521 0
0.041978 0
0.737833 0
1.333278 0
0.447243 0
0.802218 0
0.287939 0
0.336831 0
0.689141 0
0.255912 0
0.864614 0
0.242958 0
1.393645 0
1.474409 0
0.682429 0
1.087014 0
0.493594 0
0.780827 0
0.861472 0
0.559514 0
0.264056 0
0.582428 0
0.029609 0
0.099191 0
0.296564 0
0.003828 0
1.119096 0
0.532471 0
0.216708 0
0.449656 0
0.319276 0
0.207677 0
0.676213 0
0.132341 0
0.572394 0
0.257840 0
1.384812 0
1.480098 0
1.010184 0
0.861672 0
0.993809 0
0.701785 0
1.631538 0
1.109572 0
0.135351 0
0.891387 0
0.639360 0
0.446304 0
0.083560 0
0.496696 0
0.259708 0
0.922821 0
0.740200 0
1.576487 0
0.756818 0
1.208364 0
0.312839 0
1.147151 0
0.025252 0
0.255614 0
0.045623 0
0.264217 0
1.386351 0
1.496975 0
0.259321 0
0.054339 0
0.574262 0
0.966535 0
0.410241 0
0.199854 0
0.510451 0
0.019009 0
1.399006 0
0.277358 0
0.598945 0
1.065643 0
0.426462 0
0.501206 0
0.046008 0
0.277785 0
0.837953 0
0.151621 0
0.164569 0
0.745438 0
0.428174 0
0.253402 0
0.795092 0
1.192649 0
0.051962 0
0.558497 0
0.890583 0
1.168246 0
0.233079 0
0.255208 0
0.158902 0
0.471194 0
0.304982 0
0.433666 0
0.051319 0
0.292177 0
0.346131 0
0.914045 0
0.337893 0
0.285979 0
0.073961 0
0.266912 0
0.533454 0
0.944977 0
0.135166 0
0.054799 0
0.619921 0
0.350168 0
0.564042 0
1.197295 0
0.394879 0
1.261828 0
0.167895 0
0.277965 0
0.107431 0
0.206429 0
0.282797 0
0.844112 0
0.059506 0
0.165100 0
1.651672 0
0.263992 0
0.023705 0
0.283354 0
0.744399 0
0.622421 0
0.341813 0
0.929466 0
0.596793 0
0.174628 0
0.339652 0
0.285542 0
0.248104 0
0.726181 0
0.023321 0
0.962318 0
0.761292 0
0.311727 0
0.920268 0
0.259971 0
0.660612 0
0.156217 0
0.387673 0
1.085554 0
0.042902 0
0.202951 0
0.689240 0
0.276234 0
0.905058 0
0.460462 0
0.164392 0
0.870946 0
0.834645 0
0.254208 0
0.052852 0
0.551833 0
0.119021 0
1.071764 0
0.292584 0
0.968304 0
0.031514 0
1.455409 0
1.163418 0
0.613507 0
0.270096 0
0.253289 0
0.518224 0
0.963355 0
0.795118 0
0.526388 0
0.080844 0
1.670744 0
0.107990 0
0.075722 0
0.330224 0
1.371937 0
0.892979 0
0.200160 0
0.407694 0
0.623576 0
0.248084 0
0.229842 0
0.542643 0
0.348036 0
0.469812 0
0.115169 0
0.051867 0
0.139780 0
1.124638 0
0.104282 0
0.061988 0
0.473972 0
1.238510 0
0.261495 0
0.351120 0
0.716155 0
0.084040 0
1.239815 0
0.011411 0
0.057895 0
0.928289 0
0.182755 0
1.220124 0
0.069668 0
1.283826 0
1.474215 0
0.447048 0
0.499302 0
0.271069 0
0.354138 0
0.540263 0
0.290188 0
1.623562 0
0.644783 0
0.189063 0
0.939762 0
1.242766 0
0.243817 0
0.441858 0
1.095245 0
0.082047 0
0.449597 0
0.405379 0
0.082026 0
0.527206 0
0.130339 0
0.135606 0
0.247846 0
0.191083 0
0.048330 0
0.076623 0
0.401759 0
0.047464 0
0.060524 0
0.021512 0
0.048285 0
0.381012 0
0.384966 0
0.197550 0
0.512306 0
0.168721 0
1.133568 0
0.974605 0
0.537025 0
0.106263 0
0.812093 0
0.336926 0
1.192319 0
1.506522 0
0.550814 0
0.839587 0
0.703047 0
0.564052 0
0.163134 0
0.501025 0
0.144534 0
1.009440 0
0.117486 0
0.312470 0
0.335931 0
0.125182 0
0.366653 0
0.483425 0
0.886758 0
0.376164 0
0.462048 0
0.226226 0
0.516038 0
0.174267 0
0.619864 0
0.221707 0
0.230494 0
0.413348 0
0.469308 0
0.144511 0
0.384596 0
0.316939 0
0.081071 0
0.418917 0
0.523781 0
0.026884 0
0.436265 0
0.250667 0
0.054307 0
0.041035 0
0.549868 0
1.276783 0
0.608059 0
0.103920 0
0.741691 0
0.286699 0
0.399003 0
0.371723 0
1.209355 0
0.093839 0
0.306124 0
1.168982 0
0.310022 0
0.093452 0
0.511025 0
0.062857 0
0.354716 0
0.081685 0
0.701698 0
0.518014 0
1.524902 0
0.581723 0
0.118355 0
0.289082 0
0.042651 0
0.794817 0
0.198255 0
0.144194 0
0.067139 0
0.534997 0
0.043817 0
0.571055 0
0.076462 0
0.224674 0
0.141973 0
0.403100 0
0.167110 0
0.428519 0
1.116970 0
0.153160 0
0.243019 0
1.249192 0
0.563702 0
0.021345 0
1.332355 0
0.883964 0
0.907304 0
0.077405 0
1.270443 0
0.385605 0
0.539091 0
0.055832 0
0.305773 0
0.451663 0
1.211985 0
0.186019 0
0.037760 0
0.167521 0
0.100106 0
1.167604 0
0.918934 0
0.214267 0
0.114023 0
0.018740 0
0.297349 0
0.072058 0
0.928447 0
0.952809 0
0.058786 0
0.508675 0
0.142909 0
0.576972 0
0.068230 0
0.517633 0
0.189209 0
0.078078 0
0.219064 0
1.438253 0
0.092828 0
0.213508 0
1.862324 0
0.911222 0
0.810064 0
0.469076 0
0.503411 0
1.429284 0
0.068467 0
0.157490 0
0.652258 0
0.191753 0
0.236303 0
1.360386 0
1.376828 0
0.672547 0
0.446682 0
1.504172 0
0.920461 0
1.216194 0
0.252488 0
1.528351 0
0.394075 0
0.220534 0
0.936854 0
0.063272 0
0.094664 0
0.306592 0
0.160269 0
0.141620 0
1.487352 0
1.059369 0
0.209835 0
0.026790 0
0.648948 0
0.800039 0
1.601060 0
1.424059 0
0.276326 0
0.627148 0
0.434268 0
0.493027 0
0.757141 0
0.708860 0
0.281073 0
1.610778 0
0.548066 0
0.110023 0
0.477434 0
0.304805 0
0.474975 0
1.036049 0
0.431109 0
0.334368 0
0.185446 0
1.455407 0
0.005068 0
0.124797 0
0.155399 0
0.378954 0
0.698752 0
0.101448 0
0.031836 0
1.721511 0
1.044913 0
0.234101 0
0.117179 0
0.118063 0
1.564523 0
0.067662 0
0.311073 0
0.018257 0
0.043370 0
0.192959 0
0.801448 0
0.180728 0
1.156512 0
1.398253 0
0.192142 0
0.062139 0
0.021706 0
0.230025 0
0.752397 0
1.555488 0
0.793018 0
0.129266 0
1.130477 0
0.347811 0
0.685659 0
0.190623 0
1.535477 0
0.020107 0
0.530770 0
0.110061 0
1.376940 0
0.007824 0
0.085032 0
1.082188 0
1.361173 0
0.201915 0
0.891994 0
0.197915 0
0.874094 0
0.591660 0
0.184324 0
0.087923 0
0.583383 0
1.515105 0
1.202354 0
0.244502 0
0.076849 0
0.349056 0
0.736110 0
0.047018 0
0.178656 0
0.330331 0
0.335474 0
0.742116 0
0.148123 0
0.702472 0
0.841135 0
0.126287 0
0.039818 0
0.394090 0
0.291168 0
0.265467 0
0.174769 0
0.207657 0
1.464597 0
0.062678 0
0.168929 0
0.127679 0
1.538017 0
0.384608 0
0.053516 0
0.228000 0
0.137350 0
1.374797 0
0.425084 0
0.349471 0
1.546464 0
0.268973 0
0.368979 0
0.045655 0
0.139522 0
0.127433 0
0.010062 0
0.772840 0
0.224105 0
0.138637 0
0.195077 0
0.323132 0
0.180319 0
0.009885 0
0.321964 0
0.536984 0
0.180997 0
0.264329 0
0.139792 0
0.217298 0
0.416698 0
0.243052 0
0.808939 0
0.419519 0
0.750693 0
1.538821 0
0.411331 0
0.230362 0
0.261569 0
0.575801 0
0.644608 0
1.424152 0
1.284845 0
0.690579 0
1.237009 0
0.210154 0
0.373373 0
0.014209 0
0.262365 0
0.011445 0
0.205593 0
0.226875 0
0.037894 0
0.237379 0
0.758559 0
0.547322 0
0.299289 0
0.284991 0
0.442577 0
1.453098 0
0.434098 0
1.360582 0
0.448793 0
0.890380 0
0.367981 0
0.482745 0
0.280363 0
0.234285 0
0.091799 0
0.079317 0
1.369686 0
0.584442 0
0.508470 0
0.690801 0
0.593592 0
0.525490 0
0.270543 0
0.085049 0
0.998935 0
0.552776 0
0.046362 0
1.074268 0
0.522824 0
0.632594 0
0.817511 0
0.390660 0
0.036042 0
1.124165 0
0.896460 0
0.553703 0
0.633466 0
0.291447 0
1.404543 0
0.498134 0
1.412421 0
0.633298 0
0.781952 0
0.025333 0
0.017976 0
0.010657 0
0.105538 0
0.125911 0
0.635993 0
0.421317 0
0.144266 0
0.300174 0
0.309528 0
0.364946 0
0.376353 0
0.640894 0
0.013269 0
1.011424 0
0.375146 0
0.878681 0
0.038721 0
0.081265 0
0.105344 0
0.083265 0
0.159949 0
0.311124 0
0.142703 0
0.099937 0
0.036936 0
0.672383 0
0.331970 0
0.353183 0
1.667917 0
0.405699 0
0.516242 0
0.412624 0
0.337236 0
0.261478 0
0.212691 0
0.567710 0
0.985566 0
0.041998 0
1.220787 0
0.151642 0
0.325688 0
0.251655 0
0.183904 0
0.055571 0
0.378487 0
0.830458 0
0.091981 0
0.123557 0
0.014030 0
0.032889 0
0.535871 0
0.142982 0
0.596986 0
0.407603 0
0.637527 0
0.074206 0
0.063242 0
0.327529 0
0.214964 0
0.297088 0
1.522870 0
0.175644 0
0.536107 0
1.081089 0
0.151314 0
0.179619 0
0.586424 0
0.523519 0
0.170175 0
0.577326 0
0.477694 0
0.523930 0
0.173864 0
1.151236 0
0.084241 0
1.362549 0
0.225292 0
0.127072 0
1.022443 0
0.139103 0
0.047974 0
0.330739 0
0.402412 0
0.296682 0
0.383943 0
0.353923 0
0.213928 0
0.258370 0
1.578161 0
1.367343 0
0.087939 0
0.177493 0
0.036481 0
1.271395 0
0.215529 0
0.203864 0
0.233113 0
0.603544 0
0.762123 0
0.143274 0
0.788465 0
0.308057 0
1.379960 0
0.419458 0
0.053560 0
0.890299 0
0.129020 0
1.379256 0
0.016187 0
0.206344 0
0.416618 0
0.282105 0
1.276496 0
0.259628 0
0.275762 0
0.712448 0
0.759087 0
0.761307 0
0.079991 0
0.970848 0
0.571635 0
0.476359 0
0.439153 0
0.873706 0
1.000819 0
0.002574 0
1.438670 0
0.778979 0
0.054187 0
0.377012 0
0.650807 0
0.655181 0
1.027423 0
0.212713 0
0.667830 0
0.352200 0
1.117984 0
0.351501 0
0.256958 0
0.536704 0
1.055657 0
1.191648 0
0.074726 0
0.025177 0
0.439663 0
0.486296 0
0.159354 0
0.298481 0
0.269180 0
0.155014 0
0.049548 0
0.459947 0
0.626414 0
0.724148 0
1.688392 0
0.170558 0
0.118444 0
0.135633 0
0.168011 0
0.634857 0
0.569940 0
0.230719 0
0.190149 0
0.393544 0
0.363822 0
0.534208 0
0.175807 0
0.754593 0
0.839980 0
0.694682 0
0.815390 0
1.872954 0
0.073189 0
0.219725 0
0.438510 0
0.564981 0
1.349547 0
0.109421 0
0.132030 0
0.239860 0
1.371151 0
0.174729 0
0.792575 0
1.369619 0
0.257615 0
0.470641 0
0.057391 0
0.546710 0
1.381121 0
0.107877 0
0.102428 0
0.870372 0
0.151300 0
0.311145 0
0.145904 0
0.431480 0
1.057295 0
0.141020 0
0.789892 0
1.400393 0
0.160023 0
0.022080 0
0.893962 0
1.004355 0
0.018851 0
0.186396 0
0.187374 0
0.776781 0
0.793147 0
0.426969 0
0.644049 0
0.474113 0
0.043755 0
1.366725 0
0.173062 0
0.325496 0
0.469284 0
0.119491 0
1.527898 0
0.117496 0
0.726232 0
0.205305 0
1.364199 0
1.349024 0
1.389622 0
0.002279 0
0.120189 0
0.098703 0
0.308434 0
0.762968 0
0.063205 0
0.350472 0
0.966244 0
0.173705 0
0.153344 0
0.164797 0
0.026057 0
0.025383 0
0.209026 0
0.949536 0
0.096004 0
0.108781 0
0.377211 0
0.521680 0
1.439501 0
0.201276 0
0.033374 0
0.167414 0
0.055900 0
1.624858 0
0.204306 0
0.551216 0
0.118368 0
1.775249 0
0.635100 0
0.831970 0
0.453058 0
0.085292 0
0.073114 0
1.433872 0
0.696167 0
0.058575 0
0.226790 0
0.733511 0
0.069068 0
0.033386 0
0.780016 0
0.548053 0
0.333149 0
0.205415 0
0.939914 0
0.577729 0
0.092363 0
1.394500 0
0.500892 0
0.036119 0
0.356918 0
0.387122 0
0.231853 0
0.030951 0
0.036974 0
0.444406 0
0.483149 0
1.819948 0
0.024352 0
0.095160 0
0.129113 0
0.446823 0
0.637672 0
0.257430 0
0.126080 0
0.251039 0
0.130660 0
0.233267 0
0.036812 0
0.946316 0
0.960706 0
0.153990 0
1.535763 0
0.832712 0
1.488705 0
0.079363 0
0.415630 0
1.442411 0
0.125208 0
0.239288 0
1.391334 0
0.392785 0
1.486013 0
0.540629 0
0.120818 0
0.476807 0
0.448776 0
1.458462 0
1.839026 0
0.033810 0
0.078345 0
0.062006 0
0.097470 0
0.920956 0
0.799644 0
0.068764 0
0.271196 0
0.205554 0
0.219701 0
0.330820 0
0.207923 0
0.009148 0
0.277904 0
0.041809 0
0.447588 0
0.011953 0
0.011322 0
0.034764 0
0.548381 0
0.587001 0
0.269348 0
0.282429 0
0.625000 0
0.148898 0
0.338010 0
0.108135 0
0.289785 0
0.076524 0
0.635989 0
0.053467 0
0.415104 0
0.043916 0
0.425726 0
0.395788 0
0.039768 0
0.033114 0
1.367221 0
0.457733 0
0.112354 0
0.033239 0
0.598960 0
0.687125 0
1.805146 0
0.099154 0
0.657750 0
0.358897 0
0.475048 0
0.688552 0
0.761255 0
0.100052 0
0.962151 0
0.910503 0
0.013805 0
0.282529 0
1.550977 0
0.055987 0
0.614175 0
1.098695 0
0.538597 0
1.079038 0
0.378917 0
0.195372 0
1.242834 0
0.154167 0
0.126611 0
0.285586 0
0.679364 0
0.202447 0
0.315704 0
0.392733 0
1.459099 0
0.033067 0
1.004782 0
0.203902 0
0.831483 0
0.108242 0
0.210526 0
0.322867 0
1.250629 0
1.626051 0
0.571771 0
1.227993 0
1.311831 0
0.064781 0
0.255319 0
0.664168 0
0.104671 0
0.400493 0
0.920775 0
0.360147 0
0.164272 0
0.073350 0
0.079353 0
0.248403 0
0.423472 0
0.094685 0
0.194776 0
0.762924 0
0.364055 0
0.368897 0
0.085317 0
0.946677 0
0.262664 0
0.135722 0
0.152026 0
0.454934 0
0.323265 0
0.651750 0
0.295747 0
0.138908 0
0.060481 0
0.219754 0
0.161290 0
0.122267 0
0.296313 0
0.289789 0
0.622662 0
0.159968 0
0.300209 0
0.132820 0
0.496354 0
1.310133 0
0.283726 0
0.515570 0
0.161897 0
0.806903 0
0.067340 0
0.163390 0
0.189109 0
0.053593 0
0.065701 0
0.404609 0
1.153600 0
0.147394 0
0.079835 0
0.235877 0
0.601249 0
1.089231 0
0.053938 0
0.047110 0
0.270220 0
0.168738 0
0.233071 0
0.465732 0
0.130656 0
0.216793 0
0.572172 0
0.643265 0
0.027080 0
0.480085 0
1.429893 0
0.368565 0
0.214808 0
1.441049 0
0.278187 0
0.149065 0
0.417800 0
0.180963 0
0.031672 0
0.117305 0
0.086644 0
0.592148 0
0.885665 0
0.377044 0
0.258480 0
0.029979 0
1.345475 0
0.783747 0
0.435530 0
0.816209 0
0.071299 0
1.529561 0
0.104178 0
0.053046 0
0.050925 0
0.599626 0
0.438498 0
0.060110 0
0.089526 0
0.397285 0
1.363952 0
0.159462 0
0.596631 0
0.848551 0
0.504773 0
0.220622 0
0.011140 0
0.416655 0
0.294868 0
0.025028 0
1.345810 0
0.064558 0
0.006531 0
0.528765 0
0.178643 0
0.661622 0
0.035561 0
0.694026 0
0.024271 0
0.155854 0
0.218010 0
0.121121 0
1.160148 0
0.580682 0
0.636125 0
0.304753 0
0.184480 0
0.045707 0
0.629694 0
0.325137 0
0.415782 0
0.164396 0
0.337247 0
0.078225 0
0.574609 0
0.267835 0
1.355393 0
0.828999 0
0.398226 0
0.083270 0
0.192801 0
1.378136 0
1.287477 0
0.188769 0
0.600801 0
0.463017 0
0.365036 0
0.091536 0
0.047472 0
0.216465 0
0.040863 0
0.586427 0
0.315349 0
1.042522 0
0.157872 0
0.176358 0
0.158817 0
0.220333 0
1.511839 0
0.247055 0
0.127731 0
0.338995 0
0.108959 0
0.241091 0
0.277969 0
0.072242 0
0.486450 0
0.090303 0
0.595479 0
1.170601 0
0.598414 0
0.142505 0
0.056413 0
0.075879 0
0.841156 0
1.517214 0
0.617384 0
0.979329 0
0.036020 0
0.088253 0
0.329661 0
0.412761 0
0.263582 0
1.511852 0
0.150566 0
0.204092 0
0.022435 0
0.085809 0
0.077191 0
0.038126 0
1.002775 0
0.389816 0
0.047963 0
0.294441 0
1.273614 0
0.156453 0
0.323072 0
0.213090 0
0.428699 0
0.792090 0
0.770141 0
1.408350 0
0.200756 0
0.386457 0
0.060451 0
0.033351 0
0.926409 0
0.868733 0
1.519314 0
0.084234 0
0.094624 0
0.035643 0
0.624433 0
0.373392 0
0.828980 0
0.129626 0
0.901585 0
0.104199 0
0.332956 0
0.120448 0
0.893910 0
1.123123 0
0.398274 0
0.352737 0
0.093635 0
0.592409 0
0.350375 0
0.278445 0
0.289927 0
0.318628 0
0.194245 0
0.468225 0
1.249449 0
0.195695 0
0.242802 0
1.370607 0
0.812081 0
0.088129 0
0.332892 0
0.584185 0
0.385111 0
0.417342 0
0.288201 0
0.336688 0
0.481004 0
0.384351 0
0.270585 0
0.487857 0
0.094949 0
0.101074 0
0.660958 0
0.059080 0
0.745579 0
0.019316 0
1.084408 0
1.879672 0
0.455658 0
0.379031 0
0.443830 0
0.493276 0
0.025156 0
1.645729 0
0.042604 0
0.484587 0
0.058883 0
0.144467 0
0.116732 0
1.663556 0
0.880941 0
0.089165 0
0.438474 0
0.366460 0
0.252255 0
0.875420 0
0.314605 0
0.681321 0
0.269949 0
0.630431 0
0.110287 0
0.320093 0
0.034909 0
0.305966 0
0.191262 0
0.041907 0
2.001220 0
1.411782 0
1.374651 0
1.834164 0
0.231519 0
0.358388 0
0.110108 0
0.219791 0
0.767454 0
0.433686 0
0.748970 0
0.209571 0
0.528837 0
0.227485 0
0.148142 0
0.169795 0
0.268737 0
0.160504 0
0.411965 0
0.444151 0
0.973233 0
0.104165 0
0.090709 0
0.120172 0
0.305508 0
1.361948 0
0.146544 0
0.298655 0
0.379871 0
0.233827 0
1.400619 0
0.931323 0
0.028329 0
0.317893 0
0.426840 0
0.533594 0
0.122155 0
0.491121 0
0.614555 0
0.317835 0
0.025772 0
1.130748 0
0.031054 0
0.323717 0
0.049625 0
0.687388 0
0.432117 0
0.549364 0
0.519064 0
0.127510 0
0.036052 0
0.375765 0
0.651196 0
0.896526 0
1.483663 0
0.003480 0
0.009848 0
0.504565 0
0.182726 0
0.551936 0
0.597852 0
0.158110 0
0.066126 0
0.536908 0
0.103961 0
0.616178 0
1.279682 0
0.770815 0
0.125571 0
0.302369 0
0.203570 0
1.484716 0
0.194099 0
0.232912 0
0.982696 0
0.738724 0
0.852321 0
0.118925 0
1.208685 0
0.938955 0
0.638355 0
0.931714 0
1.615252 0
0.010513 0
0.177453 0
0.150140 0
0.094730 0
0.144235 0
0.092842 0
0.306475 0
0.712531 0
0.493484 0
0.180120 0
0.016258 0
1.424645 0
0.128548 0
0.135448 0
0.452650 0
0.298228 0
0.341156 0
0.257076 0
0.139053 0
0.207181 0
0.146005 0
0.188799 0
0.123363 0
0.612098 0
0.042956 0
0.332070 0
0.171621 0
1.411831 0
0.324989 0
0.219028 0
0.720144 0
1.469667 0
1.365758 0
0.754105 0
0.492333 0
0.371086 0
0.507202 0
0.601044 0
0.113719 0
0.223870 0
0.151102 0
0.861550 0
0.239936 0
0.975300 0
0.745539 0
0.088016 0
0.562160 0
0.291706 0
0.434103 0
0.176888 0
0.220972 0
0.689371 0
1.093454 0
0.758540 0
0.572611 0
0.280054 0
0.167740 0
0.354308 0
0.726375 0
0.647620 0
0.541332 0
0.365928 0
0.184085 0
0.358480 0
0.203161 0
0.278260 0
0.375320 0
0.444242 0
0.027342 0
0.079285 0
0.275136 0
0.285138 0
1.515630 0
0.487234 0
0.968642 0
0.384605 0
0.133545 0
0.358707 0
1.537424 0
0.458080 0
0.206453 0
0.227917 0
0.082993 0
0.111771 0
0.096854 0
0.071113 0
0.053589 0
1.364500 0
1.003441 0
0.915970 0
0.097096 0
0.114248 0
0.552227 0
0.353876 0
0.067251 0
1.037802 0
1.377539 0
0.548613 0
0.082677 0
0.073297 0
0.260478 0
0.405990 0
0.516159 0
0.946404 0
0.437496 0
0.350274 0
0.428037 0
0.019637 0
0.147247 0
0.461708 0
1.108872 0
0.618354 0
0.642758 0
0.204663 0
1.584246 0
0.179545 0
0.049717 0
1.320324 0
0.056276 0
0.265824 0
0.235147 0
0.315580 0
1.435055 0
1.769948 0
0.175442 0
0.059367 0
0.536513 0
1.465137 0
0.334256 0
1.459671 0
0.447743 0
0.676179 0
0.168057 0
1.622151 0
0.438976 0
0.427289 0
0.058958 0
0.456752 0
0.731171 0
0.249226 0
0.651088 0
0.087154 0
1.097299 0
0.564086 0
0.143550 0
0.341631 0
0.229150 0
0.507930 0
0.600796 0
0.495999 0
1.113387 0
0.033199 0
0.178389 0
0.062851 0
0.327039 0
0.204686 0
0.005861 0
0.294181 0
0.426159 0
0.749931 0
0.003697 0
0.591630 0
0.416254 0
0.892556 0
0.452322 0
1.462313 0
0.415517 0
0.578414 0
0.678346 0
1.043115 0
0.450508 0
0.447927 0
0.123023 0
0.174379 0
1.191852 0
0.686947 0
0.965775 0
1.202769 0
0.532595 0
0.015656 0
0.306583 0
0.131370 0
1.484774 0
0.640644 0
0.223454 0
0.465521 0
0.506737 0
0.519592 0
0.157744 0
0.986134 0
1.195071 0
1.015971 0
0.530488 0
0.238206 0
0.156554 0
0.572619 0
0.334565 0
1.245996 0
0.328259 0
0.124364 0
0.118306 0
1.697783 0
0.622051 0
0.039152 0
0.687572 0
0.964549 0
0.889143 0
0.724518 0
0.835513 0
0.200632 0
1.095808 0
0.289993 0
0.508472 0
1.066527 0
0.773845 0
0.092092 0
0.289596 0
0.074449 0
1.184351 0
0.360133 0
0.210524 0
0.170495 0
0.040534 0
0.258821 0
0.120967 0
0.089825 0
0.756069 0
0.465469 0
0.114853 0
0.103668 0
0.068616 0
0.458876 0
0.349001 0
0.367762 0
0.795392 0
0.131556 0
0.186422 0
0.018976 0
0.192730 0
0.600426 0
0.741379 0
0.469302 0
0.211668 0
0.015926 0
0.172273 0
0.400481 0
0.579723 0
0.815979 0
0.354022 0
0.287945 0
0.439560 0
0.078085 0
0.367818 0
0.085608 0
1.073286 0
0.088476 0
0.335145 0
0.067507 0
0.455240 0
1.373874 0
0.247856 0
0.059075 0
0.053575 0
0.185238 0
1.167564 0
0.106338 0
0.032776 0
0.038891 0
0.314282 0
0.080247 0
0.351874 0
0.175040 0
1.347932 0
0.886996 0
0.207955 0
0.121384 0
0.275362 0
0.229290 0
0.530864 0
0.137721 0
0.602218 0
1.212685 0
0.266070 0
0.111345 0
0.304305 0
0.176101 0
1.406389 0
0.186164 0
0.265287 0
1.425117 0
1.117368 0
0.784060 0
0.344633 0
0.735515 0
0.609262 0
0.530742 0
0.338342 0
0.550074 0
1.455673 0
0.166895 0
0.114180 0
0.606247 0
0.386155 0
0.138702 0
1.054209 0
0.310986 0
0.900592 0
1.598314 0
1.437930 0
0.463484 0
0.487536 0
0.219207 0
1.470188 0
0.107715 0
0.118970 0
0.253612 0
1.402611 0
0.364010 0
1.651135 0
1.550779 0
0.221493 0
0.182939 0
1.606027 0
0.238088 0
0.519323 0
0.080643 0
0.013787 0
0.378412 0
0.077987 0
1.083462 0
0.098939 0
0.145532 0
0.472701 0
0.529117 0
0.280590 0
0.266126 0
0.104179 0
0.288588 0
0.174918 0
0.397566 0
0.116993 0
0.084505 0
1.198466 0
0.481927 0
0.383210 0
0.097380 0
0.067284 0
1.101047 0
0.068935 0
0.268815 0
0.013669 0
1.011647 0
0.255617 0
0.311173 0
0.106770 0
0.022141 0
0.016917 0
0.300175 0
0.096068 0
0.106577 0
0.087684 0
0.188064 0
1.051997 0
1.027914 0
0.490367 0
0.591426 0
0.028321 0
0.635684 0
0.092560 0
0.154822 0
0.365968 0
0.270716 0
0.198630 0
0.655738 0
0.127484 0
1.389973 0
1.006453 0
0.306325 0
1.634940 0
0.798998 0
1.495373 0
0.279129 0
0.301996 0
0.103254 0
0.648329 0
0.096320 0
0.182179 0
0.218442 0
0.043241 0
0.459007 0
0.984001 0
0.041333 0
0.034842 0
0.430904 0
0.226642 0
0.049951 0
0.181656 0
0.041030 0
0.696257 0
0.339435 0
0.272937 0
0.186890 0
0.595404 0
0.102930 0
0.141642 0
0.704468 0
0.092888 0
0.560714 0
0.199509 0
0.027584 0
0.398459 0
0.081790 0
0.288025 0
0.691745 0
0.040067 0
0.067400 0
0.097657 0
0.018348 0
0.425037 0
0.573482 0
0.618242 0
0.622167 0
1.118665 0
0.669297 0
0.598345 0
0.291440 0
0.104460 0
0.187706 0
0.581751 0
0.232366 0
0.431389 0
0.131768 0
1.370992 0
0.078831 0
0.248809 0
0.167656 0
0.635180 0
0.652894 0
0.070868 0
0.079935 0
0.111263 0
0.309932 0
0.063683 0
0.732059 0
0.777448 0
0.069247 0
0.022260 0
1.560929 0
0.623052 0
0.007098 0
0.072894 0
0.161668 0
0.658707 0
0.248672 0
0.559761 0
0.597351 0
0.086140 0
0.397350 0
0.080991 0
0.320681 0
0.937456 0
0.149365 0
1.047109 0
0.947475 0
0.472505 0
0.200182 0
0.082269 0
0.332717 0
0.081729 0
1.425413 0
0.162159 0
0.148541 0
0.356228 0
1.321426 0
0.766220 0
0.736624 0
1.422492 0
0.319203 0
0.245675 0
0.763586 0
0.142173 0
0.328324 0
1.116074 0
0.295966 0
0.634134 0
0.100667 0
0.879797 0
0.427836 0
0.987174 0
0.439107 0
0.098140 0
1.471863 0
0.220196 0
1.510801 0
0.068484 0
0.248906 0
0.108956 0
1.386190 0
0.223239 0
0.022023 0
0.535884 0
0.439451 0
0.078858 0
0.932276 0
0.522402 0
0.648487 0
1.581061 0
0.052908 0
0.260134 0
0.393483 0
0.025681 0
0.311738 0
0.534097 0
0.047210 0
0.852534 0
0.096251 0
1.064877 0
0.382889 0
1.696743 0
0.412485 0
0.031995 0
0.081975 0
0.008191 0
1.204720 0
0.401999 0
0.007780 0
0.285216 0
0.165078 0
0.072507 0
0.046320 0
0.035951 0
0.094456 0
0.127997 0
0.458583 0
0.057630 0
0.819180 0
0.021353 0
0.098556 0
0.276042 0
0.404815 0
0.543447 0
0.030898 0
1.362221 0
1.215077 0
1.295467 0
0.049142 0
0.332832 0
1.644884 0
0.537568 0
0.253029 0
0.656382 0
0.340235 0
0.537537 0
0.090364 0
0.150704 0
0.950720 0
0.064481 0
0.916473 0
0.037431 0
0.134291 0
1.556713 0
0.217205 0
0.392594 0
0.359164 0
1.421964 0
0.437209 0
0.539910 0
0.125728 0
0.540860 0
0.068768 0
0.067487 0
1.274052 0
0.731413 0
0.245769 0
0.085382 0
0.082682 0
0.314971 0
0.587932 0
0.027101 0
0.116963 0
0.045607 0
0.085815 0
0.561951 0
0.317391 0
0.021070 0
0.380334 0
0.022424 0
0.601787 0
1.657426 0
0.601690 0
0.509690 0
0.511321 0
0.361020 0
0.086716 0
0.065627 0
0.030719 0
0.076688 0
1.371632 0
0.386169 0
0.138001 0
0.118167 0
1.573143 0
0.003705 0
0.336139 0
1.051501 0
1.648624 0
0.848231 0
0.297189 0
0.026795 0
0.314504 0
0.170316 0
0.167162 0
1.406609 0
0.362371 0
0.161747 0
0.114506 0
0.920030 0
1.537770 0
1.768988 0
0.186584 0
0.454056 0
0.177653 0
0.866004 0
0.123542 0
0.071912 0
0.165035 0
0.196682 0
0.118546 0
0.592605 0
0.044383 0
0.096093 0
0.314487 0
1.368359 0
1.091397 0
0.453806 0
0.092039 0
0.190878 0
0.246180 0
0.166157 0
1.334930 0
1.129629 0
0.844201 0
0.671611 0
1.420477 0
0.260741 0
0.070404 0
0.294536 0
0.348318 0
0.576613 0
0.297751 0
0.142176 0
0.166063 0
0.102987 0
0.930039 0
0.088248 0
0.913083 0
0.031033 0
0.715460 0
0.764306 0
0.040585 0
1.540907 0
0.089232 0
0.326339 0
1.539115 0
0.367904 0
0.127688 0
0.720079 0
1.077130 0
0.423945 0
0.259545 0
0.147861 0
1.247481 0
0.646128 0
0.091808 0
0.455038 0
0.312666 0
0.138491 0
0.036733 0
0.317512 0
0.118370 0
0.787164 0
0.916324 0
1.178290 0
0.141371 0
0.163877 0
0.641245 0
0.031182 0
0.890078 0
0.207344 0
0.396406 0
0.112564 0
0.452320 0
1.054186 0
1.163184 0
0.423412 0
2.142008 0
0.138061 0
1.046839 0
0.224972 0
0.765362 0
0.280438 0
0.141124 0
0.013495 0
1.682056 0
0.327545 0
0.016605 0
0.084345 0
1.186541 0
0.178621 0
0.659774 0
0.093111 0
0.368506 0
0.660030 0
0.553579 0
1.198133 0
0.331512 0
0.232905 0
0.276134 0
0.132675 0
0.058439 0
1.621761 0
0.078245 0
0.138952 0
0.858436 0
0.165411 0
0.459962 0
0.284731 0
0.173306 0
0.077142 0
0.289744 0
0.372001 0
0.305453 0
0.529805 0
0.915054 0
0.532250 0
0.165696 0
0.180217 0
0.692264 0
0.251119 0
0.671351 0
0.242952 0
0.839175 0
1.446019 0
0.264259 0
0.353967 0
0.276062 0
0.526756 0
0.417936 0
0.386227 0
1.065960 0
0.068831 0
0.726398 0
0.894382 0
0.438000 0
0.057427 0
1.530568 0
0.983917 0
0.067363 0
0.405020 0
0.283261 0
0.532213 0
0.475949 0
0.406718 0
0.488454 0
0.217461 0
0.061598 0
0.085069 0
1.063025 0
0.743418 0
0.668320 0
0.367145 0
0.788613 0
0.107412 0
0.350887 0
0.127224 0
0.134885 0
0.644410 0
0.102267 0
1.513301 0
0.032538 0
0.084970 0
0.288408 0
0.057543 0
0.170078 0
0.015619 0
1.055576 0
1.367413 0
0.183687 0
0.023109 0
0.210838 0
0.516036 0
1.266522 0
0.229174 0
0.018735 0
1.405185 0
1.446149 0
0.115391 0
1.618303 0
0.920338 0
0.060860 0
0.108804 0
1.056319 0
0.206112 0
0.196676 0
0.261298 0
0.020645 0
0.578857 0
1.164981 0
0.048338 0
0.131676 0
0.399636 0
0.752959 0
1.157632 0
0.043342 0
0.166204 0
0.805132 0
0.551165 0
0.192270 0
0.317246 0
0.768240 0
1.462875 0
0.480922 0
0.782693 0
0.639591 0
0.386214 0
0.230226 0
0.292188 0
0.715342 0
0.800425 0
0.446381 0
0.203527 0
1.816877 0
0.855054 0
0.160968 0
0.999587 0
1.394867 0
0.253248 0
0.057444 0
0.849910 0
0.960401 0
0.923520 0
0.004196 0
0.367216 0
0.700863 0
0.535171 0
0.146739 0
0.040278 0
0.644276 0
0.430953 0
0.034561 0
0.203049 0
0.338374 0
0.211965 0
0.212614 0
1.575122 0
0.043621 0
0.377207 0
0.952727 0
0.022745 0
0.713305 0
0.950392 0
0.756296 0
0.122546 0
0.080781 0
0.426183 0
0.224753 0
0.446127 0
0.465554 0
0.272322 0
1.592579 0
0.116598 0
0.478575 0
0.310672 0
0.773768 0
0.232358 0
0.033713 0
0.867027 0
0.082551 0
0.288670 0
0.042298 0
1.722249 0
0.183200 0
0.430753 0
0.377761 0
0.143145 0
0.045857 0
0.193666 0
0.626883 0
1.021130 0
0.014956 0
0.080842 0
0.081633 0
0.363110 0
0.689705 0
0.332981 0
0.804520 0
0.417592 0
0.266788 0
1.236474 0
1.267558 0
0.968726 0
0.056733 0
1.842274 0
0.296998 0
0.094493 0
1.319068 0
0.080195 0
0.137905 0
0.119994 0
0.337761 0
0.714920 0
0.305553 0
0.334056 0
0.121421 0
0.018874 0
0.167959 0
0.065088 0
0.362444 0
0.312108 0
0.321588 0
0.639234 0
0.724292 0
0.101490 0
0.573411 0
0.317155 0
0.169017 0
0.910099 0
0.116255 0
1.434453 0
0.420687 0
1.045413 0
0.082268 0
0.157805 0
0.340210 0
0.847423 0
0.161487 0
0.109948 0
0.617235 0
0.116900 0
0.351718 0
0.166270 0
0.039778 0
0.044289 0
0.036173 0
0.489841 0
0.186430 0
0.154312 0
0.060037 0
0.473436 0
0.398352 0
1.706831 0
0.089744 0
0.783706 0
1.678785 0
1.148264 0
0.970461 0
0.012089 0
0.178407 0
0.541515 0
0.073218 0
0.020079 0
0.370490 0
0.896954 0
0.179833 0
0.710874 0
0.127252 0
1.217907 0
0.847917 0
1.038494 0
0.512764 0
0.981608 0
0.113368 0
0.644382 0
0.029223 0
0.119199 0
0.488308 0
0.362986 0
1.088092 0
0.069375 0
0.533939 0
0.099547 0
0.676778 0
0.013144 0
0.526837 0
0.497902 0
0.999603 0
0.361949 0
0.202528 0
0.026129 0
0.045709 0
0.487839 0
0.570524 0
0.493745 0
0.855541 0
1.860388 0
0.552516 0
1.249388 0
0.349209 0
0.149963 0
0.949480 0
0.071529 0
0.226652 0
0.918154 0
0.247000 0
0.776637 0
0.135419 0
0.781771 0
1.410080 0
0.136948 0
0.281461 0
0.098093 0
0.737200 0
0.986083 0
0.457448 0
0.177412 0
0.423187 0
0.266659 0
0.303775 0
0.656617 0
1.421215 0
0.107533 0
0.121193 0
0.120919 0
0.148041 0
0.483417 0
0.580054 0
0.198844 0
0.051013 0
1.490417 0
0.233986 0
0.711861 0
0.582357 0
0.050781 0
0.758385 0
1.395753 0
0.372048 0
0.150672 0
0.235254 0
0.157702 0
0.041406 0
1.424845 0
0.106239 0
0.058641 0
0.413046 0
0.270116 0
1.350956 0
0.376137 0
1.502277 0
0.695495 0
0.054663 0
0.294230 0
0.520534 0
0.317498 0
1.511313 0
0.168824 0
0.852312 0
0.077025 0
1.300340 0
0.538710 0
0.173775 0
0.429496 0
0.146133 0
0.116513 0
0.312893 0
0.943686 0
0.679459 0
0.672065 0
0.505775 0
0.825490 0
1.388347 0
0.129471 0
0.072876 0
0.363456 0
0.144302 0
0.366652 0
1.059152 0
0.262397 0
1.099126 0
0.306751 0
0.082986 0
0.693602 0
0.305065 0
0.701865 0
0.567965 0
0.011794 0
0.019995 0
0.968713 0
0.468883 0
1.477380 0
0.027548 0
0.048905 0
0.220150 0
0.004878 0
0.166450 0
0.700775 0
0.664762 0
0.123083 0
0.145586 0
0.549996 0
0.720337 0
0.057805 0
0.172723 0
0.522933 0
0.598149 0
0.320320 0
0.092497 0
1.299422 0
0.336571 0
0.129174 0
0.286374 0
0.525949 0
0.668794 0
0.447003 0
0.121747 0
0.074947 0
0.152644 0
0.465504 0
1.504329 0
0.331272 0
0.481684 0
0.590156 0
0.494993 0
0.085458 0
0.500844 0
0.404588 0
0.624214 0
0.536083 0
0.276046 0
0.095756 0
0.366834 0
0.254229 0
0.745789 0
0.051035 0
0.368446 0
0.689789 0
0.554699 0
0.398275 0
0.047642 0
0.333537 0
0.292254 0
0.141910 0
0.120567 0
0.262037 0
0.076011 0
0.044648 0
0.486466 0
0.173019 0
0.299987 0
0.106140 0
0.167135 0
0.166491 0
0.037264 0
0.234477 0
0.523719 0
0.126338 0
0.893758 0
0.547376 0
0.523302 0
0.363305 0
0.538927 0
0.171150 0
0.475986 0
0.557457 0
0.139441 0
1.169268 0
1.812408 0
0.305374 0
0.068471 0
0.068016 0
0.267637 0
0.434408 0
0.677480 0
0.428946 0
0.496634 0
0.968456 0
0.118344 0
0.306429 0
0.086756 0
0.349536 0
0.340141 0
0.322002 0
0.402003 0
0.709011 0
0.046155 0
0.288760 0
0.257183 0
0.104847 0
0.372682 0
0.236311 0
0.145505 0
0.046561 0
0.316970 0
0.256887 0
0.082042 0
0.077366 0
0.397299 0
0.019184 0
0.280178 0
0.300076 0
0.355001 0
0.124889 0
0.086620 0
0.340790 0
0.930810 0
0.955204 0
0.636193 0
1.504412 0
0.071413 0
0.048142 0
0.178767 0
0.167150 0
0.068673 0
1.318261 0
1.450656 0
0.371665 0
0.129040 0
0.216322 0
0.116427 0
0.341374 0
0.277331 0
0.279919 0
0.397940 0
0.339486 0
1.254763 0
0.092501 0
0.625489 0
0.618095 0
0.679401 0
0.571210 0
0.240406 0
0.209279 0
0.815104 0
0.065245 0
0.015227 0
0.444475 0
0.286104 0
0.291162 0
1.020532 0
0.044899 0
0.208112 0
0.080597 0
0.387977 0
1.512711 0
0.094119 0
0.064513 0
0.133500 0
0.704966 0
0.233822 0
0.962087 0
0.142412 0
1.110405 0
0.303579 0
0.208620 0
0.408452 0
0.317826 0
1.009520 0
0.173503 0
1.278316 0
0.094115 0
0.238306 0
0.530008 0
1.466972 0
0.303624 0
0.294424 0
0.020748 0
0.333618 0
0.182965 0
1.161357 0
0.374010 0
1.335077 0
0.201233 0
0.754657 0
0.631416 0
0.706220 0
0.042466 0
0.288409 0
0.097758 0
0.332513 0
0.786347 0
1.399532 0
0.466871 0
0.045948 0
0.559829 0
0.118665 0
1.185477 0
0.226937 0
0.512680 0
0.701691 0
0.165731 0
0.619042 0
0.666950 0
0.440419 0
0.215508 0
0.522198 0
0.237671 0
0.576700 0
0.301498 0
0.131491 0
0.479146 0
0.351752 0
0.283114 0
0.187110 0
0.061475 0
0.125824 0
1.109308 0
0.282316 0
0.726766 0
0.195931 0
0.283427 0
0.263832 0
0.146320 0
0.099959 0
0.862226 0
0.094883 0
0.178026 0
1.220689 0
0.723506 0
1.411587 0
1.737700 0
0.257858 0
0.567361 0
1.585442 0
0.349703 0
0.926563 0
0.016268 0
0.146463 0
0.823529 0
0.335209 0
0.202478 0
0.855899 0
0.975784 0
0.017753 0
0.063367 0
0.542045 0
0.993692 0
0.125025 0
0.230759 0
0.412125 0
1.403702 0
1.445493 0
0.721827 0
0.628761 0
0.568171 0
0.370003 0
0.042973 0
0.441151 0
0.136453 0
0.384443 0
0.379847 0
0.557720 0
1.092696 0
0.420534 0
0.330943 0
0.693221 0
0.973590 0
0.140664 0
0.589666 0
0.307102 0
0.103535 0
0.560606 0
0.030148 0
0.914557 0
0.802321 0
0.311197 0
0.488035 0
1.432855 0
0.081940 0
0.678729 0
0.055967 0
0.274040 0
0.295477 0
0.044748 0
0.036206 0
0.131614 0
0.738911 0
0.374922 0
0.039006 0
0.633542 0
0.219588 0
0.953577 0
0.087293 0
1.139669 0
0.185689 0
0.377546 0
0.108511 0
0.393987 0
0.756318 0
0.212266 0
0.056047 0
0.788570 0
2.461770 0
0.066742 0
0.234328 0
0.259247 0
0.528995 0
0.535573 0
0.090776 0
0.379477 0
1.407740 0
0.021777 0
1.032201 0
0.489775 0
0.169054 0
0.185642 0
0.093984 0
0.657083 0
0.497850 0
0.138588 0
0.604999 0
1.230780 0
0.178785 0
0.088133 0
0.220998 0
0.787060 0
0.350925 0
0.117423 0
1.327291 0
1.339409 0
1.242610 0
0.028473 0
0.377072 0
0.832954 0
0.915364 0
0.264754 0
0.068471 0
0.551563 0
0.862980 0
0.319234 0
0.411814 0
0.207876 0
0.170238 0
0.941877 0
0.047220 0
0.323788 0
0.113667 0
0.315563 0
0.180794 0
0.466743 0
1.402025 0
0.712972 0
1.234516 0
0.159914 0
1.080588 0
1.011270 0
0.297026 0
1.429169 0
0.338747 0
0.767790 0
1.038034 0
0.218128 0
0.422655 0
0.118284 0
0.487456 0
0.575047 0
0.286376 0
0.150756 0
0.623397 0
0.247083 0
0.303096 0
0.842371 0
0.035500 0
1.093553 0
1.181682 0
0.833359 0
0.054933 0
0.763298 0
0.323289 0
0.059291 0
1.164477 0
1.487357 0
0.229297 0
0.088421 0
0.420949 0
0.159886 0
0.120182 0
0.030940 0
1.075637 0
1.506588 0
0.966833 0
0.244059 0
0.389213 0
0.083467 0
0.685633 0
0.030362 0
0.130274 0
0.128326 0
0.570969 0
0.587935 0
0.582336 0
0.271524 0
0.868672 0
0.135076 0
0.274991 0
1.382163 0
0.314084 0
1.634668 0
1.438333 0
0.916057 0
0.293825 0
0.353651 0
0.629823 0
0.041206 0
0.311198 0
0.163295 0
0.404707 0
0.194186 0
0.111432 0
0.140295 0
0.249435 0
0.508729 0
0.082155 0
0.647117 0
0.187241 0
0.131169 0
0.575409 0
0.171234 0
0.056589 0
0.138269 0
1.203707 0
1.467208 0
0.060980 0
0.289965 0
0.219837 0
0.708924 0
0.575912 0
0.114492 0
0.247103 0
0.822623 0
0.734451 0
0.914158 0
0.510424 0
2.222841 0
0.934236 0
0.043859 0
0.489478 0
0.241890 0
0.059529 0
0.071737 0
0.050226 0
0.875090 0
0.098552 0
0.220432 0
0.139453 0
0.040443 0
0.425720 0
0.193749 0
0.078027 0
0.061491 0
0.027031 0
0.150973 0
0.787868 0
0.283503 0
0.138587 0
1.361691 0
0.979005 0
0.334064 0
0.888657 0
0.517417 0
0.216078 0
0.703343 0
0.035754 0
1.029443 0
0.116339 0
0.944411 0
0.484587 0
0.436812 0
0.244351 0
0.536631 0
0.057057 0
0.357261 0
0.028083 0
0.054626 0
0.765770 0
1.563227 0
0.122766 0
1.253744 0
0.407735 0
0.180490 0
1.127198 0
0.562500 0
0.578992 0
0.746135 0
1.247697 0
1.251882 0
0.086487 0
0.975143 0
0.699351 0
0.545960 0
0.240705 0
1.092517 0
0.164108 0
0.390122 0
0.522282 0
0.944178 0
0.135242 0
0.394809 0
0.186334 0
0.749862 0
0.749683 0
0.267537 0
0.156612 0
0.252424 0
0.533051 0
0.224631 0
0.686856 0
0.105965 0
0.292443 0
0.108171 0
0.169311 0
0.648579 0
0.320651 0
0.691164 0
1.698815 0
0.506384 0
1.328489 0
0.722263 0
0.603669 0
0.257600 0
0.756379 0
0.170338 0
0.249767 0
0.917733 0
0.140798 0
0.544650 0
0.177244 0
0.634806 0
0.105733 0
0.081349 0
0.212962 0
0.030546 0
0.664464 0
0.667877 0
0.434625 0
1.432470 0
0.027413 0
0.951307 0
0.099811 0
0.397644 0
0.343996 0
0.357538 0
0.187481 0
0.600892 0
0.561765 0
0.988917 0
0.027111 0
0.421504 0
0.445843 0
0.034297 0
0.449760 0
0.790300 0
0.601747 0
0.130347 0
0.636310 0
0.995009 0
0.353711 0
0.154109 0
0.375179 0
0.020382 0
0.017148 0
0.195400 0
0.252972 0
0.096808 0
0.307407 0
0.020650 0
1.176655 0
1.457255 0
1.462443 0
1.690688 0
0.250221 0
0.967891 0
1.187454 0
0.004516 0
0.029110 0
0.482882 0
0.528012 0
0.109540 0
0.816905 0
0.050253 0
0.240898 0
0.237994 0
0.423588 0
0.308653 0
0.304669 0
0.136753 0
1.395950 0
0.029618 0
1.290761 0
0.324639 0
0.456584 0
0.178621 0
0.296717 0
0.365487 0
0.458462 0
0.429990 0
0.413649 0
0.926800 0
0.119219 0
0.248918 0
0.516766 0
0.759406 0
0.152116 0
0.149858 0
0.178100 0
0.101345 0
0.825498 0
0.041338 0
0.478426 0
1.439953 0
0.943486 0
0.288623 0
0.465879 0
0.065269 0
0.021314 0
0.179082 0
0.732348 0
0.555171 0
0.140814 0
0.425468 0
0.035961 0
0.653623 0
0.024149 0
0.521305 0
0.137102 0
1.579008 0
0.615099 0
0.114327 0
0.336827 0
0.222246 0
0.984494 0
1.793992 0
0.047207 0
1.043084 0
1.279244 0
0.417061 0
0.131850 0
0.968084 0
0.082421 0
0.302360 0
0.426305 0
0.424038 0
0.260828 0
0.121769 0
0.262471 0
1.453632 0
0.857430 0
0.190940 0
0.448590 0
1.397370 0
0.055680 0
0.539099 0
0.084904 0
0.748257 0
0.235837 0
0.237086 0
0.638822 0
0.790563 0
0.255511 0
0.154790 0
0.601791 0
1.881326 0
0.187562 0
0.097790 0
0.309373 0
0.219673 0
0.606113 0
0.456914 0
0.307091 0
0.456722 0
0.058225 0
0.174295 0
0.342593 0
1.504970 0
0.250176 0
0.884092 0
0.963269 0
0.624052 0
1.782103 0
0.576557 0
0.373724 0
0.676795 0
0.013714 0
0.810205 0
0.854212 0
1.431516 0
0.302820 0
0.473538 0
0.754660 0
0.347522 0
0.156387 0
0.059402 0
0.148310 0
0.188028 0
0.082764 0
1.002609 0
0.078262 0
0.481431 0
0.576110 0
0.612370 0
1.120186 0
0.367123 0
0.183587 0
0.890025 0
1.572694 0
0.785813 0
0.331191 0
0.401752 0
0.636866 0
1.212542 0
0.314367 0
0.126581 0
0.384116 0
0.508963 0
1.571850 0
2.264556 0
0.898380 0
0.964003 0
1.404773 0
0.799527 0
1.987987 0
0.105215 0
0.232803 0
0.682407 0
0.021388 0
0.050128 0
0.009659 0
0.493998 0
1.134971 0
0.032934 0
0.179737 0
0.886360 0
0.894913 0
0.713147 0
0.040050 0
0.382224 0
0.180292 0
0.239295 0
0.356786 0
0.420189 0
0.165963 0
0.014130 0
0.270918 0
0.170230 0
0.456806 0
0.447809 0
0.647690 0
0.292248 0
0.197330 0
0.321433 0
0.884568 0
0.243573 0
0.106904 0
0.094437 0
0.371330 0
0.160622 0
1.230053 0
0.371170 0
0.667112 0
1.042029 0
0.356505 0
0.439060 0
0.551043 0
0.887771 0
0.387962 0
0.077435 0
0.072382 0
0.610693 0
0.382716 0
0.642092 0
0.053857 0
0.094017 0
0.226763 0
1.772615 0
1.020429 0
1.811066 0
0.250354 0
0.130744 0
0.122489 0
0.511991 0
0.211768 0
1.180243 0
0.212213 0
0.432986 0
0.462731 0
0.221916 0
0.098197 0
0.857134 0
0.667711 0
0.118324 0
0.045492 0
0.243964 0
0.030357 0
0.042953 0
0.114790 0
1.500358 0
0.091247 0
0.015337 0
0.484349 0
1.464051 0
1.042956 0
0.429091 0
0.071522 0
0.560912 0
0.885867 0
0.733406 0
0.211825 0
0.494537 0
0.495408 0
0.073489 0
0.528916 0
0.933879 0
0.271458 0
0.054065 0
0.047697 0
0.085179 0
0.773287 0
0.383081 0
1.320628 0
0.123567 0
0.326597 0
0.012070 0
0.208442 0
0.497453 0
0.860954 0
0.136469 0
0.382820 0
0.410925 0
1.222347 0
0.345452 0
0.729256 0
0.607497 0
0.071514 0
0.219113 0
0.095940 0
0.180239 0
1.716960 0
0.126071 0
1.958338 0
0.013788 0
0.128942 0
0.615573 0
0.203502 0
0.469587 0
0.300873 0
1.773237 0
0.455021 0
0.477085 0
0.119313 0
1.007923 0
0.494353 0
0.008725 0
0.382474 0
0.130748 0
0.392730 0
0.095161 0
0.250641 0
0.277736 0
0.253740 0
0.050820 0
0.193277 0
0.745456 0
0.295565 0
0.589347 0
0.958564 0
0.609838 0
1.038387 0
1.694037 0
0.146324 0
0.306978 0
1.360364 0
0.668478 0
0.885492 0
0.326097 0
0.027305 0
1.036362 0
0.658739 0
0.243116 0
0.032095 0
0.196215 0
0.593066 0
0.115481 0
0.234344 0
0.242554 0
0.150244 0
1.318921 0
0.351179 0
1.263544 0
0.076384 0
0.128910 0
0.192691 0
0.217871 0
1.546891 0
0.236829 0
0.669500 0
0.116066 0
0.882827 0
0.114691 0
0.270648 0
0.546753 0
0.052607 0
0.423018 0
0.568807 0
0.407136 0
0.607599 0
0.065169 0
1.011964 0
0.239776 0
0.607428 0
0.014539 0
0.305821 0
0.981109 0
0.402900 0
0.098117 0
0.034098 0
0.020515 0
0.218142 0
1.131802 0
0.748049 0
0.507034 0
0.040212 0
0.302120 0
0.196484 0
0.498347 0
0.472417 0
0.927995 0
0.075664 0
0.236516 0
0.494118 0
0.367910 0
1.056796 0
0.382943 0
0.457596 0
0.247366 0
0.612374 0
0.033125 0
0.592113 0
0.415243 0
0.594721 0
0.353266 0
1.266153 0
1.470665 0
0.607506 0
0.314702 0
0.199062 0
0.203055 0
0.322231 0
1.190560 0
0.083525 0
1.458736 0
0.235943 0
0.567801 0
0.951309 0
1.476958 0
0.499121 0
0.054225 0
0.199199 0
1.257638 0
0.348231 0
0.702780 0
0.532372 0
1.105496 0
0.426660 0
0.314682 0
0.785699 0
1.597862 0
0.214382 0
0.099326 0
0.131021 0
0.496067 0
0.370689 0
0.606386 0
0.342655 0
0.388972 0
0.539493 0
0.847579 0
0.635046 0
0.206751 0
0.156549 0
1.514629 0
0.472085 0
0.345548 0
0.286747 0
0.939086 0
1.619750 0
0.529759 0
0.170426 0
0.005718 0
0.256053 0
1.129815 0
0.040408 0
1.392276 0
0.785429 0
0.222760 0
0.070695 0
0.054287 0
0.581816 0
0.285564 0
0.013690 0
0.377419 0
0.684404 0
0.073713 0
1.802906 0
0.527298 0
1.097991 0
0.586926 0
0.017835 0
0.152037 0
0.325587 0
0.918396 0
0.028480 0
0.211328 0
0.028188 0
1.460852 0
0.035000 0
0.531809 0
0.138610 0
1.153057 0
0.114417 0
0.390047 0
0.256049 0
0.435541 0
0.291992 0
1.073503 0
0.640938 0
0.228696 0
0.150051 0
0.687269 0
0.272535 0
0.542852 0
0.816771 0
1.269948 0
0.062201 0
1.095564 0
0.423343 0
0.195431 0
0.138037 0
0.454925 0
0.402423 0
0.552120 0
0.344093 0
0.366516 0
0.566989 0
0.231795 0
0.207595 0
0.105328 0
1.056804 0
0.737601 0
0.104187 0
0.605276 0
0.229949 0
0.111468 0
0.553880 0
0.398327 0
0.243803 0
0.353972 0
0.362476 0
0.647839 0
1.119923 0
0.406069 0
1.171083 0
0.052670 0
0.019375 0
0.386513 0
0.461217 0
1.184815 0
0.569067 0
0.749037 0
0.147179 0
0.024022 0
0.189349 0
1.167471 0
0.070457 0
0.586626 0
0.031103 0
0.098623 0
1.224470 0
0.012651 0
1.531647 0
0.370490 0
0.118168 0
0.349798 0
0.169701 0
0.460602 0
1.485473 0
1.347609 0
0.457024 0
0.921463 0
0.900966 0
0.352395 0
0.112865 0
0.646275 0
1.773465 0
0.343919 0
0.603982 0
0.293209 0
0.326101 0
0.954042 0
0.063780 0
0.655642 0
0.381335 0
0.450319 0
0.041669 0
0.834927 0
1.436625 0
0.988277 0
0.287348 0
1.357633 0
0.131988 0
1.363726 0
0.271588 0
1.084972 0
1.411016 0
0.101430 0
0.311304 0
0.065204 0
1.178973 0
0.926295 0
0.202496 0
1.275678 0
1.224643 0
0.359285 0
1.328534 0
0.138624 0
1.372355 0
0.152997 0
1.420662 0
0.202591 0
0.832991 0
0.088733 0
0.197284 0
0.018634 0
0.678140 0
0.102814 0
0.548608 0
0.216780 0
0.063195 0
1.271832 0
0.081254 0
0.043257 0
0.197847 0
1.009876 0
0.699989 0
0.310896 0
0.205597 0
0.310657 0
0.747256 0
0.054541 0
0.742233 0
0.133512 0
0.253919 0
0.317809 0
0.148518 0
0.240413 0
0.365054 0
0.256970 0
0.603740 0
1.384840 0
1.068328 0
0.527728 0
0.464363 0
0.284328 0
0.334921 0
0.037634 0
1.640912 0
0.078883 0
0.125634 0
0.207097 0
0.534120 0
0.258838 0
0.186829 0
0.810622 0
0.379519 0
0.028133 0
0.820405 0
0.453721 0
0.335257 0
1.567233 0
1.397916 0
0.327337 0
0.079128 0
0.407832 0
0.361246 0
1.103231 0
0.309152 0
0.028387 0
0.278532 0
0.023450 0
0.307262 0
0.106519 0
0.328630 0
1.914437 0
0.192430 0
0.989674 0
0.273716 0
0.145708 0
1.649107 0
1.398728 0
0.083450 0
1.075427 0
0.632325 0
0.072525 0
0.955748 0
0.045487 0
0.136187 0
0.267914 0
0.333029 0
0.276498 0
0.154168 0
0.190667 0
0.941679 0
1.177232 0
0.089802 0
0.472852 0
0.564111 0
0.403396 0
0.636910 0
0.061312 0
0.732711 0
0.105546 0
0.111636 0
0.135709 0
0.236077 0
0.068609 0
0.068123 0
1.799293 0
0.557183 0
0.658720 0
0.347058 0
1.182185 0
0.094639 0
0.038555 0
1.293824 0
0.396655 0
1.026063 0
0.910764 0
0.102803 0
0.090552 0
0.407520 0
0.695392 0
0.160668 0
0.965857 0
0.493647 0
0.211710 0
0.390393 0
0.264121 0
0.062661 0
0.262647 0
0.086861 0
0.394010 0
0.172287 0
0.096500 0
0.760709 0
0.488247 0
0.307076 0
0.320230 0
0.316205 0
0.392871 0
0.785787 0
1.168657 0
0.633804 0
0.564935 0
0.426473 0
0.679558 0
0.122652 0
0.625121 0
0.068991 0
1.365106 0
0.153703 0
0.420387 0
0.081947 0
0.166423 0
1.431778 0
0.494738 0
0.002550 0
0.020202 0
0.115247 0
1.466232 0
0.166405 0
0.826387 0
0.130791 0
1.361318 0
0.291910 0
0.562521 0
0.265218 0
0.054860 0
0.174967 0
0.522156 0
0.171682 0
0.142129 0
0.382223 0
0.005434 0
0.145161 0
0.202926 0
0.383983 0
0.950676 0
0.514731 0
1.221908 0
0.023529 0
1.086097 0
0.256944 0
0.146101 0
0.290028 0
0.006051 0
0.113709 0
0.441964 0
1.164487 0
0.154070 0
0.911836 0
0.516732 0
0.154394 0
0.035253 0
0.583602 0
0.318648 0
1.181113 0
