0.263365 0
0.817072 0
0.198361 0
0.268381 0
1.495290 0
0.300597 0
0.091625 0
0.155048 0
0.254216 0
0.239917 0
0.214013 0
0.020550 0
0.039237 0
0.013839 0
0.638223 0
0.601071 0
0.176536 0
0.507837 0
0.253126 0
0.109412 0
0.460172 0
0.166505 0
0.226280 0
0.353850 0
0.078435 0
0.468602 0
0.206834 0
1.423308 0
0.623289 0
1.003245 0
0.410001 0
0.626841 0
0.448950 0
0.147151 0
0.251000 0
0.285613 0
0.243831 0
0.053205 0
1.162254 0
0.009596 0
0.309830 0
0.450192 0
0.693450 0
0.272116 0
0.302027 0
0.054080 0
0.056708 0
1.039322 0
0.236258 0
0.688316 0
0.674421 0
0.007929 0
0.491540 0
0.818377 0
0.657223 0
0.895208 0
1.426557 0
0.294846 0
0.084422 0
0.308279 0
0.064244 0
0.021803 0
0.408038 0
1.446006 0
0.697019 0
0.720274 0
1.302987 0
0.119863 0
0.062532 0
0.369018 0
0.761081 0
1.131997 0
0.297883 0
0.426519 0
0.042411 0
0.161959 0
1.026703 0
0.500712 0
0.208688 0
0.492032 0
1.171644 0
0.925248 0
1.408545 0
0.006527 0
0.488759 0
0.007099 0
0.157132 0
1.363031 0
0.348682 0
1.365109 0
0.442706 0
0.138123 0
0.303464 0
0.055442 0
0.757024 0
0.414606 0
0.264986 0
0.214054 0
0.203832 0
1.105643 0
0.088351 0
0.213117 0
0.061035 0
0.575824 0
0.318245 0
0.135332 0
0.012264 0
0.045520 0
1.386415 0
0.251098 0
0.617104 0
0.009453 0
0.122044 0
0.161232 0
0.038644 0
0.324019 0
0.558928 0
0.208781 0
0.599565 0
0.063162 0
0.169746 0
0.159515 0
1.046456 0
0.125306 0
0.172500 0
0.946367 0
0.865918 0
0.030710 0
0.174703 0
0.311502 0
0.022886 0
0.152506 0
1.301369 0
0.237769 0
0.235806 0
0.516321 0
0.484337 0
0.143047 0
0.023262 0
0.398980 0
0.623566 0
0.231581 0
0.210173 0
0.271401 0
0.086508 0
0.163480 0
0.686112 0
0.210498 0
1.175055 0
0.753595 0
0.057458 0
0.628686 0
0.924561 0
0.039143 0
0.090159 0
0.427179 0
1.006410 0
0.314398 0
1.576885 0
1.569945 0
0.066489 0
0.112126 0
0.303206 0
0.245077 0
0.472211 0
0.595368 0
0.732559 0
0.120854 0
0.500674 0
1.375311 0
0.088593 0
0.289986 0
1.219053 0
0.155318 0
0.348059 0
0.235219 0
0.018008 0
0.284371 0
0.017984 0
1.401262 0
0.435886 0
0.489194 0
0.065922 0
0.476329 0
0.358007 0
0.754414 0
0.582173 0
1.457420 0
0.310007 0
0.183070 0
0.991347 0
0.006367 0
0.462336 0
0.096961 0
1.332951 0
1.177056 0
1.084967 0
0.647759 0
1.061269 0
0.289176 0
0.796296 0
0.442014 0
0.016993 0
0.925641 0
0.229825 0
0.223121 0
0.619189 0
0.013571 0
0.012441 0
0.031778 0
0.359278 0
0.091772 0
0.117486 0
0.003016 0
0.162655 0
0.177806 0
0.362974 0
0.025701 0
0.414170 0
0.250690 0
0.202973 0
0.397009 0
0.008798 0
0.247304 0
1.839354 0
0.150343 0
0.299164 0
0.038851 0
0.055884 0
0.894051 0
1.013680 0
0.412698 0
1.328791 0
0.597533 0
0.185318 0
0.697882 0
0.015373 0
0.057712 0
0.211864 0
0.385524 0
0.180906 0
1.372923 0
0.552301 0
1.538364 0
0.004326 0
1.145394 0
0.571786 0
2.196425 0
0.880731 0
0.430619 0
0.083129 0
0.461825 0
0.215871 0
0.218134 0
0.297106 0
0.085991 0
0.141841 0
1.382395 0
0.094960 0
0.378224 0
0.726623 0
0.540843 0
0.551992 0
0.010703 0
0.932137 0
1.369149 0
0.100106 0
0.577448 0
0.159548 0
1.146383 0
0.009593 0
0.711137 0
0.770770 0
0.383323 0
1.040491 0
0.536659 0
0.745758 0
0.039299 0
0.321245 0
0.483875 0
0.696612 0
0.079405 0
0.653023 0
0.883664 0
1.921218 0
0.139222 0
0.552580 0
0.594500 0
0.114426 0
1.364701 0
0.298173 0
0.425164 0
0.123627 0
0.151470 0
0.384229 0
0.379154 0
1.830196 0
0.526826 0
0.155661 0
0.508356 0
0.083012 0
0.481435 0
0.464876 0
0.321944 0
0.210873 0
0.417612 0
0.163238 0
0.296580 0
0.240265 0
1.449123 0
0.114574 0
0.555259 0
0.194361 0
0.205409 0
0.109143 0
1.060586 0
0.435995 0
0.978470 0
1.460769 0
0.009187 0
1.150398 0
0.563561 0
1.274607 0
0.319043 0
0.296021 0
0.320029 0
0.203903 0
0.280016 0
0.851306 0
0.467575 0
1.083500 0
0.216623 0
0.506367 0
0.083843 0
0.669146 0
1.269683 0
1.153913 0
0.956362 0
0.475698 0
0.516628 0
1.167811 0
0.700184 0
0.173559 0
0.033831 0
0.885798 0
1.930650 0
0.928784 0
0.564596 0
0.246474 0
1.387416 0
0.242590 0
0.677962 0
0.468291 0
0.293481 0
0.228640 0
0.072615 0
1.239153 0
0.473316 0
0.311554 0
0.914985 0
1.013580 0
0.258427 0
0.974339 0
1.198773 0
0.031807 0
0.164234 0
0.043783 0
0.226906 0
0.269775 0
0.139979 0
0.460521 0
0.591156 0
0.195021 0
0.153568 0
0.333655 0
0.859225 0
0.218306 0
1.432876 0
0.704263 0
0.011857 0
0.275640 0
0.239397 0
0.449097 0
0.143504 0
0.900715 0
0.237250 0
0.121829 0
0.744411 0
0.153822 0
0.211379 0
0.393930 0
1.128440 0
0.848807 0
0.181694 0
0.525996 0
0.095812 0
0.215993 0
0.027078 0
1.231509 0
0.137908 0
0.056257 0
0.859949 0
0.315435 0
0.467257 0
1.397193 0
0.639993 0
0.237644 0
0.980270 0
0.248847 0
0.575756 0
0.660919 0
0.579151 0
0.161599 0
0.275381 0
0.198066 0
0.028727 0
1.197933 0
0.026048 0
0.145645 0
0.689170 0
0.804201 0
0.512419 0
0.297837 0
0.078769 0
1.389450 0
0.116423 0
0.141947 0
0.165638 0
0.674636 0
0.058438 0
0.012914 0
0.379829 0
0.380982 0
0.884038 0
0.006141 0
0.345214 0
0.351988 0
0.155543 0
0.269563 0
0.232859 0
0.012446 0
0.316952 0
1.440953 0
0.713187 0
0.703432 0
1.367196 0
0.052562 0
0.746422 0
0.350293 0
0.068949 0
0.353968 0
0.424266 0
0.111452 0
0.382104 0
0.133639 0
0.358933 0
0.016528 0
1.067432 0
0.223570 0
1.435198 0
0.010904 0
0.105535 0
0.138334 0
0.601869 0
1.210719 0
0.665859 0
1.160499 0
0.180352 0
0.150154 0
0.069188 0
0.356642 0
0.274943 0
0.044215 0
0.527777 0
0.540767 0
0.891945 0
0.103660 0
0.109508 0
0.034460 0
0.398429 0
0.651103 0
0.588854 0
0.280802 0
0.240768 0
0.236792 0
0.056409 0
0.028619 0
1.068203 0
0.523408 0
0.220024 0
0.061834 0
0.527354 0
0.078400 0
0.382721 0
0.052704 0
0.031109 0
0.177271 0
0.060285 0
1.100267 0
0.413763 0
0.177085 0
0.435789 0
0.477024 0
1.065511 0
0.412188 0
0.031442 0
0.696047 0
1.407795 0
0.081790 0
0.497289 0
0.218540 0
0.191219 0
0.470441 0
0.311394 0
0.628948 0
1.844766 0
0.185472 0
0.743380 0
1.280002 0
0.259785 0
0.842499 0
0.560125 0
0.411767 0
0.060845 0
0.018312 0
0.827985 0
1.352910 0
0.251783 0
0.484658 0
0.538830 0
0.039104 0
0.520613 0
0.639111 0
0.231185 0
0.313199 0
0.010841 0
0.785095 0
0.490776 0
0.336854 0
0.540830 0
0.543744 0
0.411523 0
0.208702 0
1.090913 0
0.486931 0
1.470766 0
0.068197 0
0.384437 0
1.290543 0
0.167390 0
1.096235 0
0.324369 0
0.684106 0
0.392370 0
0.831108 0
0.422378 0
0.028755 0
0.007212 0
0.922706 0
0.611102 0
0.117750 0
0.217520 0
0.423616 0
1.190097 0
0.797266 0
0.213841 0
0.517554 0
0.081674 0
0.418112 0
0.137019 0
0.454225 0
0.615888 0
0.016392 0
0.330011 0
0.340131 0
0.058303 0
1.468552 0
0.151856 0
0.229386 0
0.951231 0
0.397911 0
1.289124 0
0.502354 0
0.404648 0
0.701107 0
0.075620 0
0.159567 0
0.110805 0
0.394701 0
0.592969 0
0.148872 0
0.396163 0
0.416902 0
0.788199 0
0.030573 0
0.170716 0
0.361960 0
0.081668 0
0.209487 0
1.127280 0
1.363936 0
0.123820 0
0.174970 0
0.258902 0
0.129631 0
0.333513 0
0.091901 0
0.326999 0
1.278858 0
1.039411 0
0.316169 0
0.280961 0
1.399138 0
1.144451 0
0.834616 0
0.922747 0
0.004703 0
0.007124 0
0.518299 0
0.593550 0
0.115323 0
1.432482 0
0.626302 0
0.118167 0
0.036417 0
0.145453 0
0.699229 0
0.863142 0
0.106658 0
0.559659 0
0.153760 0
0.174516 0
0.049847 0
1.361402 0
0.407279 0
1.076865 0
1.396638 0
0.615542 0
0.121421 0
0.178725 0
0.149592 0
0.931974 0
1.422634 0
0.262772 0
0.378044 0
0.275337 0
1.005557 0
0.182965 0
0.002517 0
0.701960 0
0.077268 0
0.494090 0
0.023080 0
0.380644 0
0.826402 0
0.095992 0
1.020663 0
0.534372 0
0.068038 0
0.953459 0
1.574066 0
0.269961 0
0.081900 0
0.758778 0
0.031289 0
0.483885 0
0.797372 0
0.592181 0
0.258964 0
0.605322 0
0.687759 0
0.126025 0
0.504114 0
1.174728 0
0.248122 0
0.124448 0
0.138160 0
0.694595 0
0.089382 0
0.496755 0
0.290176 0
0.295073 0
1.169085 0
1.579804 0
0.979239 0
0.410319 0
0.583596 0
0.383779 0
0.611033 0
1.059075 0
0.538408 0
0.241840 0
0.175640 0
0.869353 0
0.230687 0
0.346648 0
0.737620 0
0.854987 0
0.077322 0
1.441168 0
0.516795 0
0.975994 0
0.228111 0
1.324141 0
0.140720 0
0.328720 0
0.104690 0
1.158568 0
0.071637 0
0.039363 0
1.590237 0
0.201051 0
0.709255 0
0.870439 0
0.134218 0
0.341419 0
0.047955 0
0.110235 0
0.012170 0
0.704113 0
0.511621 0
0.033976 0
0.789236 0
0.187408 0
0.059552 0
0.094165 0
0.264436 0
0.368299 0
0.482563 0
0.154284 0
1.203664 0
0.545846 0
0.061122 0
0.190898 0
0.060542 0
0.037561 0
0.263603 0
0.441329 0
0.217640 0
0.336061 0
0.587906 0
0.035223 0
0.400482 0
0.672885 0
0.506228 0
0.821288 0
0.000384 0
1.377190 0
0.898738 0
0.053926 0
0.743399 0
0.625365 0
0.263017 0
0.205278 0
0.206062 0
0.057147 0
0.893222 0
0.182496 0
0.526014 0
0.088510 0
0.188510 0
0.380999 0
0.229708 0
0.004082 0
0.422127 0
0.434861 0
0.493400 0
0.118774 0
0.955119 0
0.799672 0
0.071982 0
0.607725 0
0.442076 0
1.373748 0
0.351733 0
0.298223 0
0.442076 0
0.160051 0
0.133027 0
0.217269 0
0.323773 0
0.186449 0
1.168642 0
0.081156 0
1.881508 0
1.017211 0
0.713311 0
0.007649 0
0.593688 0
0.323481 0
0.511338 0
0.305435 0
0.311139 0
0.044287 0
1.557394 0
0.028753 0
0.442420 0
0.042298 0
0.403688 0
0.040933 0
0.202541 0
0.449682 0
1.208119 0
0.880938 0
0.382009 0
0.440299 0
0.586392 0
0.897772 0
1.394589 0
0.574762 0
0.072712 0
0.507915 0
0.760466 0
0.251767 0
0.238201 0
0.780448 0
1.252554 0
0.639771 0
0.332749 0
0.231447 0
0.268385 0
0.012514 0
0.835309 0
0.135611 0
0.196916 0
0.312978 0
0.082656 0
0.564794 0
0.206476 0
0.290079 0
0.523535 0
0.390430 0
0.194868 0
1.414548 0
0.020163 0
0.264309 0
0.225159 0
0.102167 0
0.275089 0
0.491125 0
0.085436 0
0.237488 0
0.354518 0
1.336515 0
0.145811 0
0.861304 0
1.550097 0
0.095121 0
0.392860 0
1.075759 0
0.698661 0
0.130644 0
0.067824 0
0.521882 0
0.466604 0
0.404609 0
0.912085 0
0.826221 0
0.015222 0
1.505174 0
0.264604 0
0.703287 0
0.548838 0
0.779306 0
0.900475 0
0.094477 0
0.447384 0
0.341391 0
0.455840 0
1.021089 0
0.026478 0
0.316317 0
0.078306 0
0.472163 0
0.022860 0
1.415005 0
0.613350 0
0.081513 0
1.027248 0
0.406473 0
0.124875 0
0.335596 0
0.042727 0
1.607980 0
0.398373 0
0.036705 0
1.577016 0
0.256416 0
0.713347 0
0.468466 0
0.078235 0
0.293099 0
0.735198 0
1.281747 0
1.440140 0
0.129981 0
0.727146 0
0.048306 0
0.563928 0
0.966421 0
0.229837 0
1.398054 0
0.136452 0
0.176052 0
0.754131 0
1.202505 0
0.128383 0
0.178084 0
0.714557 0
0.720240 0
0.678575 0
0.206450 0
1.176657 0
0.184327 0
0.269246 0
0.160054 0
0.423539 0
0.892002 0
0.886598 0
0.450341 0
0.539641 0
0.353419 0
0.193571 0
0.371252 0
0.545425 0
0.928526 0
0.290030 0
0.672192 0
0.114288 0
0.476793 0
0.630176 0
0.112359 0
0.121408 0
0.468904 0
0.034467 0
0.695375 0
0.341630 0
0.325895 0
1.046112 0
0.370090 0
0.518448 0
0.811516 0
0.030198 0
0.009954 0
0.033434 0
0.019759 0
1.549158 0
0.579286 0
0.159397 0
0.114855 0
1.612373 0
1.502860 0
0.023085 0
0.287567 0
0.561615 0
0.031178 0
0.006289 0
0.151291 0
1.313239 0
0.432460 0
0.040668 0
0.106052 0
0.218104 0
0.275933 0
0.853381 0
0.293100 0
0.313832 0
0.191456 0
0.015383 0
0.119752 0
0.085868 0
0.539691 0
0.696851 0
0.341484 0
0.402850 0
0.255675 0
0.722630 0
0.346952 0
0.782794 0
0.071913 0
0.017780 0
0.176527 0
0.261809 0
0.289242 0
1.370375 0
0.013328 0
0.252178 0
0.614797 0
0.209750 0
0.567134 0
0.117887 0
0.472886 0
0.000887 0
0.039265 0
0.078394 0
0.265899 0
0.127914 0
0.065760 0
0.222434 0
1.237983 0
0.995953 0
0.117681 0
0.401056 0
0.236044 0
0.708616 0
0.615875 0
0.550203 0
0.062154 0
1.105634 0
0.534954 0
0.429467 0
0.404857 0
0.522884 0
0.373550 0
0.360306 0
0.071206 0
0.131297 0
1.431532 0
0.016627 0
0.209295 0
1.357352 0
1.525880 0
0.140884 0
0.196588 0
0.560381 0
0.460982 0
2.724602 0
0.599404 0
0.223000 0
0.221186 0
0.188325 0
0.157523 0
0.084905 0
0.263268 0
0.170621 0
0.058611 0
0.381093 0
0.606960 0
0.011052 0
0.591633 0
0.835556 0
0.373621 0
0.220770 0
0.842265 0
0.772445 0
1.477587 0
0.021286 0
0.061537 0
0.208937 0
0.795147 0
1.177303 0
0.332820 0
0.993667 0
0.465490 0
0.626172 0
0.022678 0
0.819020 0
1.009924 0
0.070344 0
0.073747 0
0.223578 0
0.284080 0
0.433416 0
0.234408 0
0.675215 0
0.031522 0
1.476242 0
0.067621 0
0.012866 0
0.462535 0
0.301212 0
0.336337 0
0.021310 0
0.170893 0
1.386804 0
0.159605 0
0.136200 0
0.139224 0
0.713983 0
0.041055 0
1.045140 0
0.398110 0
0.283524 0
0.665736 0
0.003518 0
0.599671 0
0.070168 0
0.346392 0
0.592139 0
0.878456 0
1.295643 0
1.364127 0
0.074487 0
0.223321 0
0.314475 0
0.201398 0
0.217693 0
0.347895 0
0.401647 0
0.651870 0
0.179405 0
0.129920 0
0.157815 0
0.311198 0
1.030960 0
0.029545 0
0.244493 0
0.086225 0
0.742940 0
0.367263 0
0.782253 0
1.166577 0
0.105244 0
0.534386 0
0.281371 0
0.512531 0
0.159799 0
0.235287 0
0.414964 0
0.011439 0
0.925174 0
0.219563 0
0.161456 0
0.088883 0
0.316726 0
0.721251 0
0.672598 0
0.270498 0
0.788819 0
0.176780 0
0.875602 0
0.231813 0
0.854403 0
0.273499 0
0.073680 0
0.061849 0
0.163441 0
0.101195 0
0.241710 0
0.344727 0
1.531638 0
0.517273 0
0.229032 0
0.189825 0
0.925638 0
0.054551 0
0.143941 0
0.423406 0
0.021582 0
0.599725 0
0.214147 0
1.032000 0
0.333900 0
0.416331 0
0.822819 0
0.108513 0
0.204686 0
0.166521 0
0.212108 0
1.132263 0
0.747962 0
0.096571 0
0.522430 0
1.331359 0
0.594814 0
1.651537 0
0.850432 0
0.849890 0
0.492103 0
2.228467 0
0.055748 0
0.170380 0
1.015692 0
0.144799 0
0.068361 0
0.530442 0
0.432345 0
0.445004 0
0.316758 0
0.293292 0
1.167667 0
0.202812 0
0.063681 0
0.098096 0
1.355043 0
0.555191 0
0.335450 0
0.578627 0
0.203437 0
0.406817 0
0.817670 0
0.412403 0
1.372944 0
0.545934 0
0.093874 0
0.004006 0
1.143192 0
0.037253 0
0.109604 0
0.387498 0
0.331918 0
0.857194 0
0.000792 0
0.781695 0
0.778326 0
0.570360 0
0.182714 0
0.330790 0
0.369586 0
0.137994 0
1.268222 0
0.879316 0
0.751836 0
0.035879 0
0.555537 0
0.610952 0
0.791061 0
0.097364 0
0.215273 0
0.437594 0
0.276248 0
0.492831 0
0.011887 0
0.473087 0
0.425542 0
1.382860 0
0.073335 0
0.292623 0
0.074951 0
0.450923 0
0.682429 0
0.545651 0
0.753008 0
0.886273 0
1.227916 0
1.423353 0
0.649520 0
0.669009 0
0.025530 0
0.038551 0
0.233647 0
0.034083 0
0.669533 0
0.145225 0
0.294251 0
0.491823 0
0.188103 0
0.064063 0
0.247874 0
0.381791 0
0.896068 0
0.772238 0
0.101121 0
0.288516 0
0.079068 0
0.124268 0
0.061329 0
0.416600 0
0.886003 0
0.253496 0
1.767601 0
0.327024 0
0.118747 0
0.078642 0
0.345157 0
1.372647 0
0.255385 0
0.171329 0
0.431766 0
0.168317 0
0.344539 0
0.676813 0
0.342301 0
0.333202 0
0.019733 0
0.611054 0
0.056720 0
0.934530 0
0.124806 0
0.249413 0
0.086861 0
0.443856 0
0.469054 0
0.071068 0
0.363660 0
0.162309 0
1.356258 0
1.450065 0
0.897579 0
0.567670 0
0.406386 0
1.112428 0
0.112892 0
0.265350 0
0.039161 0
0.618215 0
0.403835 0
1.340319 0
0.061481 0
0.215655 0
0.090382 0
0.319853 0
0.604062 0
0.265216 0
0.536486 0
0.579003 0
0.083089 0
1.694017 0
0.151807 0
0.006518 0
0.192589 0
0.047618 0
0.254170 0
0.352803 0
0.192184 0
0.252619 0
0.457623 0
0.241663 0
0.138871 0
0.017591 0
0.067365 0
0.157208 0
0.207633 0
0.016108 0
0.108139 0
0.460890 0
0.689196 0
0.095768 0
0.486308 0
0.329585 0
0.278189 0
0.159911 0
0.303301 0
0.655887 0
0.421895 0
0.054180 0
0.315477 0
0.066819 0
0.949800 0
0.206320 0
0.053941 0
0.317052 0
0.559402 0
0.224982 0
0.192550 0
0.261715 0
0.887306 0
0.008546 0
0.436345 0
0.163443 0
0.162559 0
0.215913 0
0.214103 0
0.041313 0
0.820216 0
0.075027 0
0.207385 0
0.474713 0
0.906492 0
0.165422 0
0.835109 0
0.042390 0
0.049164 0
0.504580 0
0.084203 0
0.123848 0
0.581989 0
0.077821 0
1.328322 0
0.251534 0
1.042162 0
1.053525 0
