7998201 0.005
7998088 0.005
7997868 0.005
7997862 0.005
7997781 0.005
7997435 0.005
7997400 0.005
7997349 0.005
7997263 0.005
7997219 0.005
7997109 0.005
7997086 0.005
7996971 0.005
7996844 0.005
7996838 0.005
7996441 0.005
7996105 0.005
7996036 0.005
7995935 0.005
7995882 0.005
7995464 0.005
7995402 0.005
7995369 0.005
7995334 0.005
7995329 0.005
7995280 0.005
7995273 0.005
7995196 0.005
7995090 0.005
7995009 0.005
7994840 0.005
7994672 0.005
7994502 0.005
7994425 0.005
7993822 0.005
7993812 0.005
7993441 0.005
7993382 0.005
7993023 0.005
7992558 0.005
7992348 0.005
7992001 0.005
7991867 0.005
7991403 0.005
7991242 0.005
7990785 0.005
7990619 0.005
7990477 0.005
7990254 0.005
7989152 0.005
7988905 0.005
7988517 0.005
7988443 0.005
7988415 0.005
7988327 0.005
7987828 0.005
7987267 0.005
7986102 0.005
7985921 0.005
7985711 0.005
7985551 0.005
7985203 0.005
7983552 0.005
7983513 0.005
7979734 0.005
7978513 0.005
7977432 0.005
7976466 0.005
7976203 0.005
7974869 0.005
7974843 0.005
7974374 0.005
7973970 0.005
7972934 0.005
7962654 0.005
7958384 0.005
7956981 0.005
7950927 0.005
7943978 0.005
7939182 0.005
7939172 0.005
7935928 0.005
7931807 0.005
7924615 0.005
7912415 0.005
7910570 0.005
7895736 0.005
7888063 0.005
7877132 0.005
7834096 0.005
7822316 0.005
7726140 0.005
7636665 0.005
7538769 0.005
7532139 0.005
7451696 0.005
7997436 0.010
7996893 0.010
7996490 0.010
7996427 0.010
7996426 0.010
7996065 0.010
7994510 0.010
7993726 0.010
7993372 0.010
7992831 0.010
7991820 0.010
7991690 0.010
7991632 0.010
7991169 0.010
7990892 0.010
7990679 0.010
7990646 0.010
7990614 0.010
7990494 0.010
7989915 0.010
7989641 0.010
7989408 0.010
7988199 0.010
7987984 0.010
7986964 0.010
7986536 0.010
7986161 0.010
7983507 0.010
7982977 0.010
7982720 0.010
7982432 0.010
7979338 0.010
7977176 0.010
7976131 0.010
7976004 0.010
7975260 0.010
7970580 0.010
7967788 0.010
7964430 0.010
7953611 0.010
7949013 0.010
7941637 0.010
7939382 0.010
7938658 0.010
7935358 0.010
7924123 0.010
7923353 0.010
7915435 0.010
7913569 0.010
7892052 0.010
7703071 0.010
7651331 0.010
7993206 0.015
7993093 0.015
7992963 0.015
7991832 0.015
7990741 0.015
7990185 0.015
7989836 0.015
7988543 0.015
7987575 0.015
7986365 0.015
7981648 0.015
7979533 0.015
7975226 0.015
7973269 0.015
7972569 0.015
7971676 0.015
7965511 0.015
7965460 0.015
7964286 0.015
7961595 0.015
7960316 0.015
7950005 0.015
7949401 0.015
7927772 0.015
7898587 0.015
7866703 0.015
7821170 0.015
7809236 0.015
7623206 0.015
7584173 0.015
7992214 0.020
7991817 0.020
7991593 0.020
7984581 0.020
7981820 0.020
7981004 0.020
7976629 0.020
7974760 0.020
7971145 0.020
7969652 0.020
7964754 0.020
7959623 0.020
7958001 0.020
7955822 0.020
7952304 0.020
7943922 0.020
7943343 0.020
7922958 0.020
7890072 0.020
7857827 0.020
7826447 0.020
7610392 0.020
7575310 0.020
7522531 0.020
7345136 0.020
7221892 0.020
7994675 0.025
7986348 0.025
7982352 0.025
7977329 0.025
7976671 0.025
7975116 0.025
7963559 0.025
7941854 0.025
7937372 0.025
7928736 0.025
7809412 0.025
7786420 0.025
7723800 0.025
7591557 0.025
7574050 0.025
7495475 0.025
7986232 0.030
7975305 0.030
7962816 0.030
7957750 0.030
7950391 0.030
7946784 0.030
7944120 0.030
7940934 0.030
7931865 0.030
7928865 0.030
7914954 0.030
7900504 0.030
7893801 0.030
7870992 0.030
7864891 0.030
7851752 0.030
7783067 0.030
7398804 0.030
5798749 0.030
5479847 0.030
7984584 0.035
7979549 0.035
7976496 0.035
7961675 0.035
7954690 0.035
7954181 0.035
7951775 0.035
7943943 0.035
7939611 0.035
7903264 0.035
7866859 0.035
7854356 0.035
7838971 0.035
7807030 0.035
7556917 0.035
7429431 0.035
7963710 0.040
7956225 0.040
7937094 0.040
7909371 0.040
7898894 0.040
7731760 0.040
7571420 0.040
7294149 0.040
7949502 0.045
7891878 0.045
7879128 0.045
7851480 0.045
7761181 0.045
7755717 0.045
7716333 0.045
7354376 0.045
6447436 0.045
5159551 0.045
7982023 0.050
7963435 0.050
7950547 0.050
7943225 0.050
7940179 0.050
7934205 0.050
7929693 0.050
7922897 0.050
7901242 0.050
7896228 0.050
7892436 0.050
7890364 0.050
7862615 0.050
7858665 0.050
7818687 0.050
7802422 0.050
7791766 0.050
7677550 0.050
7672235 0.050
7639023 0.050
7087735 0.050
7954575 0.055
7934842 0.055
7925633 0.055
7923989 0.055
7911772 0.055
7886925 0.055
7809968 0.055
7805887 0.055
7780613 0.055
7768113 0.055
7761543 0.055
7478473 0.055
4716496 0.055
7942995 0.060
7928623 0.060
7920908 0.060
7914854 0.060
7846773 0.060
7774578 0.060
7764706 0.060
7591983 0.060
7405020 0.060
7955539 0.065
7947565 0.065
7838466 0.065
7804736 0.065
7012768 0.065
7925479 0.070
7841723 0.070
7834002 0.070
7768029 0.070
7761644 0.070
7590704 0.070
7566699 0.070
7502704 0.070
7105767 0.070
7911732 0.075
7568545 0.075
7902488 0.080
7789022 0.080
7621030 0.080
6680130 0.080
5326850 0.080
7940686 0.085
7914522 0.085
7887814 0.085
7768758 0.085
7744064 0.085
7627823 0.085
7320363 0.085
6842726 0.085
7796773 0.090
7793256 0.090
7728548 0.090
7646481 0.090
7601820 0.090
5866151 0.090
7941311 0.095
7915136 0.095
7801784 0.095
7795071 0.095
7541763 0.095
7126303 0.095
6724614 0.095
6697043 0.095
7878127 0.100
7804348 0.100
7654330 0.100
7597077 0.100
7830499 0.105
7792198 0.105
7767499 0.105
7568170 0.105
7268458 0.105
7939953 0.110
7787183 0.110
7598052 0.110
7416613 0.110
7148140 0.110
6797737 0.110
7928459 0.115
7884468 0.115
7755605 0.115
7562009 0.115
6807540 0.115
7734875 0.120
7656601 0.120
7451841 0.120
5732520 0.120
7851732 0.125
7362648 0.125
7794451 0.130
7502229 0.130
6401753 0.130
6153082 0.130
7814296 0.135
7075601 0.135
7059646 0.135
6811587 0.135
7852506 0.140
7605727 0.140
7485536 0.140
4401312 0.140
7869230 0.145
7803584 0.145
7799914 0.145
7757366 0.145
7682217 0.145
7646355 0.145
7121783 0.145
7875574 0.150
7861168 0.150
7795570 0.150
7837549 0.155
7815523 0.155
7557148 0.155
7127001 0.155
6373115 0.155
7607935 0.160
7303124 0.160
7567595 0.165
7750178 0.170
7628805 0.170
7543132 0.170
7363323 0.170
7084936 0.170
7876473 0.175
7340085 0.175
7254598 0.175
7879328 0.180
7487404 0.185
7069143 0.185
7878923 0.190
7054577 0.195
6875470 0.195
6638247 0.195
6668575 0.205
6106290 0.205
7678202 0.210
3890369 0.210
7556116 0.215
7031214 0.215
6816977 0.215
7782223 0.220
7161767 0.220
7840082 0.225
7745944 0.225
7715204 0.225
7516202 0.225
7501849 0.225
7893976 0.230
7201867 0.235
5501439 0.235
4316982 0.235
7333195 0.240
6715326 0.240
7652539 0.255
7383950 0.255
7340169 0.260
6949063 0.260
3887722 0.265
7069300 0.270
6839670 0.270
6688565 0.270
7660374 0.280
7355739 0.280
7524361 0.285
7112949 0.285
7805485 0.290
7530294 0.290
7591420 0.295
6982727 0.295
6299866 0.295
7684465 0.300
7789141 0.310
7273106 0.310
7103465 0.310
6964769 0.310
7704848 0.315
7381899 0.315
6231626 0.320
5560222 0.320
7526986 0.325
7474167 0.325
7671295 0.330
7636806 0.330
7557959 0.330
7766864 0.340
7749834 0.340
6979779 0.340
7792956 0.345
7203336 0.345
6521912 0.345
7511880 0.355
7320266 0.355
7092478 0.355
7815542 0.365
5695553 0.365
7828815 0.380
7686200 0.385
6222817 0.390
5770611 0.390
7341355 0.400
5145320 0.400
7157503 0.405
7233921 0.410
6828060 0.410
6656041 0.410
7419563 0.415
5852497 0.415
7104542 0.420
6732600 0.420
7044619 0.425
6593129 0.425
3242304 0.435
5822496 0.440
7432393 0.445
6795351 0.445
5763779 0.445
7545960 0.450
7496194 0.450
7225823 0.450
6209197 0.450
5383391 0.450
7505194 0.455
7442258 0.455
6618159 0.455
7163199 0.460
7137887 0.465
7637812 0.470
7566010 0.475
7239552 0.475
6402369 0.480
5678139 0.480
6968376 0.500
7406071 0.505
6725650 0.510
7732147 0.515
7456630 0.515
5382698 0.515
6783804 0.530
6259768 0.535
7490277 0.540
3702989 0.550
7290406 0.555
7216091 0.555
6223158 0.555
7339065 0.565
6985451 0.565
7299048 0.580
6825665 0.585
7344295 0.595
7489632 0.605
7497487 0.610
5252859 0.620
7127543 0.635
6470917 0.640
6218947 0.650
7182058 0.660
6963461 0.660
7040358 0.665
6930157 0.665
6975980 0.690
6175914 0.700
7287027 0.705
5556167 0.710
7466529 0.715
7381674 0.715
6963412 0.720
5543254 0.745
6425478 0.755
6876640 0.770
6809393 0.780
6175876 0.790
7028163 0.795
6239615 0.810
4177298 0.815
3653444 0.820
6614406 0.825
6331827 0.825
6743575 0.855
7380426 0.880
5931577 0.880
4197102 0.880
6354950 0.895
6976551 0.910
5669848 0.910
6611538 0.915
6524197 0.945
4937176 0.955
1265662 0.960
5330137 0.970
