7998069 0.005
7997755 0.005
7997667 0.005
7997580 0.005
7997542 0.005
7997521 0.005
7997499 0.005
7997289 0.005
7996792 0.005
7996743 0.005
7996717 0.005
7996693 0.005
7996591 0.005
7996372 0.005
7996170 0.005
7995925 0.005
7995841 0.005
7995827 0.005
7995640 0.005
7995267 0.005
7995093 0.005
7995066 0.005
7994438 0.005
7994284 0.005
7994216 0.005
7994215 0.005
7994009 0.005
7993775 0.005
7993582 0.005
7993523 0.005
7993389 0.005
7993367 0.005
7992789 0.005
7992699 0.005
7992686 0.005
7992654 0.005
7992321 0.005
7991585 0.005
7991518 0.005
7991462 0.005
7991294 0.005
7991261 0.005
7991256 0.005
7990238 0.005
7990144 0.005
7989824 0.005
7989811 0.005
7989579 0.005
7988546 0.005
7988515 0.005
7987764 0.005
7987408 0.005
7986913 0.005
7986290 0.005
7986136 0.005
7986013 0.005
7985775 0.005
7985387 0.005
7984561 0.005
7984065 0.005
7983178 0.005
7982747 0.005
7982023 0.005
7981235 0.005
7981165 0.005
7979994 0.005
7979942 0.005
7978198 0.005
7975496 0.005
7975221 0.005
7975219 0.005
7975122 0.005
7974799 0.005
7973779 0.005
7971085 0.005
7969670 0.005
7968686 0.005
7967114 0.005
7966750 0.005
7965949 0.005
7961072 0.005
7960410 0.005
7959402 0.005
7958722 0.005
7954541 0.005
7952888 0.005
7952121 0.005
7951191 0.005
7950262 0.005
7927308 0.005
7926495 0.005
7915268 0.005
7910747 0.005
7889584 0.005
7867338 0.005
7863827 0.005
7859152 0.005
7853227 0.005
7799858 0.005
7699885 0.005
7677173 0.005
7546197 0.005
7456929 0.005
7307028 0.005
7264787 0.005
6699663 0.005
6298697 0.005
6132108 0.005
7997169 0.010
7995977 0.010
7995882 0.010
7995030 0.010
7994697 0.010
7994472 0.010
7994358 0.010
7991378 0.010
7991021 0.010
7990685 0.010
7990116 0.010
7989775 0.010
7989301 0.010
7988010 0.010
7987272 0.010
7986142 0.010
7986015 0.010
7985906 0.010
7984073 0.010
7983979 0.010
7983512 0.010
7983259 0.010
7983190 0.010
7980065 0.010
7977124 0.010
7974008 0.010
7972634 0.010
7971658 0.010
7970672 0.010
7968492 0.010
7967912 0.010
7966581 0.010
7965496 0.010
7965439 0.010
7962293 0.010
7961089 0.010
7959383 0.010
7952386 0.010
7950276 0.010
7946085 0.010
7941801 0.010
7941139 0.010
7937258 0.010
7933761 0.010
7933064 0.010
7929204 0.010
7878235 0.010
7876048 0.010
7874865 0.010
7870943 0.010
7859819 0.010
7857731 0.010
7762074 0.010
7717213 0.010
7699007 0.010
7633986 0.010
7594950 0.010
7326545 0.010
7275168 0.010
7996970 0.015
7987144 0.015
7985549 0.015
7984796 0.015
7984520 0.015
7981863 0.015
7973426 0.015
7972492 0.015
7970486 0.015
7968154 0.015
7959975 0.015
7959874 0.015
7957690 0.015
7955854 0.015
7954901 0.015
7954558 0.015
7954119 0.015
7953135 0.015
7952640 0.015
7948558 0.015
7943375 0.015
7943193 0.015
7942945 0.015
7941955 0.015
7935465 0.015
7934308 0.015
7932910 0.015
7932094 0.015
7921113 0.015
7908407 0.015
7904697 0.015
7901674 0.015
7892529 0.015
7868222 0.015
7867525 0.015
7852946 0.015
7827222 0.015
7802254 0.015
7719642 0.015
7699410 0.015
7187104 0.015
5977784 0.015
7995892 0.020
7989213 0.020
7988960 0.020
7984657 0.020
7984353 0.020
7982445 0.020
7974532 0.020
7955073 0.020
7945135 0.020
7943521 0.020
7943158 0.020
7939504 0.020
7937116 0.020
7930959 0.020
7857218 0.020
7784959 0.020
7779511 0.020
7662910 0.020
7500882 0.020
6785479 0.020
7989139 0.025
7985650 0.025
7979846 0.025
7974438 0.025
7967150 0.025
7935171 0.025
7907139 0.025
7904488 0.025
7900804 0.025
7890678 0.025
7878446 0.025
7870994 0.025
7848788 0.025
7824645 0.025
7824416 0.025
7685529 0.025
7987145 0.030
7976770 0.030
7971825 0.030
7971301 0.030
7944432 0.030
7939961 0.030
7934296 0.030
7933677 0.030
7925848 0.030
7919215 0.030
7915655 0.030
7913115 0.030
7908309 0.030
7900399 0.030
7890278 0.030
7852046 0.030
7808327 0.030
7785092 0.030
7749942 0.030
7684801 0.030
7645238 0.030
7336960 0.030
6712595 0.030
6443912 0.030
4955513 0.030
7985232 0.035
7975840 0.035
7975125 0.035
7948244 0.035
7948127 0.035
7940415 0.035
7912317 0.035
7873298 0.035
7846550 0.035
7837379 0.035
7735863 0.035
7699033 0.035
7569446 0.035
7562170 0.035
7037187 0.035
6778869 0.035
7978959 0.040
7972426 0.040
7951690 0.040
7947939 0.040
7924322 0.040
7910176 0.040
7888463 0.040
7843110 0.040
7817266 0.040
7721110 0.040
7631006 0.040
6957574 0.040
7961821 0.045
7943001 0.045
7926937 0.045
7923167 0.045
7916679 0.045
7874559 0.045
7817019 0.045
7753708 0.045
7733304 0.045
7700919 0.045
7651058 0.045
7034084 0.045
7954030 0.050
7949671 0.050
7931450 0.050
7916847 0.050
7913655 0.050
7873423 0.050
7849186 0.050
7839259 0.050
7780280 0.050
7778893 0.050
7442512 0.050
7233818 0.050
6977916 0.050
7929577 0.055
7927389 0.055
7902669 0.055
7886421 0.055
7869166 0.055
7791854 0.055
7667435 0.055
7567579 0.055
5394191 0.055
7964954 0.060
7954274 0.060
7948814 0.060
7965085 0.065
7929813 0.065
7879841 0.065
7876989 0.065
7821774 0.065
7356077 0.065
7979591 0.070
7957946 0.070
7945874 0.070
7900482 0.070
7477615 0.070
6972725 0.070
7962714 0.075
7944201 0.075
7875759 0.075
7816242 0.075
7581174 0.075
5753536 0.075
7941742 0.080
7908621 0.080
7808436 0.080
7792291 0.080
7726955 0.080
7437365 0.080
6969905 0.080
7897159 0.085
7796371 0.085
7793997 0.085
7783551 0.085
7668961 0.085
6994553 0.085
6237706 0.085
7860204 0.090
7280147 0.090
7900137 0.095
7803885 0.095
5574250 0.095
7824335 0.100
7791125 0.100
7780708 0.100
7190607 0.100
7801526 0.105
7718237 0.105
7385344 0.105
6829761 0.105
7852952 0.110
7713217 0.110
7658545 0.110
7745236 0.115
7728336 0.115
7586958 0.115
7250039 0.115
7747053 0.120
7653506 0.120
7374364 0.120
7821631 0.125
7139649 0.125
7918201 0.130
7818218 0.130
7749421 0.130
7715630 0.130
7663426 0.130
7555278 0.130
7442030 0.130
7412317 0.130
6437636 0.130
7116127 0.135
7924975 0.140
7495627 0.140
7175941 0.140
5688198 0.140
7805701 0.145
7787759 0.145
7777800 0.145
7421068 0.145
7066306 0.145
7033251 0.145
6548628 0.145
7902063 0.150
7848105 0.150
7487278 0.150
7412234 0.150
7832002 0.155
7820809 0.155
7809718 0.155
7660179 0.155
7526810 0.155
7389345 0.155
7079956 0.155
6921268 0.155
7930129 0.160
7727370 0.160
7685917 0.160
7400597 0.160
7264849 0.160
7221514 0.160
6624660 0.160
7574757 0.165
7881041 0.170
7177555 0.170
7896747 0.175
7747307 0.175
7675075 0.175
7495799 0.175
7106231 0.175
7012935 0.175
7886903 0.180
7334348 0.180
7630132 0.185
7158091 0.190
7880216 0.200
7795065 0.200
7580408 0.200
6994090 0.205
7409539 0.210
7513816 0.220
7262365 0.220
7673620 0.225
7492310 0.225
7519261 0.230
5494496 0.230
7790553 0.235
7542565 0.235
7643691 0.240
7463053 0.240
7895833 0.250
7648499 0.250
7649841 0.255
7666016 0.260
7530008 0.260
7471734 0.260
7398493 0.260
7551243 0.265
7527959 0.270
7175649 0.270
7825065 0.275
5968215 0.275
7786396 0.280
7843865 0.285
7653669 0.285
7539560 0.285
7506913 0.285
7545231 0.290
7155416 0.290
7654821 0.295
7641058 0.300
7339312 0.300
7261520 0.300
7718473 0.305
5547505 0.315
7741900 0.320
7607043 0.325
7743934 0.330
7643157 0.330
6357076 0.330
7674971 0.335
6802666 0.335
7348979 0.340
6091439 0.340
7268803 0.345
7677154 0.350
6915076 0.350
7158455 0.355
6744849 0.360
6961694 0.365
7603043 0.370
7165079 0.375
6027011 0.375
7664326 0.380
6617659 0.385
6781202 0.390
6573230 0.390
7292479 0.405
7002323 0.405
5575548 0.405
7337643 0.415
7298612 0.420
7316501 0.440
7069546 0.445
7328821 0.450
4863524 0.455
6702961 0.475
4820851 0.480
7272147 0.500
7414524 0.505
7366251 0.505
6897831 0.510
7308987 0.515
6299588 0.515
5054675 0.525
5596600 0.535
7206738 0.545
6365008 0.550
4738439 0.555
7387892 0.560
7265910 0.580
6851412 0.580
5502693 0.585
4645528 0.585
7555287 0.590
6731999 0.590
4009123 0.595
5574260 0.600
6414539 0.605
7289319 0.635
6214579 0.635
6611320 0.650
2406088 0.650
5519012 0.675
4359033 0.675
6710520 0.680
7449037 0.690
6595229 0.700
5833458 0.710
7196837 0.715
5362148 0.715
3246818 0.715
7167694 0.725
6768749 0.725
7245003 0.735
6368938 0.735
7079138 0.750
7397205 0.760
7302524 0.775
6235978 0.790
5147486 0.800
5624933 0.805
7006179 0.810
6852776 0.810
5596201 0.830
6012932 0.835
6193347 0.845
5167662 0.845
4712523 0.860
5973973 0.865
7162621 0.870
6104702 0.890
6226302 0.895
7373530 0.900
6110314 0.900
3931295 0.900
6904359 0.905
5178381 0.905
6899947 0.910
5418585 0.910
6804395 0.915
6879296 0.925
4571005 0.930
7024759 0.955
7311880 0.985
6201030 0.985
6727915 0.995
