8000942 0.005
8000931 0.005
8000927 0.005
8000903 0.005
8000807 0.005
8000713 0.005
8000707 0.005
8000696 0.005
8000690 0.005
8000333 0.005
8000070 0.005
8000035 0.005
8000019 0.005
7999822 0.005
7999792 0.005
7999698 0.005
7999464 0.005
7999441 0.005
7999262 0.005
7999196 0.005
7999136 0.005
7998910 0.005
7998853 0.005
7998676 0.005
7998626 0.005
7998622 0.005
7998497 0.005
7998324 0.005
7998296 0.005
7998134 0.005
7998130 0.005
7997836 0.005
7997675 0.005
7995881 0.005
7995863 0.005
7995850 0.005
7995731 0.005
7995680 0.005
7995671 0.005
7995585 0.005
7995536 0.005
7995107 0.005
7994845 0.005
7994580 0.005
7994424 0.005
7994413 0.005
7994360 0.005
7994357 0.005
7994237 0.005
7993426 0.005
7993105 0.005
7992864 0.005
7992446 0.005
7992373 0.005
7992301 0.005
7992168 0.005
7991958 0.005
7991553 0.005
7991419 0.005
7990185 0.005
7987865 0.005
7987422 0.005
7986727 0.005
7986365 0.005
7985834 0.005
7985783 0.005
7985521 0.005
7984713 0.005
7984399 0.005
7984381 0.005
7984380 0.005
7982726 0.005
7980832 0.005
7980369 0.005
7979773 0.005
7978185 0.005
7977595 0.005
7977506 0.005
7977392 0.005
7976718 0.005
7976190 0.005
7974425 0.005
7974042 0.005
7967374 0.005
7959600 0.005
7958522 0.005
7952419 0.005
7949269 0.005
7947626 0.005
7944302 0.005
7937702 0.005
7935350 0.005
7927292 0.005
7916829 0.005
7903476 0.005
7900483 0.005
7898513 0.005
7884593 0.005
7884467 0.005
7884276 0.005
7867571 0.005
7823467 0.005
7821226 0.005
7751099 0.005
7418098 0.005
7237250 0.005
6145578 0.005
8000177 0.010
7999619 0.010
7998331 0.010
7996250 0.010
7996095 0.010
7995601 0.010
7994420 0.010
7993062 0.010
7991678 0.010
7991227 0.010
7991004 0.010
7989797 0.010
7989203 0.010
7988561 0.010
7987357 0.010
7985509 0.010
7985182 0.010
7984949 0.010
7983425 0.010
7981754 0.010
7980671 0.010
7980051 0.010
7978977 0.010
7978613 0.010
7978387 0.010
7978324 0.010
7975893 0.010
7975335 0.010
7974557 0.010
7973710 0.010
7973400 0.010
7971311 0.010
7969426 0.010
7966853 0.010
7964587 0.010
7963832 0.010
7955877 0.010
7954104 0.010
7945644 0.010
7942627 0.010
7940492 0.010
7940199 0.010
7938228 0.010
7937671 0.010
7937123 0.010
7913305 0.010
7911069 0.010
7904781 0.010
7898311 0.010
7891424 0.010
7873412 0.010
7835852 0.010
7828920 0.010
7593111 0.010
7583844 0.010
7581398 0.010
7430557 0.010
7388766 0.010
7190956 0.010
7997657 0.015
7993770 0.015
7993036 0.015
7992765 0.015
7992738 0.015
7991368 0.015
7991127 0.015
7988643 0.015
7987687 0.015
7987333 0.015
7986363 0.015
7985996 0.015
7980433 0.015
7980067 0.015
7978913 0.015
7976973 0.015
7975148 0.015
7974024 0.015
7967377 0.015
7966654 0.015
7965053 0.015
7957412 0.015
7952814 0.015
7950145 0.015
7948419 0.015
7939755 0.015
7933123 0.015
7932984 0.015
7918374 0.015
7916813 0.015
7915494 0.015
7913503 0.015
7897266 0.015
7891405 0.015
7851340 0.015
7821509 0.015
7774401 0.015
7742520 0.015
7684254 0.015
7652351 0.015
7595020 0.015
7585608 0.015
7501362 0.015
6578816 0.015
7998441 0.020
7993491 0.020
7990685 0.020
7986270 0.020
7985988 0.020
7981204 0.020
7980575 0.020
7978690 0.020
7977129 0.020
7973881 0.020
7972931 0.020
7967665 0.020
7964414 0.020
7963616 0.020
7961085 0.020
7956333 0.020
7946671 0.020
7927674 0.020
7870206 0.020
7856976 0.020
7833312 0.020
7813596 0.020
7806295 0.020
7790407 0.020
7787083 0.020
7701019 0.020
7556028 0.020
7245277 0.020
7978884 0.025
7974793 0.025
7966555 0.025
7965612 0.025
7963046 0.025
7961981 0.025
7954908 0.025
7953931 0.025
7936898 0.025
7936208 0.025
7931332 0.025
7930126 0.025
7915102 0.025
7864891 0.025
7842646 0.025
7835006 0.025
7808656 0.025
7791460 0.025
7418577 0.025
7339330 0.025
7300835 0.025
7985469 0.030
7983523 0.030
7982032 0.030
7951641 0.030
7947547 0.030
7939495 0.030
7924241 0.030
7918353 0.030
7813579 0.030
7795476 0.030
7440722 0.030
7174820 0.030
7023692 0.030
6959504 0.030
6664052 0.030
7996441 0.035
7976663 0.035
7968265 0.035
7951402 0.035
7923314 0.035
7920754 0.035
7895721 0.035
7869585 0.035
7759764 0.035
7708535 0.035
7144686 0.035
7990692 0.040
7978862 0.040
7960712 0.040
7944019 0.040
7936639 0.040
7895682 0.040
7880003 0.040
7870451 0.040
7782760 0.040
7739914 0.040
7709822 0.040
7683661 0.040
7674173 0.040
7672837 0.040
7570104 0.040
7130518 0.040
6997066 0.040
7982960 0.045
7969278 0.045
7968574 0.045
7965149 0.045
7941870 0.045
7929523 0.045
7915918 0.045
7907175 0.045
7881550 0.045
7854328 0.045
7845200 0.045
7819403 0.045
7801156 0.045
7698683 0.045
7945645 0.050
7940047 0.050
7868700 0.050
7835385 0.050
7827801 0.050
7813992 0.050
7646918 0.050
7369803 0.050
7287653 0.050
7945793 0.055
7893021 0.055
7881182 0.055
7871128 0.055
7867761 0.055
7784194 0.055
7367321 0.055
7976394 0.060
7961262 0.060
7926765 0.060
7889617 0.060
7868211 0.060
7852345 0.060
7827308 0.060
7605749 0.060
5492321 0.060
7929397 0.065
7920512 0.065
7773162 0.065
7715902 0.065
7653247 0.065
7609330 0.065
6859854 0.065
7945731 0.070
7945219 0.070
7902019 0.070
7858878 0.070
7850902 0.070
7791674 0.070
7703514 0.070
7946297 0.075
7943365 0.075
7929186 0.075
7649521 0.075
6633070 0.075
7944910 0.080
7940438 0.080
7895971 0.080
7821802 0.080
7674589 0.080
7845603 0.085
7811313 0.085
7732224 0.085
7674963 0.085
7227207 0.085
7899962 0.090
7874147 0.090
7804210 0.090
7752168 0.090
7941665 0.095
7917827 0.095
7852305 0.095
7665659 0.095
7404984 0.095
7392077 0.095
7383550 0.095
7727977 0.100
7687266 0.100
7672772 0.100
7615017 0.100
7545142 0.100
7182198 0.100
5269147 0.105
7908926 0.110
7748884 0.110
7600058 0.110
5693175 0.110
3940211 0.110
7863237 0.115
7798892 0.115
7687846 0.115
7561640 0.115
7219956 0.115
7111959 0.115
5340888 0.115
7838950 0.120
7832657 0.120
7810839 0.120
7663743 0.120
7447510 0.120
7675344 0.125
7212747 0.125
7185753 0.125
7842321 0.130
7840590 0.130
7742489 0.130
7543997 0.130
7144696 0.130
7075364 0.130
6980808 0.130
6685873 0.130
7895791 0.140
7520484 0.140
6885823 0.140
7949238 0.145
7914222 0.145
7879561 0.145
7543219 0.145
7066398 0.145
7852086 0.150
7864578 0.160
6798460 0.165
7441777 0.170
6956301 0.170
7872035 0.175
7777493 0.175
7676575 0.175
7289456 0.175
6213104 0.175
4510592 0.175
7513522 0.180
7230741 0.180
6499204 0.180
6018729 0.180
7852323 0.185
7759618 0.185
7621553 0.185
7489152 0.185
7311380 0.185
5632630 0.190
7688577 0.195
7596518 0.195
7287297 0.195
6580644 0.195
7757491 0.205
7674024 0.205
7436470 0.205
7205649 0.210
7727787 0.215
7555437 0.220
7919833 0.225
7813465 0.225
7632389 0.225
7885857 0.230
7112293 0.230
3632399 0.230
5626426 0.235
7808658 0.240
7492569 0.240
7412918 0.240
5315076 0.240
7710715 0.250
7584155 0.255
7831392 0.260
6211064 0.265
5628261 0.265
7220556 0.270
6958857 0.270
6947246 0.270
7132738 0.275
7058131 0.275
7694182 0.280
7001368 0.280
7704193 0.285
7648136 0.285
7219343 0.285
6758325 0.285
6461720 0.285
7818853 0.300
7664918 0.300
6383889 0.300
7642555 0.305
7208781 0.310
7695323 0.315
7466624 0.325
7259747 0.325
5661796 0.330
7778241 0.335
7458534 0.335
5618877 0.335
6536442 0.345
5913253 0.350
5761278 0.350
7652874 0.360
6777160 0.360
7181364 0.365
6857702 0.365
6784847 0.375
7778926 0.380
7504826 0.380
6524048 0.385
7809470 0.390
6985720 0.400
6726721 0.405
6716737 0.410
7077030 0.415
7690048 0.425
7078108 0.425
4772264 0.430
7572458 0.435
7518039 0.435
6898760 0.440
7091898 0.445
7243870 0.450
7817904 0.455
7021935 0.455
6722346 0.460
5346622 0.460
5932234 0.465
7538225 0.470
5138041 0.470
7755663 0.475
5977741 0.475
4938937 0.485
7594421 0.500
6147457 0.500
6761495 0.505
3799772 0.505
6328617 0.520
7531539 0.545
6092417 0.545
6372633 0.555
7377261 0.565
4823585 0.565
6583767 0.570
6487212 0.575
4978563 0.575
7358971 0.600
6507607 0.640
7075959 0.660
5360397 0.685
5421744 0.690
6653964 0.710
7391000 0.715
7137845 0.715
4738217 0.720
6814894 0.755
6797342 0.765
6981921 0.775
6504612 0.775
6073845 0.775
6230936 0.780
7091447 0.795
6428149 0.815
7334699 0.825
7066659 0.840
6857448 0.845
6096305 0.855
7125884 0.880
5961624 0.885
5116121 0.885
5751327 0.900
5312938 0.905
6709512 0.910
6926132 0.935
6899756 0.935
6233910 0.935
6499272 0.940
6251578 0.945
5734263 0.960
6680932 0.975
6820968 0.985
5053945 0.985
