7996895 0.005
7996893 0.005
7996409 0.005
7996069 0.005
7996043 0.005
7995943 0.005
7995937 0.005
7995931 0.005
7995868 0.005
7995850 0.005
7995625 0.005
7995607 0.005
7995573 0.005
7995198 0.005
7995177 0.005
7995138 0.005
7994887 0.005
7994685 0.005
7994471 0.005
7994365 0.005
7994179 0.005
7994029 0.005
7993972 0.005
7993562 0.005
7993519 0.005
7993425 0.005
7993245 0.005
7993158 0.005
7993150 0.005
7992713 0.005
7992488 0.005
7992433 0.005
7992132 0.005
7992003 0.005
7991596 0.005
7991449 0.005
7991387 0.005
7991189 0.005
7990317 0.005
7990239 0.005
7989851 0.005
7987650 0.005
7987424 0.005
7987379 0.005
7987257 0.005
7986764 0.005
7986465 0.005
7986126 0.005
7985974 0.005
7985934 0.005
7983531 0.005
7983212 0.005
7983055 0.005
7976988 0.005
7975855 0.005
7974431 0.005
7974099 0.005
7972954 0.005
7971996 0.005
7970834 0.005
7969998 0.005
7969820 0.005
7962724 0.005
7962651 0.005
7962571 0.005
7953705 0.005
7953119 0.005
7951313 0.005
7950707 0.005
7950474 0.005
7947268 0.005
7946274 0.005
7944784 0.005
7943654 0.005
7940177 0.005
7937124 0.005
7936425 0.005
7932030 0.005
7925117 0.005
7923992 0.005
7918009 0.005
7910902 0.005
7908852 0.005
7904135 0.005
7899877 0.005
7878327 0.005
7866588 0.005
7860545 0.005
7843517 0.005
7831002 0.005
7691221 0.005
7675922 0.005
7419633 0.005
7285314 0.005
7185207 0.005
7995327 0.010
7995067 0.010
7994984 0.010
7994846 0.010
7994432 0.010
7994302 0.010
7994089 0.010
7993925 0.010
7993828 0.010
7992631 0.010
7992540 0.010
7992112 0.010
7991688 0.010
7988852 0.010
7988118 0.010
7987858 0.010
7987546 0.010
7983727 0.010
7982512 0.010
7981908 0.010
7981187 0.010
7980701 0.010
7980237 0.010
7980090 0.010
7979070 0.010
7978917 0.010
7978539 0.010
7976180 0.010
7975565 0.010
7975430 0.010
7970056 0.010
7968433 0.010
7963648 0.010
7949005 0.010
7948834 0.010
7948200 0.010
7948065 0.010
7922538 0.010
7918714 0.010
7901312 0.010
7892305 0.010
7891621 0.010
7880125 0.010
7860877 0.010
7793869 0.010
7792783 0.010
7702630 0.010
7662360 0.010
7992817 0.015
7992431 0.015
7991487 0.015
7987153 0.015
7986884 0.015
7985003 0.015
7984738 0.015
7984167 0.015
7983408 0.015
7983376 0.015
7982861 0.015
7976308 0.015
7973568 0.015
7968541 0.015
7966949 0.015
7966182 0.015
7964298 0.015
7960018 0.015
7957746 0.015
7955497 0.015
7953947 0.015
7950277 0.015
7949892 0.015
7949612 0.015
7946729 0.015
7940501 0.015
7930009 0.015
7927190 0.015
7925991 0.015
7925652 0.015
7923408 0.015
7917349 0.015
7895269 0.015
7711041 0.015
7632579 0.015
7323091 0.015
5265663 0.015
4377778 0.015
7986210 0.020
7986127 0.020
7978252 0.020
7967975 0.020
7967147 0.020
7964048 0.020
7963156 0.020
7962791 0.020
7961643 0.020
7948813 0.020
7947094 0.020
7943727 0.020
7941050 0.020
7940460 0.020
7935198 0.020
7932469 0.020
7929683 0.020
7922049 0.020
7882386 0.020
7872312 0.020
7847619 0.020
7828061 0.020
7805074 0.020
7764680 0.020
7757001 0.020
7733088 0.020
7727796 0.020
7537372 0.020
7985751 0.025
7975685 0.025
7973566 0.025
7973234 0.025
7971122 0.025
7967272 0.025
7952235 0.025
7947022 0.025
7932198 0.025
7930750 0.025
7872107 0.025
7849853 0.025
7800317 0.025
7797082 0.025
7786160 0.025
7724808 0.025
7581999 0.025
7327222 0.025
7975192 0.030
7971693 0.030
7966664 0.030
7959778 0.030
7953233 0.030
7946636 0.030
7926537 0.030
7807176 0.030
7706542 0.030
7587567 0.030
7579021 0.030
7473411 0.030
7319918 0.030
7982321 0.035
7978041 0.035
7970549 0.035
7936564 0.035
7881939 0.035
7853834 0.035
7844708 0.035
7830113 0.035
7821377 0.035
7724495 0.035
7666982 0.035
7486137 0.035
7409938 0.035
4564624 0.035
7974712 0.040
7969446 0.040
7966223 0.040
7960296 0.040
7955968 0.040
7949253 0.040
7948281 0.040
7926272 0.040
7888346 0.040
7850671 0.040
7846280 0.040
7587559 0.040
7444229 0.040
7057731 0.040
7952564 0.045
7952476 0.045
7947828 0.045
7933697 0.045
7931191 0.045
7857191 0.045
7856503 0.045
7814773 0.045
7796789 0.045
7789676 0.045
7594862 0.045
6812956 0.045
7988751 0.050
7960426 0.050
7948827 0.050
7941523 0.050
7939267 0.050
7910396 0.050
7909259 0.050
7663286 0.050
7651207 0.050
7451230 0.050
7970870 0.055
7897866 0.055
7836134 0.055
7801898 0.055
7556918 0.055
7427976 0.055
7425335 0.055
7229313 0.055
7163773 0.055
6044937 0.055
5613758 0.055
7963729 0.060
7898872 0.060
7894861 0.060
7848491 0.060
7661763 0.060
7597234 0.060
7358039 0.060
6405538 0.060
7871555 0.065
7853749 0.065
7759967 0.065
7945839 0.070
7942848 0.070
7904114 0.070
7851701 0.070
7806338 0.070
7707423 0.070
7531490 0.070
7354161 0.070
5577231 0.070
7955593 0.075
7944021 0.075
7937763 0.075
7876084 0.075
7861395 0.075
7843337 0.075
7680093 0.075
7477606 0.075
7082633 0.075
7903039 0.080
7888963 0.080
7653579 0.080
7948999 0.085
7863870 0.085
7757951 0.085
7685904 0.085
7672930 0.085
7188483 0.085
6365045 0.085
7924981 0.090
7901728 0.090
7885067 0.090
7810619 0.090
7602312 0.090
7591769 0.090
7946162 0.095
7887107 0.095
7825934 0.095
7823296 0.095
7280536 0.095
5443640 0.095
7945222 0.100
7914074 0.100
7839867 0.100
7769138 0.100
7535275 0.100
7910016 0.105
7849546 0.105
7848049 0.105
7694530 0.105
7314325 0.105
7304349 0.105
7923374 0.110
7814343 0.110
7880293 0.115
7837878 0.115
7832234 0.115
7697832 0.115
7337802 0.115
7313236 0.115
6723420 0.115
7699922 0.120
7652739 0.120
7904462 0.125
7658488 0.125
7633913 0.125
7599225 0.125
4778873 0.125
176714 0.125
7827417 0.130
7823575 0.130
7675618 0.130
7560249 0.130
7867251 0.135
7399747 0.135
7379679 0.135
7809281 0.145
7779734 0.145
7385737 0.145
7641144 0.150
7893953 0.155
7763767 0.155
7727715 0.155
6972515 0.155
7596434 0.160
6936546 0.160
7550780 0.165
7090148 0.165
6668403 0.165
7910644 0.170
7692689 0.170
4706289 0.170
7784990 0.175
7662528 0.175
7587185 0.175
7523534 0.175
7408739 0.180
5846519 0.180
7727855 0.185
7108601 0.185
5887787 0.185
7647699 0.190
7360914 0.190
7872709 0.195
7901743 0.200
7768391 0.200
7148469 0.200
6378974 0.200
5371003 0.200
7069057 0.205
7016498 0.205
7755597 0.210
7735419 0.210
7923977 0.215
7322314 0.215
7057721 0.220
6892806 0.220
6717636 0.220
6727886 0.225
7006250 0.230
6419289 0.230
5714464 0.230
7701280 0.235
7569320 0.235
7198407 0.240
7452536 0.245
7774625 0.250
6972905 0.250
7440377 0.255
7120184 0.255
6858907 0.255
6111609 0.255
6374243 0.260
7852963 0.270
7809751 0.270
7603077 0.270
6679069 0.270
7819565 0.275
7022439 0.275
3743618 0.275
5407644 0.280
7182377 0.285
7554125 0.295
7499773 0.295
7295475 0.295
7834623 0.310
7740403 0.310
6909967 0.310
7685147 0.320
7531392 0.325
6723194 0.325
7697989 0.340
7460451 0.345
5147755 0.360
6673928 0.370
7803849 0.375
7148648 0.380
7617729 0.385
7307112 0.385
4293406 0.385
7407951 0.390
7251428 0.395
6370112 0.395
7278735 0.400
7226541 0.400
6341469 0.400
7568744 0.405
7061217 0.410
7065686 0.415
5860127 0.425
4363181 0.425
7585353 0.435
6255306 0.440
7439513 0.445
6992426 0.445
6850459 0.450
7692903 0.465
7573910 0.465
6055279 0.475
6659305 0.480
7199725 0.490
6193009 0.495
7132119 0.500
6558862 0.500
5563235 0.500
7542506 0.505
6814802 0.505
7491546 0.520
7314844 0.520
7220576 0.525
6957885 0.530
7431021 0.535
6307563 0.535
6977039 0.540
7276438 0.545
4848623 0.545
7572009 0.555
7191814 0.560
2915595 0.560
7126306 0.570
7445971 0.575
5412084 0.575
5659304 0.580
7514805 0.585
6660911 0.590
6310065 0.595
6179587 0.600
5828586 0.600
6054126 0.610
7076245 0.620
7269082 0.630
6182001 0.630
7565581 0.640
7214130 0.655
7006465 0.670
6059295 0.680
6484850 0.685
6169617 0.700
7392763 0.710
7216399 0.710
6076204 0.710
6664239 0.715
7400034 0.725
6917863 0.735
7404735 0.745
6548706 0.745
5540139 0.745
7144910 0.755
6380816 0.755
5825961 0.755
4897522 0.770
5627935 0.805
4047572 0.810
6067820 0.825
6548615 0.845
6287131 0.860
3821437 0.860
6324896 0.875
7031586 0.885
5745899 0.885
6846496 0.890
5926334 0.890
6819593 0.895
7409126 0.905
7212360 0.915
6961354 0.915
6070947 0.925
7367567 0.930
6757204 0.930
5791552 0.980
