7999786
7999783
7999770
7999490
7999210
7999173
7999048
7998996
7998575
7998570
7998420
7998119
7998002
7997822
7997664
7997597
7997565
7997526
7997413
7997302
7997301
7997278
7997267
7997080
7996737
7996489
7996321
7996108
7995801
7995557
7995437
7995252
7995004
7994708
7994658
7994323
7994098
7993963
7993866
7993611
7993515
7993512
7993318
7993310
7993290
7993265
7992713
7992687
7992307
7991913
7991770
7991521
7991222
7991032
7990538
7990472
7990383
7990107
7989767
7989684
7989660
7989477
7989320
7989191
7988769
7988627
7988570
7988265
7987882
7987674
7987560
7987502
7987432
7987380
7987346
7987021
7986383
7985728
7985709
7985378
7985310
7985270
7985074
7984491
7984291
7983891
7983834
7983760
7983567
7983495
7983038
7982239
7982199
7982092
7982009
7981857
7981676
7981661
7981525
7981419
7981344
7980793
7980618
7980589
7980544
7980008
7979859
7979787
7979587
7979418
7979401
7978762
7978738
7977524
7976686
7976562
7976484
7976152
7976031
7975889
7975137
7974705
7974366
7974331
7974107
7973831
7973635
7973411
7973218
7972279
7971077
7970578
7970559
7970120
7969909
7968779
7967419
7967037
7966575
7966513
7966222
7966011
7965377
7965231
7963850
7963060
7962945
7962872
7962837
7962702
7962602
7961267
7961001
7960904
7959474
7958741
7958670
7958386
7957951
7957901
7957719
7957558
7956832
7956726
7956669
7956030
7955935
7955743
7955261
7954938
7954589
7954383
7954191
7954060
7952660
7952638
7952384
7952226
7952196
7951304
7949920
7949255
7949033
7948500
7948161
7947727
7946892
7946408
7945692
7945577
7945341
7942631
7940531
7940457
7940444
7940225
7940037
7939939
7939540
7939015
7938659
7936482
7936442
7935430
7933657
7932141
7929372
7928214
7928063
7928054
7927568
7927242
7925445
7925429
7924525
7924334
7922417
7921110
7921046
7920031
7918871
7918219
7917914
7917178
7916064
7912717
7912503
7912089
7910178
7909573
7905863
7903869
7903548
7902731
7902630
7901445
7901334
7901233
7900147
7899579
7899185
7898241
7897791
7897380
7896751
7894852
7894315
7892980
7891661
7890747
7887027
7886236
7885893
7885684
7883879
7883224
7883211
7880118
7878383
7877560
7873936
7870149
7869762
7867645
7864748
7862053
7861559
7857696
7853391
7853134
7852997
7852787
7851146
7845691
7842214
7839220
7836560
7836445
7836205
7829594
7826513
7821961
7820151
7819260
7817516
7816798
7816373
7816335
7815926
7814043
7814004
7813987
7813504
7813418
7813394
7812285
7811833
7811448
7811323
7810488
7803747
7802184
7801341
7797558
7796526
7794527
7794253
7793466
7792381
7790187
7788673
7788207
7786607
7776801
7773219
7772141
7767782
7766713
7764317
7762832
7756483
7755364
7754277
7753733
7746047
7743925
7735530
7719446
7710086
7709940
7707783
7697597
7697376
7697371
7688431
7688016
7686397
7686047
7684270
7680928
7680359
7671578
7663472
7657269
7648453
7638120
7636198
7634751
7628226
7628086
7626384
7623961
7622812
7622805
7622778
7615408
7611626
7611067
7602651
7602425
7598143
7592229
7590182
7588757
7586709
7585131
7585094
7580666
7578411
7575815
7572941
7566739
7563044
7554096
7551343
7550713
7543569
7541107
7534588
7533891
7533283
7531022
7522439
7514304
7513834
7508441
7506487
7502959
7502762
7495434
7491235
7489264
7488198
7481209
7480559
7478537
7475097
7465922
7462403
7449167
7445162
7444476
7443294
7435991
7429203
7414241
7407716
7402339
7385762
7381989
7381034
7375500
7370918
7363528
7358486
7354194
7353506
7328423
7293423
7279464
7278818
7278182
7276607
7270422
7238008
7236795
7234134
7232395
7222858
7222196
7217884
7216264
7202928
7201870
7201838
7167468
7152634
7146560
7145384
7130404
7128456
7114056
7082059
7066433
7058093
7048164
7028933
7028705
7022160
7020603
7010829
7010371
6995299
6981516
6978846
6956368
6952181
6921901
6914533
6907373
6906723
6905901
6898944
6892206
6876908
6867732
6858077
6853724
6853061
6848939
6837790
6819585
6801972
6763159
6757132
6740901
6707344
6695509
6683926
6679839
6670110
6658327
6644670
6638660
6630985
6604028
6602251
6586600
6584883
6582001
6570960
6550555
6541607
6513349
6505842
6499922
6493465
6477248
6458907
6450397
6441979
6425960
6420727
6420207
6407524
6391992
6363676
6328097
6326175
6303106
6294928
6261433
6255676
6243814
6219005
6185773
6183023
6163912
6142980
6134361
6133698
6121853
6062260
6038630
5989412
5965709
5936496
5910064
5836430
5820944
5791763
5783095
5767273
5744395
5734843
5658199
5621946
5596188
5454820
5435520
5421354
5186600
5175185
5174175
5115571
5022915
4986875
4943116
4932042
4824434
4712353
4448627
4413593
4399532
4325394
4304635
4021053
3941870
3885668
3824974
3755824
3749544
3716075
3643390
3505384
1320303
