7998341 0.005
7998252 0.005
7998169 0.005
7998060 0.005
7997958 0.005
7997840 0.005
7997690 0.005
7997190 0.005
7997100 0.005
7997090 0.005
7997007 0.005
7996946 0.005
7996717 0.005
7996645 0.005
7996605 0.005
7996588 0.005
7996488 0.005
7996296 0.005
7996269 0.005
7996110 0.005
7996093 0.005
7995972 0.005
7995933 0.005
7995723 0.005
7995590 0.005
7995407 0.005
7995345 0.005
7995344 0.005
7995305 0.005
7995289 0.005
7995163 0.005
7994988 0.005
7994907 0.005
7994332 0.005
7994021 0.005
7993539 0.005
7993370 0.005
7993351 0.005
7992699 0.005
7992228 0.005
7991837 0.005
7991776 0.005
7991761 0.005
7991734 0.005
7991453 0.005
7991428 0.005
7991294 0.005
7991036 0.005
7990876 0.005
7990863 0.005
7990221 0.005
7990191 0.005
7990077 0.005
7989845 0.005
7989605 0.005
7989269 0.005
7988805 0.005
7987248 0.005
7986795 0.005
7986295 0.005
7986203 0.005
7986006 0.005
7985883 0.005
7985548 0.005
7985172 0.005
7984842 0.005
7982783 0.005
7982606 0.005
7982100 0.005
7981971 0.005
7981271 0.005
7978436 0.005
7977749 0.005
7977084 0.005
7976041 0.005
7974882 0.005
7974856 0.005
7974027 0.005
7972315 0.005
7969264 0.005
7968909 0.005
7968568 0.005
7968312 0.005
7968220 0.005
7966901 0.005
7965811 0.005
7965176 0.005
7965126 0.005
7963909 0.005
7962680 0.005
7961543 0.005
7960599 0.005
7960273 0.005
7959249 0.005
7958182 0.005
7954967 0.005
7951887 0.005
7951349 0.005
7939379 0.005
7930004 0.005
7928187 0.005
7886030 0.005
7862262 0.005
7748039 0.005
4239203 0.005
7997130 0.010
7994899 0.010
7994699 0.010
7994477 0.010
7994022 0.010
7993803 0.010
7990793 0.010
7990285 0.010
7989858 0.010
7989426 0.010
7988561 0.010
7988116 0.010
7985387 0.010
7985017 0.010
7984725 0.010
7984449 0.010
7983429 0.010
7983108 0.010
7983105 0.010
7980365 0.010
7980348 0.010
7980099 0.010
7979803 0.010
7979339 0.010
7978434 0.010
7978225 0.010
7975248 0.010
7975169 0.010
7974748 0.010
7972348 0.010
7963892 0.010
7962854 0.010
7958342 0.010
7957224 0.010
7943733 0.010
7930249 0.010
7922313 0.010
7905250 0.010
7896158 0.010
7890799 0.010
7881931 0.010
7866337 0.010
7863317 0.010
7855187 0.010
7827320 0.010
7809449 0.010
7803691 0.010
7788459 0.010
7695541 0.010
7470297 0.010
6513843 0.010
7994567 0.015
7994104 0.015
7993015 0.015
7988319 0.015
7986015 0.015
7985620 0.015
7982597 0.015
7979143 0.015
7977098 0.015
7976986 0.015
7976763 0.015
7970405 0.015
7965509 0.015
7962156 0.015
7960164 0.015
7958082 0.015
7948709 0.015
7945830 0.015
7929336 0.015
7928906 0.015
7884124 0.015
7849181 0.015
7759930 0.015
7994641 0.020
7992618 0.020
7991515 0.020
7986634 0.020
7986565 0.020
7986125 0.020
7985619 0.020
7983883 0.020
7982598 0.020
7979157 0.020
7978474 0.020
7976995 0.020
7972980 0.020
7972053 0.020
7969871 0.020
7968594 0.020
7958629 0.020
7952600 0.020
7946291 0.020
7933928 0.020
7910591 0.020
7853162 0.020
7753852 0.020
7668523 0.020
7228713 0.020
7988663 0.025
7980003 0.025
7962693 0.025
7959553 0.025
7955417 0.025
7936733 0.025
7920482 0.025
7914532 0.025
7908600 0.025
7897615 0.025
7857562 0.025
7726797 0.025
7717205 0.025
7646405 0.025
7437567 0.025
4871254 0.025
7983614 0.030
7972942 0.030
7972054 0.030
7970857 0.030
7967402 0.030
7964415 0.030
7958169 0.030
7952547 0.030
7952454 0.030
7948479 0.030
7942115 0.030
7931485 0.030
7925622 0.030
7918863 0.030
7867807 0.030
7864425 0.030
7805591 0.030
7648761 0.030
7560719 0.030
7526756 0.030
7965014 0.035
7960610 0.035
7954406 0.035
7949879 0.035
7937047 0.035
7904660 0.035
7857878 0.035
7737060 0.035
7650000 0.035
7961678 0.040
7961446 0.040
7955777 0.040
7951200 0.040
7917324 0.040
7860358 0.040
7845023 0.040
7811532 0.040
7805989 0.040
7647755 0.040
7544681 0.040
7273661 0.040
7965608 0.045
7919421 0.045
7917076 0.045
7902294 0.045
7881841 0.045
7838116 0.045
7784099 0.045
7261819 0.045
7069115 0.045
7981176 0.050
7971419 0.050
7929365 0.050
7910007 0.050
7882600 0.050
7800783 0.050
7648913 0.050
7553476 0.050
7370751 0.050
6722793 0.050
7961171 0.055
7929133 0.055
7859569 0.055
7850617 0.055
7846149 0.055
7765683 0.055
7303322 0.055
7922473 0.060
7880955 0.060
7774568 0.060
7660192 0.060
7637701 0.060
7459340 0.060
7938211 0.065
7941183 0.070
7878139 0.070
7876515 0.070
7713342 0.070
7439675 0.070
7206288 0.070
6616410 0.070
7965586 0.075
7948539 0.075
7930593 0.075
7918127 0.075
7826929 0.075
7800942 0.075
7799578 0.075
7255741 0.075
6950584 0.075
7957429 0.080
7949842 0.080
7931031 0.080
7894094 0.080
7678224 0.080
7291288 0.080
7121226 0.080
6619067 0.080
5353401 0.080
7917926 0.085
7867931 0.085
7383774 0.085
7960665 0.090
7916388 0.090
7817187 0.090
7815042 0.090
7776369 0.090
7677969 0.090
7916994 0.095
7858154 0.095
7702342 0.095
7529477 0.095
7498163 0.095
7346333 0.095
6588865 0.095
7942449 0.100
7860563 0.100
7069163 0.100
7963002 0.105
7936345 0.105
7826190 0.105
7551970 0.105
7462787 0.105
7135609 0.105
7071757 0.110
7810321 0.115
7769012 0.115
7620968 0.115
7922999 0.120
7910981 0.120
7810234 0.120
7775348 0.120
7619672 0.120
7404376 0.120
7632198 0.125
7485464 0.125
7807861 0.130
7804579 0.130
7552827 0.130
7846989 0.135
7514113 0.135
7846938 0.140
7755018 0.140
7737121 0.140
7612849 0.140
7561300 0.140
7482365 0.140
7439036 0.140
7241145 0.145
6961031 0.145
7272454 0.150
7005071 0.150
3989990 0.150
7537120 0.155
5688976 0.155
7838965 0.160
7440385 0.160
7861134 0.170
7724730 0.175
7679187 0.175
7201149 0.175
7787338 0.180
6911812 0.185
6360579 0.185
7577218 0.190
7349292 0.190
7446046 0.195
7348962 0.195
7259435 0.195
5992613 0.195
7151694 0.200
4552049 0.200
1018673 0.200
7655385 0.205
7659908 0.210
7564278 0.210
7403525 0.210
7851821 0.215
7742047 0.220
7636211 0.220
7631943 0.220
6212728 0.220
5569176 0.220
7180039 0.225
7172734 0.225
7184336 0.230
7035017 0.230
7618458 0.235
7388258 0.235
6715218 0.235
7686883 0.240
6732351 0.240
7802894 0.245
7407489 0.245
7101560 0.260
6382480 0.260
7895189 0.270
3713607 0.270
7301265 0.275
7275426 0.275
7152086 0.275
7866983 0.280
7328378 0.280
7199105 0.280
6927426 0.280
4317179 0.280
7736185 0.285
7648485 0.285
4348903 0.285
7610596 0.290
7577021 0.290
6896448 0.290
7297429 0.295
6422727 0.295
6151455 0.295
7487131 0.300
5256753 0.300
7377327 0.305
7071907 0.305
6110718 0.310
5310565 0.315
7736271 0.320
7671961 0.320
7628637 0.320
7533635 0.330
7238816 0.330
7654147 0.335
6374465 0.340
7375048 0.345
7135940 0.345
7091793 0.345
7685036 0.350
7542248 0.360
7331258 0.365
7590238 0.370
7597748 0.375
7559323 0.375
4220628 0.375
7815311 0.385
7682881 0.395
6940285 0.395
5630651 0.395
7538257 0.400
6101955 0.400
7075192 0.410
6749472 0.430
5427667 0.435
7400400 0.440
6993024 0.450
7584919 0.455
6142840 0.455
6102214 0.455
7255780 0.460
7248822 0.460
7247609 0.460
6746750 0.465
6162647 0.465
6536177 0.470
7660544 0.475
6958238 0.490
7374205 0.495
7260336 0.495
6742978 0.500
7173652 0.505
7055913 0.530
7837239 0.535
3463459 0.540
7292880 0.550
7231433 0.555
6022459 0.555
7674235 0.565
7560001 0.565
7451669 0.585
4694557 0.585
6538049 0.605
7540276 0.625
7162327 0.625
6548653 0.635
5995235 0.635
5235021 0.640
3403156 0.645
7492211 0.655
5917570 0.655
7440678 0.665
5422502 0.675
7080932 0.680
7119937 0.700
5629442 0.705
5724290 0.715
5297048 0.725
6933653 0.735
5889157 0.735
7412022 0.750
6528518 0.750
7039587 0.760
6398516 0.765
7006189 0.785
6381170 0.785
6175452 0.790
5832751 0.795
4559528 0.800
7651512 0.805
6450391 0.815
7058133 0.820
6510079 0.825
7192448 0.830
7483016 0.840
5808110 0.840
5582915 0.845
6375780 0.850
6245207 0.855
6440647 0.875
6015705 0.875
6959495 0.880
6852557 0.915
5953163 0.945
6194753 0.955
5848222 0.970
7365786 0.990
6746980 0.990
6527292 0.990
