7998551 0.005
7998532 0.005
7997966 0.005
7997863 0.005
7997832 0.005
7997704 0.005
7997525 0.005
7997275 0.005
7996980 0.005
7996962 0.005
7996942 0.005
7996929 0.005
7996459 0.005
7996012 0.005
7995974 0.005
7995949 0.005
7995671 0.005
7995636 0.005
7995392 0.005
7995307 0.005
7995237 0.005
7994977 0.005
7994918 0.005
7994485 0.005
7994210 0.005
7993701 0.005
7993484 0.005
7993116 0.005
7992625 0.005
7992442 0.005
7992173 0.005
7990610 0.005
7990564 0.005
7990531 0.005
7989509 0.005
7989499 0.005
7989495 0.005
7989439 0.005
7988414 0.005
7988390 0.005
7987695 0.005
7986797 0.005
7986001 0.005
7985953 0.005
7985766 0.005
7985495 0.005
7985102 0.005
7984210 0.005
7983578 0.005
7983055 0.005
7982762 0.005
7982702 0.005
7981947 0.005
7981012 0.005
7978414 0.005
7977786 0.005
7976147 0.005
7976075 0.005
7974884 0.005
7973722 0.005
7970354 0.005
7969140 0.005
7966887 0.005
7966718 0.005
7965389 0.005
7963581 0.005
7963527 0.005
7959172 0.005
7957304 0.005
7956118 0.005
7955992 0.005
7950973 0.005
7950458 0.005
7947960 0.005
7935142 0.005
7929044 0.005
7923290 0.005
7915946 0.005
7900022 0.005
7885395 0.005
7870488 0.005
7869973 0.005
7858947 0.005
7851178 0.005
7844503 0.005
7844038 0.005
7841051 0.005
7812234 0.005
7780051 0.005
7753148 0.005
7660194 0.005
7645003 0.005
7405614 0.005
7301748 0.005
7995833 0.010
7995226 0.010
7993533 0.010
7993259 0.010
7991881 0.010
7991163 0.010
7990866 0.010
7990087 0.010
7989895 0.010
7989746 0.010
7987204 0.010
7986789 0.010
7985779 0.010
7983405 0.010
7982325 0.010
7981596 0.010
7980585 0.010
7976713 0.010
7973278 0.010
7972736 0.010
7970039 0.010
7967444 0.010
7966062 0.010
7966047 0.010
7963501 0.010
7963261 0.010
7959803 0.010
7959381 0.010
7958000 0.010
7957433 0.010
7957042 0.010
7956008 0.010
7950655 0.010
7949690 0.010
7943431 0.010
7932035 0.010
7925717 0.010
7911984 0.010
7858111 0.010
7848711 0.010
7808443 0.010
7796018 0.010
7794003 0.010
7780721 0.010
7582525 0.010
7383329 0.010
7317964 0.010
7995912 0.015
7993294 0.015
7991928 0.015
7991142 0.015
7990726 0.015
7990500 0.015
7989935 0.015
7988086 0.015
7987743 0.015
7986636 0.015
7985547 0.015
7984136 0.015
7983404 0.015
7983278 0.015
7981894 0.015
7979806 0.015
7977543 0.015
7974339 0.015
7973128 0.015
7970761 0.015
7963312 0.015
7955750 0.015
7955072 0.015
7950987 0.015
7945402 0.015
7935560 0.015
7924376 0.015
7923834 0.015
7922017 0.015
7921466 0.015
7891745 0.015
7880537 0.015
7855970 0.015
7855357 0.015
7830779 0.015
7649505 0.015
7131877 0.015
7991494 0.020
7988127 0.020
7984999 0.020
7980148 0.020
7974761 0.020
7973762 0.020
7973574 0.020
7973117 0.020
7971756 0.020
7970344 0.020
7970171 0.020
7969029 0.020
7964097 0.020
7963673 0.020
7960417 0.020
7956237 0.020
7954451 0.020
7950401 0.020
7948877 0.020
7899891 0.020
7896293 0.020
7770188 0.020
7763464 0.020
7711928 0.020
7708497 0.020
7639656 0.020
7459885 0.020
7988500 0.025
7981806 0.025
7962590 0.025
7953910 0.025
7933933 0.025
7924933 0.025
7875075 0.025
7864804 0.025
7863031 0.025
7838373 0.025
7778636 0.025
7645146 0.025
7512258 0.025
7398381 0.025
7316029 0.025
6613444 0.025
7986875 0.030
7978808 0.030
7977054 0.030
7971197 0.030
7965152 0.030
7964032 0.030
7960541 0.030
7947843 0.030
7947105 0.030
7930617 0.030
7909685 0.030
7883280 0.030
7868967 0.030
7794751 0.030
7761248 0.030
7726402 0.030
7723611 0.030
7294508 0.030
7279887 0.030
7260688 0.030
7963403 0.035
7947164 0.035
7931578 0.035
7914575 0.035
7910394 0.035
7787190 0.035
7726420 0.035
7714432 0.035
7713572 0.035
6873436 0.035
6865599 0.035
7955307 0.040
7913802 0.040
7883285 0.040
7880534 0.040
7740825 0.040
7705797 0.040
7961583 0.045
7944278 0.045
7936306 0.045
7930858 0.045
7929157 0.045
7922649 0.045
7895268 0.045
7814329 0.045
7787899 0.045
7773663 0.045
7737751 0.045
7704838 0.045
5119382 0.045
7967834 0.050
7947834 0.050
7943832 0.050
7935236 0.050
7923001 0.050
7913933 0.050
7911293 0.050
7880507 0.050
7829639 0.050
7742872 0.050
5706524 0.050
4857733 0.050
7976309 0.055
7967480 0.055
7956399 0.055
7923565 0.055
7897562 0.055
7893500 0.055
7871141 0.055
7686717 0.055
7471246 0.055
7228989 0.055
6743276 0.055
6656985 0.055
7943176 0.060
7896386 0.060
7871567 0.060
7850222 0.060
7825305 0.060
7813018 0.060
7321343 0.060
6949035 0.060
6461187 0.060
7942763 0.065
7921150 0.065
7918952 0.065
7912634 0.065
7639854 0.065
7522972 0.065
7236230 0.065
7953078 0.070
7926780 0.070
7832519 0.070
7792439 0.070
7662535 0.070
7596201 0.070
3787339 0.070
7911567 0.075
7842938 0.075
7803535 0.075
7687121 0.075
7458456 0.075
7340082 0.075
6484328 0.075
7942816 0.080
7935657 0.080
7907463 0.080
7902835 0.080
7585675 0.080
7209083 0.080
7111266 0.080
7900258 0.085
7881766 0.085
7685069 0.085
7050317 0.085
7862617 0.090
7787686 0.090
7763995 0.090
7728814 0.090
7536742 0.090
7090487 0.090
6862698 0.090
6677287 0.090
6566138 0.090
6151574 0.090
7858684 0.095
7841975 0.095
7799570 0.095
7678476 0.095
7661856 0.095
7086823 0.095
7603894 0.100
7482000 0.100
7819751 0.105
7733110 0.105
7726654 0.105
7713558 0.105
7488770 0.105
7766683 0.110
7736738 0.110
7619426 0.110
7925504 0.115
7750610 0.115
7741874 0.115
7561066 0.115
7418675 0.115
6799019 0.115
7923184 0.120
7848905 0.120
7710371 0.120
7452916 0.120
7931358 0.125
7816089 0.125
7645475 0.125
7643604 0.125
7618338 0.125
7312476 0.125
7172347 0.130
6570851 0.130
7828938 0.135
7806127 0.135
7709247 0.135
7708462 0.135
7526946 0.135
7452169 0.135
7782649 0.145
7536576 0.145
7382188 0.145
7956116 0.150
7775943 0.150
7690439 0.150
7531382 0.150
6885782 0.150
7865906 0.155
7558827 0.155
7487861 0.155
7364222 0.155
6881816 0.155
7811508 0.160
7656527 0.165
7569417 0.165
7721537 0.170
7533011 0.170
7601551 0.175
6137731 0.175
5521542 0.175
6856775 0.180
6399811 0.180
7881806 0.185
7683587 0.185
6428977 0.185
7775950 0.190
7755047 0.190
7568582 0.190
7129020 0.190
6113404 0.190
7497624 0.195
7462838 0.195
7270297 0.195
6229865 0.195
6059706 0.195
5192563 0.195
7849970 0.200
7821593 0.200
7719604 0.200
7067442 0.200
4037402 0.200
7894690 0.205
7846387 0.205
7729907 0.205
7825836 0.210
7258277 0.210
7110760 0.210
6225314 0.210
7906543 0.215
5456333 0.215
7775867 0.225
7756250 0.225
7658118 0.225
7653849 0.225
7250085 0.225
7095919 0.225
6713995 0.230
6561414 0.230
7038288 0.235
6961518 0.240
7831052 0.245
7018997 0.245
5585771 0.245
7600660 0.250
6452163 0.250
5779944 0.250
7352384 0.255
7294303 0.255
7303700 0.260
5549591 0.260
7250497 0.265
6819224 0.265
6606511 0.265
7153958 0.270
7772796 0.275
7690842 0.280
7217133 0.280
7100678 0.280
7769518 0.290
7625197 0.290
7317507 0.305
6630311 0.305
7529995 0.310
7048206 0.310
6354505 0.310
5809740 0.310
7764572 0.315
6011735 0.315
7841054 0.320
7741303 0.325
7672625 0.325
7460746 0.325
6549566 0.325
5732011 0.325
7200363 0.330
7546416 0.335
7036550 0.335
7533945 0.340
7778679 0.345
7497564 0.345
7633139 0.350
6915961 0.355
6540909 0.360
7729406 0.365
7069355 0.370
3741333 0.370
7766416 0.375
7883536 0.380
7479075 0.380
6491037 0.380
7199969 0.385
7762655 0.390
6586804 0.390
5825004 0.395
5196087 0.395
7562603 0.400
7414254 0.400
6908655 0.400
4487054 0.400
7063849 0.405
6985287 0.405
6772945 0.405
7836546 0.420
7053577 0.420
7008249 0.420
6375299 0.425
7520102 0.430
7215089 0.430
5709719 0.430
6553387 0.435
7195283 0.450
7403841 0.460
7168406 0.465
6874092 0.470
7770090 0.480
5970934 0.480
7616735 0.500
7591024 0.505
4876784 0.515
3691401 0.515
6497663 0.525
2841533 0.525
7334473 0.535
7157976 0.535
6212330 0.535
5954083 0.535
4504991 0.540
6986001 0.545
7295053 0.550
7506586 0.555
5147702 0.555
7638184 0.560
6903233 0.560
5681079 0.565
4881152 0.570
7534888 0.575
5863441 0.575
7327711 0.580
5873051 0.580
3567771 0.580
6909152 0.585
6828523 0.585
7396531 0.595
7195199 0.605
7053018 0.610
5718576 0.620
6539385 0.625
6264214 0.635
6788756 0.645
6799469 0.660
7296724 0.665
3992684 0.670
7386412 0.685
4505133 0.685
6857297 0.705
6416739 0.705
6394615 0.705
6923806 0.725
6660606 0.735
5554138 0.740
7215244 0.750
6485332 0.755
7070202 0.760
6171400 0.790
5332472 0.795
6763188 0.800
6182625 0.805
6997060 0.810
5348298 0.810
7342615 0.815
6379348 0.830
6965496 0.850
7284164 0.860
7039886 0.880
6934290 0.895
4943667 0.910
6789244 0.930
6667041 0.930
6849134 0.935
4066500 0.935
6235826 0.950
4423766 0.960
6943236 0.980
6665098 0.985
4926594 0.995
4386108 0.995
