7998069
7997755
7997667
7997580
7997542
7997521
7997499
7997289
7997169
7996970
7996792
7996743
7996717
7996693
7996591
7996372
7996170
7995977
7995925
7995892
7995882
7995841
7995827
7995640
7995267
7995093
7995066
7995030
7994697
7994472
7994438
7994358
7994284
7994216
7994215
7994009
7993775
7993582
7993523
7993389
7993367
7992789
7992699
7992686
7992654
7992321
7991585
7991518
7991462
7991378
7991294
7991261
7991256
7991021
7990685
7990238
7990144
7990116
7989824
7989811
7989775
7989579
7989301
7989213
7989139
7988960
7988546
7988515
7988010
7987764
7987408
7987272
7987145
7987144
7986913
7986290
7986142
7986136
7986015
7986013
7985906
7985775
7985650
7985549
7985387
7985232
7984796
7984657
7984561
7984520
7984353
7984073
7984065
7983979
7983512
7983259
7983190
7983178
7982747
7982445
7982023
7981863
7981235
7981165
7980065
7979994
7979942
7979846
7979591
7978959
7978198
7977124
7976770
7975840
7975496
7975221
7975219
7975125
7975122
7974799
7974532
7974438
7974008
7973779
7973426
7972634
7972492
7972426
7971825
7971658
7971301
7971085
7970672
7970486
7969670
7968686
7968492
7968154
7967912
7967150
7967114
7966750
7966581
7965949
7965496
7965439
7965085
7964954
7962714
7962293
7961821
7961089
7961072
7960410
7959975
7959874
7959402
7959383
7958722
7957946
7957690
7955854
7955073
7954901
7954558
7954541
7954274
7954119
7954030
7953135
7952888
7952640
7952386
7952121
7951690
7951191
7950276
7950262
7949671
7948814
7948558
7948244
7948127
7947939
7946085
7945874
7945135
7944432
7944201
7943521
7943375
7943193
7943158
7943001
7942945
7941955
7941801
7941742
7941139
7940415
7939961
7939504
7937258
7937116
7935465
7935171
7934308
7934296
7933761
7933677
7933064
7932910
7932094
7931450
7930959
7930129
7929813
7929577
7929204
7927389
7927308
7926937
7926495
7925848
7924975
7924322
7923167
7921113
7919215
7918201
7916847
7916679
7915655
7915268
7913655
7913115
7912317
7910747
7910176
7908621
7908407
7908309
7907139
7904697
7904488
7902669
7902063
7901674
7900804
7900482
7900399
7900137
7897159
7896747
7895833
7892529
7890678
7890278
7889584
7888463
7886903
7886421
7881041
7880216
7879841
7878446
7878235
7876989
7876048
7875759
7874865
7874559
7873423
7873298
7870994
7870943
7869166
7868222
7867525
7867338
7863827
7860204
7859819
7859152
7857731
7857218
7853227
7852952
7852946
7852046
7849186
7848788
7848105
7846550
7843865
7843110
7839259
7837379
7832002
7827222
7825065
7824645
7824416
7824335
7821774
7821631
7820809
7818218
7817266
7817019
7816242
7809718
7808436
7808327
7805701
7803885
7802254
7801526
7799858
7796371
7795065
7793997
7792291
7791854
7791125
7790553
7787759
7786396
7785092
7784959
7783551
7780708
7780280
7779511
7778893
7777800
7762074
7753708
7749942
7749421
7747307
7747053
7745236
7743934
7741900
7735863
7733304
7728336
7727370
7726955
7721110
7719642
7718473
7718237
7717213
7715630
7713217
7700919
7699885
7699410
7699033
7699007
7685917
7685529
7684801
7677173
7677154
7675075
7674971
7673620
7668961
7667435
7666016
7664326
7663426
7662910
7660179
7658545
7654821
7653669
7653506
7651058
7649841
7648499
7645238
7643691
7643157
7641058
7633986
7631006
7630132
7607043
7603043
7594950
7586958
7581174
7580408
7574757
7569446
7567579
7562170
7555287
7555278
7551243
7546197
7545231
7542565
7539560
7530008
7527959
7526810
7519261
7513816
7506913
7500882
7495799
7495627
7492310
7487278
7477615
7471734
7463053
7456929
7449037
7442512
7442030
7437365
7421068
7414524
7412317
7412234
7409539
7400597
7398493
7397205
7389345
7387892
7385344
7374364
7373530
7366251
7356077
7348979
7339312
7337643
7336960
7334348
7328821
7326545
7316501
7311880
7308987
7307028
7302524
7298612
7292479
7289319
7280147
7275168
7272147
7268803
7265910
7264849
7264787
7262365
7261520
7250039
7245003
7233818
7221514
7206738
7196837
7190607
7187104
7177555
7175941
7175649
7167694
7165079
7162621
7158455
7158091
7155416
7139649
7116127
7106231
7079956
7079138
7069546
7066306
7037187
7034084
7033251
7024759
7012935
7006179
7002323
6994553
6994090
6977916
6972725
6969905
6961694
6957574
6921268
6915076
6904359
6899947
6897831
6879296
6852776
6851412
6829761
6804395
6802666
6785479
6781202
6778869
6768749
6744849
6731999
6727915
6712595
6710520
6702961
6699663
6624660
6617659
6611320
6595229
6573230
6548628
6443912
6437636
6414539
6368938
6365008
6357076
6299588
6298697
6237706
6235978
6226302
6214579
6201030
6193347
6132108
6110314
6104702
6091439
6027011
6012932
5977784
5973973
5968215
5833458
5753536
5688198
5624933
5596600
5596201
5575548
5574260
5574250
5547505
5519012
5502693
5494496
5418585
5394191
5362148
5178381
5167662
5147486
5054675
4955513
4863524
4820851
4738439
4712523
4645528
4571005
4359033
4009123
3931295
3246818
2406088
