8000408 0.005
8000400 0.005
8000206 0.005
8000050 0.005
7999820 0.005
7999819 0.005
7999620 0.005
7999616 0.005
7999363 0.005
7999293 0.005
7999112 0.005
7999076 0.005
7999069 0.005
7998953 0.005
7998929 0.005
7998729 0.005
7998589 0.005
7998556 0.005
7998529 0.005
7998254 0.005
7998250 0.005
7998016 0.005
7997986 0.005
7997924 0.005
7997594 0.005
7997439 0.005
7997411 0.005
7996887 0.005
7996478 0.005
7996176 0.005
7996101 0.005
7995533 0.005
7995436 0.005
7995306 0.005
7994876 0.005
7994873 0.005
7994660 0.005
7994451 0.005
7993460 0.005
7992428 0.005
7992373 0.005
7992061 0.005
7992056 0.005
7991978 0.005
7991620 0.005
7991501 0.005
7991420 0.005
7990569 0.005
7990424 0.005
7989719 0.005
7989607 0.005
7988804 0.005
7988688 0.005
7988553 0.005
7988206 0.005
7987840 0.005
7987691 0.005
7987379 0.005
7986960 0.005
7986918 0.005
7986320 0.005
7984286 0.005
7983630 0.005
7982816 0.005
7982670 0.005
7982283 0.005
7979641 0.005
7979494 0.005
7979000 0.005
7978902 0.005
7978414 0.005
7975919 0.005
7973998 0.005
7972883 0.005
7971768 0.005
7971236 0.005
7970878 0.005
7969203 0.005
7969103 0.005
7968389 0.005
7967969 0.005
7967686 0.005
7966212 0.005
7958413 0.005
7956073 0.005
7955863 0.005
7955570 0.005
7953728 0.005
7948836 0.005
7942092 0.005
7940902 0.005
7940749 0.005
7938380 0.005
7938197 0.005
7933211 0.005
7930981 0.005
7906335 0.005
7851779 0.005
7835285 0.005
7754634 0.005
7639212 0.005
7624170 0.005
7535979 0.005
7195100 0.005
7999240 0.010
7997954 0.010
7996488 0.010
7996208 0.010
7995943 0.010
7995465 0.010
7995311 0.010
7995097 0.010
7994901 0.010
7993669 0.010
7993357 0.010
7992669 0.010
7990413 0.010
7990128 0.010
7989960 0.010
7988903 0.010
7984234 0.010
7983456 0.010
7982096 0.010
7981857 0.010
7979642 0.010
7977773 0.010
7975767 0.010
7969108 0.010
7968243 0.010
7964318 0.010
7961768 0.010
7960532 0.010
7957904 0.010
7957255 0.010
7947995 0.010
7945728 0.010
7944570 0.010
7940586 0.010
7940216 0.010
7938707 0.010
7898656 0.010
7886665 0.010
7861284 0.010
7658123 0.010
7293406 0.010
7998330 0.015
7994498 0.015
7993616 0.015
7990957 0.015
7990740 0.015
7988979 0.015
7984100 0.015
7980976 0.015
7977603 0.015
7976704 0.015
7972402 0.015
7971262 0.015
7958053 0.015
7953555 0.015
7952179 0.015
7948968 0.015
7939875 0.015
7929021 0.015
7922108 0.015
7897690 0.015
7811054 0.015
7758865 0.015
7710170 0.015
7511136 0.015
7990253 0.020
7987352 0.020
7985984 0.020
7983608 0.020
7982572 0.020
7979963 0.020
7978764 0.020
7975263 0.020
7971297 0.020
7971098 0.020
7961133 0.020
7960573 0.020
7949179 0.020
7948372 0.020
7924967 0.020
7917764 0.020
7909809 0.020
7878660 0.020
7770631 0.020
6533617 0.020
7987318 0.025
7983169 0.025
7925118 0.025
7918775 0.025
7916724 0.025
7904709 0.025
7887552 0.025
7865858 0.025
7860648 0.025
7838033 0.025
7832704 0.025
7821295 0.025
7810813 0.025
7768378 0.025
7746152 0.025
7376550 0.025
7294336 0.025
7086173 0.025
7985348 0.030
7982748 0.030
7967374 0.030
7966697 0.030
7964475 0.030
7962703 0.030
7960476 0.030
7960306 0.030
7959455 0.030
7957666 0.030
7906317 0.030
7900928 0.030
7896927 0.030
7894039 0.030
7890135 0.030
7873361 0.030
7869076 0.030
7862812 0.030
7834887 0.030
7769548 0.030
7735115 0.030
7699840 0.030
7669970 0.030
7531720 0.030
7446788 0.030
6920050 0.030
7991225 0.035
7988308 0.035
7987896 0.035
7981897 0.035
7972775 0.035
7962202 0.035
7924789 0.035
7920869 0.035
7915240 0.035
7910213 0.035
7908384 0.035
7875893 0.035
7773475 0.035
7619761 0.035
7493341 0.035
7977019 0.040
7976638 0.040
7916504 0.040
7895163 0.040
7878008 0.040
7769675 0.040
7388850 0.040
5928884 0.040
7973586 0.045
7967120 0.045
7950059 0.045
7841702 0.045
7821752 0.045
7774373 0.045
7751139 0.045
7548973 0.045
6682655 0.045
7969244 0.050
7955815 0.050
7936139 0.050
7931379 0.050
7925981 0.050
7911117 0.050
7852346 0.050
7819629 0.050
7467810 0.050
7261353 0.050
5663735 0.050
7973220 0.055
7959108 0.055
7940366 0.055
7920882 0.055
7858263 0.055
7775321 0.055
7770874 0.055
7687847 0.055
7595342 0.055
7917221 0.060
7913921 0.060
7875096 0.060
7692913 0.060
7493146 0.060
7440318 0.060
6876909 0.060
6409221 0.060
7963571 0.065
7960786 0.065
7931430 0.065
7909319 0.065
7894942 0.065
7862865 0.065
7856889 0.065
7835492 0.065
7794506 0.065
7762844 0.065
7631267 0.065
7319914 0.065
7020506 0.065
6870392 0.065
5899982 0.065
7939486 0.070
7920004 0.070
7903343 0.070
7892904 0.070
7845418 0.070
7804465 0.070
7790333 0.070
7712443 0.070
7322891 0.070
7953542 0.075
7951770 0.075
7948628 0.075
7928039 0.075
7807559 0.075
7801504 0.075
7781583 0.075
7468227 0.080
7274833 0.080
7934540 0.085
7464037 0.085
6624562 0.085
7951522 0.090
7864208 0.090
7840712 0.090
7765375 0.090
6985691 0.090
7855167 0.095
7811731 0.095
7780991 0.095
7776211 0.095
7672567 0.095
7941011 0.100
7890643 0.100
7595379 0.100
7496584 0.100
7005303 0.100
6858937 0.100
6124710 0.100
7933446 0.105
7887458 0.105
7868686 0.105
7867750 0.105
7794482 0.105
7791380 0.105
7177845 0.105
7961115 0.110
7892428 0.110
7721389 0.110
7680490 0.110
7643188 0.110
7567704 0.110
7502609 0.110
7026272 0.110
7261747 0.115
7879302 0.120
7400810 0.120
5661760 0.120
7885031 0.125
7874085 0.125
7702445 0.125
6992667 0.125
4398591 0.125
7904390 0.130
7833716 0.130
7034684 0.130
7866909 0.135
7859201 0.135
7729448 0.135
7638155 0.135
6959501 0.135
7817013 0.140
7208471 0.140
6771581 0.140
7941804 0.145
7861716 0.145
7749952 0.145
3387496 0.145
7801573 0.150
7491785 0.150
7909675 0.155
7880610 0.155
7872026 0.155
7735096 0.155
7728827 0.155
7569054 0.155
7507193 0.155
7916368 0.160
7772198 0.160
7596252 0.160
7847160 0.165
7522259 0.165
7046266 0.165
6794532 0.165
7567276 0.170
5954479 0.170
7936015 0.175
7756775 0.175
7284697 0.175
7210079 0.175
5430626 0.175
7930279 0.180
7645119 0.180
6988955 0.180
7224508 0.190
6804784 0.190
7571952 0.195
7099996 0.195
7673676 0.200
7679732 0.205
7228120 0.205
6798736 0.205
7844640 0.210
7502835 0.210
5377799 0.210
7737258 0.215
7418762 0.220
7133366 0.220
7820485 0.225
7671464 0.225
7547780 0.225
7756336 0.235
7609500 0.235
6956054 0.235
7506092 0.240
7061471 0.240
7022718 0.240
7716306 0.245
6953900 0.250
6811413 0.250
5833607 0.250
7765057 0.255
7655737 0.255
7793466 0.260
7761225 0.260
7808248 0.265
7555147 0.270
6852607 0.270
7628233 0.275
7048114 0.275
5392605 0.275
7601688 0.280
6240622 0.280
7166726 0.285
7498711 0.290
7430151 0.290
7352672 0.290
7228725 0.295
7128162 0.295
7301913 0.300
6321597 0.300
7056489 0.305
6466512 0.305
6260981 0.305
7530292 0.320
7485661 0.320
7547749 0.325
7692149 0.330
7292077 0.330
7379904 0.335
2528316 0.345
6843082 0.360
7668015 0.370
7355019 0.375
6778608 0.380
7675608 0.385
5229550 0.385
4782862 0.390
6233716 0.395
7410345 0.400
7246329 0.400
5191264 0.405
6637928 0.410
6617093 0.410
6571323 0.415
7726432 0.420
7714123 0.420
7678275 0.420
7582259 0.420
7439247 0.420
7752991 0.430
6919614 0.430
7517700 0.435
7306607 0.435
7305598 0.455
7186114 0.455
7090645 0.460
5820866 0.460
6737423 0.465
6713612 0.465
5733608 0.475
7356032 0.480
3161676 0.480
7192447 0.485
5094987 0.490
7456056 0.495
6834579 0.495
6291324 0.495
4579577 0.495
6331026 0.505
7494369 0.515
7052237 0.520
5959320 0.520
7819711 0.530
6255741 0.535
6804060 0.540
6650485 0.540
7383167 0.545
2446085 0.555
7306871 0.560
7004788 0.560
7578723 0.570
6315487 0.595
6645938 0.615
6405982 0.615
5226624 0.620
5881095 0.630
7511674 0.645
7293177 0.645
6877744 0.645
6323637 0.645
4054149 0.650
4557492 0.655
6220023 0.675
7357672 0.685
5776305 0.695
7193984 0.705
7059393 0.755
6281316 0.765
6533593 0.770
4182987 0.775
7161594 0.780
6083915 0.780
5372578 0.780
6976172 0.790
6919245 0.790
2952836 0.790
6057539 0.795
6568496 0.805
6240519 0.805
3904365 0.805
6181854 0.810
6289991 0.835
6461933 0.855
6343981 0.855
5062666 0.860
4948810 0.865
5520246 0.880
6910148 0.885
2184034 0.890
6916580 0.895
5691922 0.900
4911592 0.905
7106997 0.910
5297801 0.910
7277408 0.915
7115946 0.915
6805799 0.920
4234429 0.930
5999891 0.935
4841277 0.965
