8003031
8002821
8002599
8002411
8002173
8002039
8001598
8001143
8000971
8000852
8000850
8000779
8000751
8000658
8000526
8000516
8000340
8000238
8000231
8000083
8000006
7999946
7999945
7999744
7999720
7999433
7999182
7999086
7998959
7998863
7998806
7998654
7998372
7998366
7998133
7997881
7997800
7997471
7997438
7997364
7997228
7997025
7996174
7996107
7995999
7995868
7995779
7995510
7995195
7995112
7995059
7994973
7994963
7994883
7994878
7994662
7994262
7993657
7993494
7993334
7993176
7993149
7993148
7993080
7992815
7992617
7992454
7992189
7992092
7991975
7991327
7990542
7990458
7990359
7990335
7990021
7989888
7989791
7988919
7988839
7988731
7988721
7988217
7988049
7987890
7987822
7987688
7987686
7987526
7987446
7987063
7986779
7986753
7986747
7986485
7986411
7985842
7985715
7985539
7985364
7985158
7985086
7985043
7984822
7984753
7984591
7984439
7984323
7984295
7984166
7983784
7983705
7982540
7982497
7982358
7982188
7982110
7981890
7981747
7981706
7981200
7981123
7980575
7980384
7980307
7979959
7979660
7978994
7978658
7978052
7977628
7976737
7976517
7975973
7975499
7975161
7975160
7974935
7974779
7974723
7974557
7974094
7973485
7973195
7972768
7971936
7971880
7971828
7971136
7970619
7970445
7969757
7969334
7969229
7968787
7967257
7967189
7967110
7966413
7965460
7964399
7964301
7964105
7962483
7961936
7961734
7961635
7961382
7961234
7960219
7959789
7959712
7959240
7958996
7958368
7957316
7956875
7956731
7956536
7954535
7953209
7952268
7952251
7950821
7949829
7949782
7949498
7948962
7948698
7947353
7945788
7945403
7943404
7943392
7942097
7941599
7936545
7936058
7934780
7934680
7934081
7932936
7932069
7931817
7931540
7930174
7928667
7928201
7927496
7925504
7925310
7924675
7924652
7923817
7923429
7922754
7922574
7922475
7922224
7921700
7919912
7919452
7919353
7918010
7917608
7917281
7917230
7915583
7915002
7914649
7913205
7912745
7910590
7910358
7907491
7907006
7905982
7905183
7904007
7903263
7899647
7898217
7897730
7896827
7896061
7895579
7895349
7895239
7894475
7894181
7891781
7890353
7890146
7887810
7887439
7885214
7884994
7884051
7883644
7881860
7881424
7880111
7879381
7877132
7876580
7875670
7875414
7875093
7875080
7873266
7871145
7871076
7869980
7869267
7867289
7866534
7863780
7862006
7860072
7858428
7855170
7851375
7847432
7846095
7844991
7844085
7843936
7843076
7841956
7841263
7841157
7838531
7837429
7836088
7835361
7835062
7834741
7834066
7832783
7832142
7828930
7828857
7828027
7827092
7824590
7818402
7817132
7816354
7806643
7805586
7805025
7804295
7803193
7799376
7796588
7795023
7793647
7788966
7788035
7786255
7785484
7785013
7783666
7777179
7764287
7760469
7760097
7757540
7755981
7753458
7747646
7745944
7743929
7740757
7738540
7738439
7736260
7736080
7728465
7727474
7719932
7719638
7716957
7710515
7697821
7694276
7688524
7682633
7679876
7677626
7673924
7672826
7671723
7671427
7670044
7668971
7668494
7667062
7666774
7659354
7656887
7651541
7651310
7650757
7645891
7644879
7640130
7636430
7632692
7630305
7628957
7627354
7626742
7626652
7625946
7625109
7624917
7620936
7619204
7618044
7616257
7616205
7600426
7598251
7596587
7583639
7575590
7573152
7569054
7563958
7563914
7560316
7558785
7556913
7556796
7554498
7550387
7542109
7541705
7535992
7535481
7524768
7523967
7519384
7514288
7510562
7480031
7473183
7471660
7470632
7469002
7467830
7456212
7448426
7447950
7439386
7432552
7425850
7424922
7405796
7388574
7384500
7382968
7378909
7359812
7357240
7355936
7354902
7354256
7343531
7339185
7338740
7330027
7323251
7311494
7300792
7295572
7295335
7294422
7293446
7283929
7283865
7273172
7264705
7244448
7238544
7232666
7220191
7214856
7211472
7210951
7207024
7204026
7190599
7187157
7183312
7177911
7168184
7162741
7154892
7149329
7139311
7131522
7127954
7099984
7094051
7086714
7083572
7056151
7044134
7038307
7034925
7030222
7026849
7005802
7001594
6995793
6992158
6983844
6972575
6971233
6962990
6946080
6923233
6916781
6907570
6900672
6893077
6892581
6853377
6851816
6838711
6823454
6807781
6806712
6804793
6802063
6788462
6767620
6764166
6760576
6741173
6737003
6734705
6732033
6728213
6710134
6680278
6665125
6657037
6655353
6646257
6640203
6636473
6634217
6621041
6601662
6601559
6592598
6591657
6570383
6525827
6458440
6429975
6416492
6405051
6403016
6381211
6375619
6365645
6350796
6336451
6327914
6298190
6296546
6290995
6246603
6218546
6173848
6135438
6043305
6038287
6017845
5999856
5996656
5970280
5946477
5932171
5916537
5838072
5765161
5749944
5742065
5705417
5695341
5694926
5645878
5597931
5569791
5511915
5504378
5459327
5406730
5044896
4937210
4868175
4664781
4610499
4522997
4386546
4030391
3983376
3293036
3026304
2995259
2787218
2602256
2399021
2382685
2198352
1501279
