7998918
7998702
7998478
7998445
7998400
7998315
7998205
7998150
7998094
7998014
7997759
7997506
7997443
7997407
7997113
7997080
7997031
7996938
7996854
7996376
7996183
7995788
7995501
7994935
7994404
7994347
7994145
7994000
7993914
7993544
7993378
7993196
7992973
7992925
7992917
7992793
7992780
7992536
7992416
7992282
7992207
7992163
7992058
7991914
7991887
7991442
7991044
7990975
7990308
7990186
7990169
7990045
7989433
7989410
7989054
7989018
7988402
7988115
7988019
7988003
7987813
7987542
7987394
7986846
7986802
7986647
7986075
7985764
7985548
7985335
7984995
7984812
7984775
7984652
7984298
7983982
7983777
7983739
7983445
7983262
7983111
7982658
7982418
7982013
7981193
7981065
7980915
7980546
7979435
7979231
7979167
7979015
7978759
7978454
7978385
7978164
7978042
7978036
7977937
7976916
7976835
7976746
7976432
7976306
7976024
7975866
7974901
7974528
7974114
7973683
7973445
7973149
7972627
7972609
7971905
7971821
7971670
7970187
7969496
7969070
7969055
7967941
7967048
7966966
7966540
7966430
7966216
7965878
7965614
7965114
7964472
7964353
7963892
7963652
7963297
7962780
7962564
7960270
7959517
7959325
7959261
7958344
7957981
7957740
7957628
7957626
7955731
7954374
7954250
7953540
7953443
7953282
7953166
7952552
7950994
7950985
7949235
7949197
7947107
7946731
7946401
7945812
7944634
7944399
7943798
7943606
7943166
7942908
7942139
7942117
7941923
7940463
7940089
7939659
7939078
7938797
7937643
7934767
7934300
7934185
7931836
7931071
7930753
7930382
7928644
7927453
7927304
7927257
7926455
7922996
7922963
7922878
7920579
7919621
7918421
7917539
7917238
7916453
7915242
7915138
7914515
7912150
7911646
7911225
7911162
7910756
7910600
7910487
7909726
7909327
7908254
7907644
7905365
7905254
7905089
7904528
7902827
7902346
7902265
7901055
7900796
7898797
7897562
7897321
7895002
7894012
7892077
7891468
7887944
7884537
7882176
7882080
7878022
7876561
7876512
7875177
7874964
7874465
7874296
7871081
7870474
7870235
7870015
7868272
7864485
7857120
7855032
7854979
7852716
7851814
7851153
7850551
7849675
7848920
7848306
7846736
7840067
7839507
7836142
7835831
7834354
7833283
7831097
7830681
7829306
7826139
7825023
7823767
7821174
7810382
7809308
7806020
7803051
7801741
7797419
7796870
7791813
7788784
7784601
7782657
7780072
7779181
7776373
7766470
7765608
7764582
7760998
7759357
7758963
7750972
7749222
7748177
7739038
7734640
7729366
7728507
7719099
7718691
7713528
7712738
7712666
7712336
7710735
7709782
7703951
7703017
7701108
7697112
7696015
7694077
7693354
7692834
7683264
7681607
7679494
7677768
7668245
7666439
7665063
7660223
7659517
7658248
7656610
7655247
7654569
7653505
7652506
7640392
7638423
7629991
7624322
7620109
7617410
7616908
7614511
7607778
7607566
7590025
7574516
7573497
7573261
7572825
7569059
7565719
7564697
7563129
7552864
7550300
7548078
7546558
7544071
7540319
7529940
7529557
7526636
7518942
7510576
7510537
7505381
7504188
7502032
7500299
7497729
7496185
7494953
7490698
7485215
7482413
7469150
7466321
7460120
7453207
7451889
7431073
7428202
7425216
7413169
7412349
7410371
7409806
7407773
7404307
7395993
7395286
7393625
7393349
7384671
7380306
7377206
7373866
7371211
7366478
7353642
7339995
7338509
7337601
7325231
7317997
7317665
7303831
7303255
7283471
7282853
7270555
7266013
7249976
7244394
7243573
7221855
7220674
7218448
7206490
7200152
7198722
7191890
7191508
7187285
7173970
7166887
7155312
7153388
7135410
7117032
7113755
7104169
7095173
7085319
7068172
7059235
7058853
7054151
7038242
7026482
7016062
7009002
6997305
6994611
6990801
6972289
6969145
6963452
6954682
6945861
6943759
6938628
6925808
6894425
6878802
6877337
6873820
6872170
6870150
6867960
6858040
6847807
6833832
6829990
6796849
6763938
6724925
6691424
6677619
6677174
6653764
6647987
6646187
6621779
6559932
6558789
6556071
6547512
6530777
6528564
6521065
6506192
6458565
6430809
6424277
6413659
6389221
6387393
6385487
6379597
6338154
6308932
6308896
6257999
6223749
6218827
6213110
6199353
6189052
6173243
6168387
6127120
6021366
5986602
5971093
5940248
5936482
5930481
5879123
5808785
5780564
5753503
5700967
5693540
5663298
5487134
5468322
5385017
5371083
5232268
5198508
5115869
5012367
4964632
4892174
4702841
4663548
4519786
4444164
4407256
4180467
3665446
3519838
2948999
2910577
