7997237
7997226
7997101
7997060
7996964
7996954
7996931
7996893
7996816
7996803
7996715
7996579
7996511
7996496
7996480
7996394
7996332
7996290
7996212
7996180
7996147
7996061
7995890
7995878
7995851
7995628
7995626
7995427
7995390
7995336
7994617
7994570
7994290
7994047
7993899
7993835
7993661
7993563
7993458
7993443
7993414
7993386
7993307
7993091
7993051
7992921
7992892
7992792
7992681
7992679
7992557
7992289
7992262
7992241
7992148
7992080
7991970
7991779
7991616
7991476
7991461
7991170
7991124
7990851
7990786
7990560
7990514
7990413
7990287
7990049
7989920
7989584
7989528
7989155
7989004
7988546
7988466
7988397
7988347
7988206
7988089
7987774
7987751
7987735
7987724
7987636
7987546
7987534
7986635
7985828
7985730
7985715
7985652
7985010
7984949
7984649
7984316
7984107
7984011
7983912
7983825
7983430
7983394
7982860
7982601
7982332
7982241
7981877
7981486
7981044
7980772
7980707
7980384
7980139
7979894
7979756
7979435
7979277
7979271
7979196
7978949
7978748
7978483
7978236
7977782
7977307
7977111
7976978
7976745
7976128
7976030
7975709
7975400
7974816
7974783
7974719
7973362
7973237
7973072
7972863
7972703
7972523
7972461
7972428
7972215
7970795
7970242
7970128
7969684
7967741
7967378
7967234
7967203
7966839
7966592
7966515
7966203
7965951
7965871
7965718
7965459
7965306
7965220
7964486
7964468
7964387
7964243
7963332
7963093
7962626
7962258
7962057
7961512
7961349
7959981
7959974
7959941
7959863
7959629
7958386
7958068
7957869
7957154
7957075
7955899
7955684
7955385
7953231
7952501
7952231
7952162
7950136
7949959
7949649
7948668
7947793
7947590
7945448
7945408
7945081
7944865
7944216
7943365
7942479
7941614
7940848
7940150
7939799
7937977
7937830
7936812
7935667
7933482
7933440
7932601
7931105
7930258
7929984
7929798
7929183
7929148
7927586
7927482
7925368
7923213
7922141
7921648
7918393
7918164
7917352
7916124
7915195
7913284
7912305
7910470
7910197
7908717
7906274
7904087
7900899
7898902
7898244
7898243
7898220
7896482
7895416
7893686
7893605
7891878
7891779
7889436
7889114
7888877
7886075
7882756
7881017
7880222
7876840
7875995
7873695
7867921
7866762
7865961
7862362
7862013
7859983
7858498
7855182
7850690
7850425
7850304
7849718
7844997
7843437
7843403
7842042
7840940
7839451
7837829
7835720
7830499
7830373
7830208
7828966
7828506
7827670
7823290
7822384
7813487
7813465
7811964
7810571
7805434
7804532
7802384
7802283
7801490
7800892
7799071
7795275
7793978
7791588
7788569
7787365
7785210
7775612
7774054
7771686
7768960
7767670
7762983
7762837
7761021
7760545
7756142
7754783
7754574
7753219
7753131
7749477
7741800
7741113
7733814
7732542
7732350
7731790
7725493
7721890
7719426
7708224
7701548
7699862
7699447
7698704
7697429
7694218
7690591
7690163
7689483
7686930
7685843
7684793
7680789
7676280
7674882
7673979
7664430
7664217
7658907
7654457
7642891
7641357
7637545
7636788
7635742
7629068
7625171
7619952
7618600
7600943
7599271
7597422
7596233
7588827
7588507
7580818
7580610
7577242
7576419
7567757
7564510
7561958
7558362
7552855
7551158
7548994
7543521
7539823
7538256
7537827
7533578
7519955
7518354
7499736
7499141
7496420
7495869
7492112
7481799
7480310
7478653
7474014
7472091
7470756
7466691
7462641
7460846
7460203
7454931
7454656
7445084
7444071
7443433
7441132
7431057
7423333
7420696
7417784
7409233
7408309
7400557
7397740
7396626
7393563
7373710
7372102
7369552
7367130
7361505
7353548
7347572
7334956
7333979
7330018
7324822
7315360
7304280
7303016
7299811
7269235
7253087
7238374
7237817
7237131
7235305
7230972
7220207
7211663
7205183
7202144
7189688
7187072
7186175
7179101
7159147
7130033
7124028
7118810
7113335
7102832
7098009
7094192
7092398
7074430
7068928
7051833
7043582
7041425
7032898
7027694
7022438
6998121
6997670
6957576
6951670
6941799
6926432
6923110
6920759
6918179
6902067
6895456
6863971
6862808
6860340
6854276
6853715
6852250
6837672
6830650
6824029
6815880
6805477
6804277
6804174
6779512
6778403
6775991
6770288
6760953
6757664
6746899
6734660
6722466
6718901
6696282
6674557
6670755
6656993
6589461
6580036
6563078
6562131
6550429
6541329
6518869
6510199
6492055
6487815
6458474
6429163
6420755
6351025
6344068
6339337
6314534
6291491
6254205
6243214
6232640
6224176
6195515
6183180
6178938
6161555
6151294
6115823
5995867
5912077
5900350
5894396
5879699
5859057
5819351
5644859
5635560
5587961
5578300
5550340
5544484
5543936
5534067
5527647
5478581
5381106
5351492
5336450
5203370
5200104
5096952
5025766
4988240
4976347
4965946
4958704
4928140
4873894
4553031
4301106
3692140
1723738
1385768
