8000942
8000931
8000927
8000903
8000807
8000713
8000707
8000696
8000690
8000333
8000177
8000070
8000035
8000019
7999822
7999792
7999698
7999619
7999464
7999441
7999262
7999196
7999136
7998910
7998853
7998676
7998626
7998622
7998497
7998441
7998331
7998324
7998296
7998134
7998130
7997836
7997675
7997657
7996441
7996250
7996095
7995881
7995863
7995850
7995731
7995680
7995671
7995601
7995585
7995536
7995107
7994845
7994580
7994424
7994420
7994413
7994360
7994357
7994237
7993770
7993491
7993426
7993105
7993062
7993036
7992864
7992765
7992738
7992446
7992373
7992301
7992168
7991958
7991678
7991553
7991419
7991368
7991227
7991127
7991004
7990692
7990685
7990185
7989797
7989203
7988643
7988561
7987865
7987687
7987422
7987357
7987333
7986727
7986365
7986363
7986270
7985996
7985988
7985834
7985783
7985521
7985509
7985469
7985182
7984949
7984713
7984399
7984381
7984380
7983523
7983425
7982960
7982726
7982032
7981754
7981204
7980832
7980671
7980575
7980433
7980369
7980067
7980051
7979773
7978977
7978913
7978884
7978862
7978690
7978613
7978387
7978324
7978185
7977595
7977506
7977392
7977129
7976973
7976718
7976663
7976394
7976190
7975893
7975335
7975148
7974793
7974557
7974425
7974042
7974024
7973881
7973710
7973400
7972931
7971311
7969426
7969278
7968574
7968265
7967665
7967377
7967374
7966853
7966654
7966555
7965612
7965149
7965053
7964587
7964414
7963832
7963616
7963046
7961981
7961262
7961085
7960712
7959600
7958522
7957412
7956333
7955877
7954908
7954104
7953931
7952814
7952419
7951641
7951402
7950145
7949269
7949238
7948419
7947626
7947547
7946671
7946297
7945793
7945731
7945645
7945644
7945219
7944910
7944302
7944019
7943365
7942627
7941870
7941665
7940492
7940438
7940199
7940047
7939755
7939495
7938228
7937702
7937671
7937123
7936898
7936639
7936208
7935350
7933123
7932984
7931332
7930126
7929523
7929397
7929186
7927674
7927292
7926765
7924241
7923314
7920754
7920512
7919833
7918374
7918353
7917827
7916829
7916813
7915918
7915494
7915102
7914222
7913503
7913305
7911069
7908926
7907175
7904781
7903476
7902019
7900483
7899962
7898513
7898311
7897266
7895971
7895791
7895721
7895682
7893021
7891424
7891405
7889617
7885857
7884593
7884467
7884276
7881550
7881182
7880003
7879561
7874147
7873412
7872035
7871128
7870451
7870206
7869585
7868700
7868211
7867761
7867571
7864891
7864578
7863237
7858878
7856976
7854328
7852345
7852323
7852305
7852086
7851340
7850902
7845603
7845200
7842646
7842321
7840590
7838950
7835852
7835385
7835006
7833312
7832657
7831392
7828920
7827801
7827308
7823467
7821802
7821509
7821226
7819403
7818853
7817904
7813992
7813596
7813579
7813465
7811313
7810839
7809470
7808658
7808656
7806295
7804210
7801156
7798892
7795476
7791674
7791460
7790407
7787083
7784194
7782760
7778926
7778241
7777493
7774401
7773162
7759764
7759618
7757491
7755663
7752168
7751099
7748884
7742520
7742489
7739914
7732224
7727977
7727787
7715902
7710715
7709822
7708535
7704193
7703514
7701019
7698683
7695323
7694182
7690048
7688577
7687846
7687266
7684254
7683661
7676575
7675344
7674963
7674589
7674173
7674024
7672837
7672772
7665659
7664918
7663743
7653247
7652874
7652351
7649521
7648136
7646918
7642555
7632389
7621553
7615017
7609330
7605749
7600058
7596518
7595020
7594421
7593111
7585608
7584155
7583844
7581398
7572458
7570104
7561640
7556028
7555437
7545142
7543997
7543219
7538225
7531539
7520484
7518039
7513522
7504826
7501362
7492569
7489152
7466624
7458534
7447510
7441777
7440722
7436470
7430557
7418577
7418098
7412918
7404984
7392077
7391000
7388766
7383550
7377261
7369803
7367321
7358971
7339330
7334699
7311380
7300835
7289456
7287653
7287297
7259747
7245277
7243870
7237250
7230741
7227207
7220556
7219956
7219343
7212747
7208781
7205649
7190956
7185753
7182198
7181364
7174820
7144696
7144686
7137845
7132738
7130518
7125884
7112293
7111959
7091898
7091447
7078108
7077030
7075959
7075364
7066659
7066398
7058131
7023692
7021935
7001368
6997066
6985720
6981921
6980808
6959504
6958857
6956301
6947246
6926132
6899756
6898760
6885823
6859854
6857702
6857448
6820968
6814894
6798460
6797342
6784847
6777160
6761495
6758325
6726721
6722346
6716737
6709512
6685873
6680932
6664052
6653964
6633070
6583767
6580644
6578816
6536442
6524048
6507607
6504612
6499272
6499204
6487212
6461720
6428149
6383889
6372633
6328617
6251578
6233910
6230936
6213104
6211064
6147457
6145578
6096305
6092417
6073845
6018729
5977741
5961624
5932234
5913253
5761278
5751327
5734263
5693175
5661796
5632630
5628261
5626426
5618877
5492321
5421744
5360397
5346622
5340888
5315076
5312938
5269147
5138041
5116121
5053945
4978563
4938937
4823585
4772264
4738217
4510592
3940211
3799772
3632399
