7996941
7996770
7996269
7996213
7996073
7995980
7995925
7995613
7995612
7995518
7995165
7995149
7995142
7994902
7994849
7994772
7994668
7994281
7994092
7993881
7993795
7993724
7993607
7993526
7993479
7993450
7993445
7993407
7993320
7993021
7992817
7992520
7992267
7992029
7991904
7991733
7991296
7991253
7991221
7990863
7990585
7990450
7990420
7990256
7990189
7989856
7989825
7989654
7989596
7989243
7989066
7989030
7988941
7988591
7988067
7987989
7987854
7987730
7987729
7987609
7987542
7987501
7987197
7987020
7986649
7986373
7986359
7986229
7986033
7985303
7985247
7985169
7985122
7985117
7984978
7984830
7984761
7984667
7984479
7983662
7983412
7983221
7983118
7982878
7982760
7982336
7982314
7982237
7981984
7981932
7981774
7980696
7980620
7980513
7980482
7980279
7979954
7979174
7978822
7978292
7978043
7977961
7977857
7977434
7976979
7976937
7976893
7975766
7975481
7975037
7974618
7974592
7973921
7973127
7972512
7972388
7971901
7971768
7971119
7971028
7970725
7969229
7969049
7969039
7967203
7966686
7966170
7965624
7965435
7965192
7964470
7963670
7963149
7962358
7962166
7961106
7960912
7959867
7958388
7957830
7957691
7957677
7956186
7955754
7955157
7954877
7953938
7953072
7952723
7952349
7951754
7950918
7950520
7950060
7950002
7948845
7948059
7947509
7946598
7946331
7944623
7944331
7942125
7941905
7940844
7939727
7938887
7937982
7937682
7937284
7937136
7936614
7935662
7933807
7933716
7932812
7932327
7932072
7931045
7929995
7929740
7929430
7928141
7928130
7926566
7926175
7925338
7925326
7924001
7923721
7923153
7922818
7922318
7918476
7918327
7917124
7916774
7916373
7915323
7914594
7914145
7913671
7913647
7912709
7912402
7908121
7906801
7906695
7906310
7903549
7902277
7901984
7901766
7899580
7899568
7898025
7896903
7894663
7893003
7892708
7892140
7890216
7889931
7889513
7888321
7887673
7887671
7887155
7884956
7884303
7882397
7882211
7881672
7878317
7876225
7876029
7875899
7872735
7871094
7870242
7869761
7869577
7868032
7866705
7864053
7862983
7860732
7857889
7857069
7856951
7855743
7853714
7851816
7851720
7850921
7847956
7847522
7846296
7842682
7841615
7838454
7835481
7835197
7835140
7833953
7832137
7831292
7830770
7829566
7829491
7828797
7828380
7823543
7823320
7822638
7817198
7815925
7815403
7812130
7809725
7809712
7809663
7806813
7800774
7800545
7799422
7795482
7795419
7793374
7793079
7790140
7789222
7787573
7786215
7777440
7776805
7773525
7772277
7769089
7766617
7761463
7749863
7748354
7747081
7746980
7739875
7735114
7729860
7729581
7727479
7720415
7719567
7716382
7713067
7712572
7712565
7707836
7707652
7706262
7700741
7694997
7691068
7684356
7682688
7680480
7679628
7678618
7676730
7669056
7663025
7656058
7655933
7655224
7654274
7653247
7652113
7650543
7648954
7635150
7632183
7632124
7631779
7631434
7627222
7626921
7625401
7612784
7611035
7609404
7603760
7593417
7580196
7577602
7574074
7571584
7567480
7566869
7564790
7558717
7557378
7557052
7554798
7547654
7543569
7542197
7539901
7536478
7534562
7529341
7526770
7526251
7522245
7520894
7520322
7506840
7503339
7503060
7494411
7485786
7475721
7475714
7474042
7471134
7470198
7468392
7465404
7461197
7460376
7458225
7454573
7450198
7434490
7432908
7422867
7414283
7412440
7404295
7396248
7388002
7385544
7382915
7373777
7362983
7360157
7359571
7357208
7354464
7354063
7348264
7348128
7343329
7337248
7332193
7329178
7315576
7303289
7294287
7290781
7289572
7288589
7284340
7273696
7267421
7237654
7235455
7233518
7223003
7216358
7211833
7204160
7196238
7196052
7191961
7186769
7186370
7161004
7153100
7151413
7148836
7147602
7142851
7140718
7131218
7120783
7102359
7101702
7079506
7064109
7056333
7042583
7039776
7036971
7020175
7015977
7010373
7009957
7007147
6972540
6967123
6943490
6938587
6908947
6899261
6887919
6883889
6874675
6852804
6843256
6840937
6835714
6827186
6825405
6807788
6792525
6787941
6786623
6784838
6780237
6776391
6776225
6754106
6746497
6712588
6706633
6698022
6642621
6623652
6619214
6596371
6583039
6577865
6552775
6552560
6551212
6495100
6486233
6472052
6430571
6415146
6380035
6369412
6367452
6344434
6334981
6305126
6275260
6223868
6118555
6094856
6041303
6034247
6032073
6011602
5907289
5841222
5835094
5834390
5804008
5771802
5763636
5755395
5754411
5752262
5744582
5706527
5633803
5611600
5570838
5519101
5459325
5388266
5368876
5303813
5233601
5139576
4880228
4838617
4679824
4455863
3779698
