7996895
7996893
7996409
7996069
7996043
7995943
7995937
7995931
7995868
7995850
7995625
7995607
7995573
7995327
7995198
7995177
7995138
7995067
7994984
7994887
7994846
7994685
7994471
7994432
7994365
7994302
7994179
7994089
7994029
7993972
7993925
7993828
7993562
7993519
7993425
7993245
7993158
7993150
7992817
7992713
7992631
7992540
7992488
7992433
7992431
7992132
7992112
7992003
7991688
7991596
7991487
7991449
7991387
7991189
7990317
7990239
7989851
7988852
7988751
7988118
7987858
7987650
7987546
7987424
7987379
7987257
7987153
7986884
7986764
7986465
7986210
7986127
7986126
7985974
7985934
7985751
7985003
7984738
7984167
7983727
7983531
7983408
7983376
7983212
7983055
7982861
7982512
7982321
7981908
7981187
7980701
7980237
7980090
7979070
7978917
7978539
7978252
7978041
7976988
7976308
7976180
7975855
7975685
7975565
7975430
7975192
7974712
7974431
7974099
7973568
7973566
7973234
7972954
7971996
7971693
7971122
7970870
7970834
7970549
7970056
7969998
7969820
7969446
7968541
7968433
7967975
7967272
7967147
7966949
7966664
7966223
7966182
7964298
7964048
7963729
7963648
7963156
7962791
7962724
7962651
7962571
7961643
7960426
7960296
7960018
7959778
7957746
7955968
7955593
7955497
7953947
7953705
7953233
7953119
7952564
7952476
7952235
7951313
7950707
7950474
7950277
7949892
7949612
7949253
7949005
7948999
7948834
7948827
7948813
7948281
7948200
7948065
7947828
7947268
7947094
7947022
7946729
7946636
7946274
7946162
7945839
7945222
7944784
7944021
7943727
7943654
7942848
7941523
7941050
7940501
7940460
7940177
7939267
7937763
7937124
7936564
7936425
7935198
7933697
7932469
7932198
7932030
7931191
7930750
7930009
7929683
7927190
7926537
7926272
7925991
7925652
7925117
7924981
7923992
7923977
7923408
7923374
7922538
7922049
7918714
7918009
7917349
7914074
7910902
7910644
7910396
7910016
7909259
7908852
7904462
7904135
7904114
7903039
7901743
7901728
7901312
7899877
7898872
7897866
7895269
7894861
7893953
7892305
7891621
7888963
7888346
7887107
7885067
7882386
7881939
7880293
7880125
7878327
7876084
7872709
7872312
7872107
7871555
7867251
7866588
7863870
7861395
7860877
7860545
7857191
7856503
7853834
7853749
7852963
7851701
7850671
7849853
7849546
7848491
7848049
7847619
7846280
7844708
7843517
7843337
7839867
7837878
7836134
7834623
7832234
7831002
7830113
7828061
7827417
7825934
7823575
7823296
7821377
7819565
7814773
7814343
7810619
7809751
7809281
7807176
7806338
7805074
7803849
7801898
7800317
7797082
7796789
7793869
7792783
7789676
7786160
7784990
7779734
7774625
7769138
7768391
7764680
7763767
7759967
7757951
7757001
7755597
7740403
7735419
7733088
7727855
7727796
7727715
7724808
7724495
7711041
7707423
7706542
7702630
7701280
7699922
7697989
7697832
7694530
7692903
7692689
7691221
7685904
7685147
7680093
7675922
7675618
7672930
7666982
7663286
7662528
7662360
7661763
7658488
7653579
7652739
7651207
7647699
7641144
7633913
7632579
7617729
7603077
7602312
7599225
7597234
7596434
7594862
7591769
7587567
7587559
7587185
7585353
7581999
7579021
7573910
7572009
7569320
7568744
7565581
7560249
7556918
7554125
7550780
7542506
7537372
7535275
7531490
7531392
7523534
7514805
7499773
7491546
7486137
7477606
7473411
7460451
7452536
7451230
7445971
7444229
7440377
7439513
7431021
7427976
7425335
7419633
7409938
7409126
7408739
7407951
7404735
7400034
7399747
7392763
7385737
7379679
7367567
7360914
7358039
7354161
7337802
7327222
7323091
7322314
7319918
7314844
7314325
7313236
7307112
7304349
7295475
7285314
7280536
7278735
7276438
7269082
7251428
7229313
7226541
7220576
7216399
7214130
7212360
7199725
7198407
7191814
7188483
7185207
7182377
7163773
7148648
7148469
7144910
7132119
7126306
7120184
7108601
7090148
7082633
7076245
7069057
7065686
7061217
7057731
7057721
7031586
7022439
7016498
7006465
7006250
6992426
6977039
6972905
6972515
6961354
6957885
6936546
6917863
6909967
6892806
6858907
6850459
6846496
6819593
6814802
6812956
6757204
6727886
6723420
6723194
6717636
6679069
6673928
6668403
6664239
6660911
6659305
6558862
6548706
6548615
6484850
6419289
6405538
6380816
6378974
6374243
6370112
6365045
6341469
6324896
6310065
6307563
6287131
6255306
6193009
6182001
6179587
6169617
6111609
6076204
6070947
6067820
6059295
6055279
6054126
6044937
5926334
5887787
5860127
5846519
5828586
5825961
5791552
5745899
5714464
5659304
5627935
5613758
5577231
5563235
5540139
5443640
5412084
5407644
5371003
5265663
5147755
4897522
4848623
4778873
4706289
4564624
4377778
4363181
4293406
4047572
3821437
3743618
2915595
176714
