7996941 0.005
7996770 0.005
7996269 0.005
7996213 0.005
7996073 0.005
7995980 0.005
7995925 0.005
7995613 0.005
7995612 0.005
7995518 0.005
7995165 0.005
7995149 0.005
7995142 0.005
7994902 0.005
7994772 0.005
7994281 0.005
7994092 0.005
7993795 0.005
7993724 0.005
7993607 0.005
7993526 0.005
7993479 0.005
7993450 0.005
7993445 0.005
7993407 0.005
7993021 0.005
7992520 0.005
7992267 0.005
7991904 0.005
7991296 0.005
7990863 0.005
7990420 0.005
7990256 0.005
7990189 0.005
7989654 0.005
7989596 0.005
7989066 0.005
7988591 0.005
7987989 0.005
7987609 0.005
7987501 0.005
7987197 0.005
7986649 0.005
7986373 0.005
7986359 0.005
7986033 0.005
7985247 0.005
7985122 0.005
7984978 0.005
7984830 0.005
7984761 0.005
7984479 0.005
7983412 0.005
7983221 0.005
7981932 0.005
7980620 0.005
7980279 0.005
7978292 0.005
7977857 0.005
7976893 0.005
7973127 0.005
7972512 0.005
7971768 0.005
7969229 0.005
7969039 0.005
7965192 0.005
7964470 0.005
7962358 0.005
7959867 0.005
7954877 0.005
7952723 0.005
7948845 0.005
7932327 0.005
7922818 0.005
7912402 0.005
7906695 0.005
7898025 0.005
7894663 0.005
7889931 0.005
7887155 0.005
7882211 0.005
7842682 0.005
7841615 0.005
7800774 0.005
7772277 0.005
7749863 0.005
7707836 0.005
7520322 0.005
5633803 0.005
7994849 0.010
7994668 0.010
7993881 0.010
7992817 0.010
7992029 0.010
7991733 0.010
7991253 0.010
7990585 0.010
7990450 0.010
7989856 0.010
7988941 0.010
7988067 0.010
7987854 0.010
7987729 0.010
7986229 0.010
7983118 0.010
7982336 0.010
7982237 0.010
7981774 0.010
7980696 0.010
7980482 0.010
7977961 0.010
7975481 0.010
7975037 0.010
7967203 0.010
7963149 0.010
7960912 0.010
7955754 0.010
7950060 0.010
7937136 0.010
7933716 0.010
7926175 0.010
7906310 0.010
7887671 0.010
7862983 0.010
7799422 0.010
7787573 0.010
7769089 0.010
7712572 0.010
7625401 0.010
7148836 0.010
7993320 0.015
7991221 0.015
7989825 0.015
7987730 0.015
7985169 0.015
7984667 0.015
7983662 0.015
7982878 0.015
7982760 0.015
7981984 0.015
7980513 0.015
7978043 0.015
7977434 0.015
7976979 0.015
7976937 0.015
7972388 0.015
7971901 0.015
7971028 0.015
7965624 0.015
7962166 0.015
7961106 0.015
7947509 0.015
7941905 0.015
7916774 0.015
7906801 0.015
7866705 0.015
7853714 0.015
7851720 0.015
7847956 0.015
7806813 0.015
7761463 0.015
7747081 0.015
6486233 0.015
7989243 0.020
7987542 0.020
7979174 0.020
7978822 0.020
7974592 0.020
7973921 0.020
7966686 0.020
7966170 0.020
7965435 0.020
7963670 0.020
7958388 0.020
7957691 0.020
7952349 0.020
7951754 0.020
7950918 0.020
7946598 0.020
7946331 0.020
7944331 0.020
7931045 0.020
7928141 0.020
7887673 0.020
7875899 0.020
7870242 0.020
7652113 0.020
7529341 0.020
7475721 0.020
7414283 0.020
7987020 0.025
7985303 0.025
7985117 0.025
7957830 0.025
7944623 0.025
7937284 0.025
7922318 0.025
7917124 0.025
7916373 0.025
7913671 0.025
7902277 0.025
7890216 0.025
7860732 0.025
7817198 0.025
7748354 0.025
7735114 0.025
7655933 0.025
7631779 0.025
7631434 0.025
7627222 0.025
7432908 0.025
7982314 0.030
7979954 0.030
7974618 0.030
7971119 0.030
7970725 0.030
7957677 0.030
7953938 0.030
7942125 0.030
7939727 0.030
7932812 0.030
7888321 0.030
7876029 0.030
7815403 0.030
7800545 0.030
7654274 0.030
7566869 0.030
7460376 0.030
5139576 0.030
7989030 0.035
7956186 0.035
7953072 0.035
7948059 0.035
7937982 0.035
7935662 0.035
7899580 0.035
7893003 0.035
7892140 0.035
7881672 0.035
7832137 0.035
7809712 0.035
7574074 0.035
7969049 0.040
7955157 0.040
7933807 0.040
7912709 0.040
7833953 0.040
7729860 0.040
7267421 0.040
6094856 0.040
7936614 0.045
7929995 0.045
7924001 0.045
7918476 0.045
7835140 0.045
7829566 0.045
7795482 0.045
7609404 0.045
7577602 0.045
7475714 0.045
7289572 0.045
7186769 0.045
7151413 0.045
7950002 0.050
7928130 0.050
7913647 0.050
7899568 0.050
7882397 0.050
7856951 0.050
7793374 0.050
7789222 0.050
7593417 0.050
7468392 0.050
7373777 0.050
7359571 0.050
7975766 0.055
7950520 0.055
7925326 0.055
7857889 0.055
7450198 0.055
6883889 0.055
7937682 0.060
7929740 0.060
7926566 0.060
7925338 0.060
7869577 0.060
7846296 0.060
7815925 0.060
7669056 0.060
7412440 0.060
7915323 0.065
7914594 0.065
7914145 0.065
7901984 0.065
7857069 0.065
7823543 0.065
7823320 0.065
7547654 0.065
7348264 0.065
7140718 0.065
6552775 0.065
7940844 0.070
7786215 0.070
7700741 0.070
7896903 0.075
7539901 0.075
7520894 0.075
6967123 0.075
5752262 0.075
7938887 0.080
7908121 0.080
7851816 0.080
7793079 0.080
7388002 0.080
7354464 0.080
7290781 0.080
7876225 0.085
7838454 0.085
6583039 0.085
7932072 0.090
7868032 0.090
7648954 0.090
7354063 0.090
7923153 0.095
7884303 0.095
7872735 0.095
7847522 0.095
7830770 0.095
7829491 0.095
7678618 0.095
7362983 0.095
7348128 0.095
7332193 0.095
7901766 0.100
7878317 0.100
7864053 0.100
7828380 0.100
7776805 0.100
7534562 0.100
7503339 0.100
5388266 0.100
7828797 0.105
7712565 0.105
7635150 0.105
7039776 0.105
6619214 0.105
6596371 0.105
5771802 0.105
7850921 0.110
7809663 0.110
7131218 0.110
5841222 0.110
7903549 0.115
7790140 0.115
7235455 0.115
7153100 0.115
7694997 0.120
6552560 0.120
7889513 0.125
7871094 0.125
7360157 0.125
7161004 0.125
7923721 0.130
7713067 0.130
7676730 0.130
7580196 0.130
7809725 0.135
7727479 0.135
7465404 0.135
7795419 0.140
7777440 0.145
7611035 0.145
7929430 0.155
7822638 0.155
7682688 0.155
7679628 0.155
6786623 0.160
6754106 0.160
7835481 0.165
7835197 0.165
7729581 0.165
7284340 0.165
7716382 0.170
7554798 0.175
7918327 0.180
7719567 0.180
7684356 0.180
7564790 0.180
7458225 0.180
7102359 0.180
5611600 0.180
7571584 0.185
7303289 0.185
7147602 0.185
7869761 0.190
7831292 0.190
7485786 0.190
7191961 0.190
7706262 0.195
7494411 0.195
7892708 0.200
7557378 0.200
7526770 0.200
7526251 0.200
7233518 0.210
7884956 0.215
7766617 0.215
7739875 0.215
7720415 0.215
7655224 0.215
7543569 0.220
7064109 0.220
6938587 0.220
7542197 0.225
7422867 0.225
7294287 0.225
6784838 0.225
7691068 0.230
7812130 0.235
7216358 0.235
6551212 0.235
7653247 0.245
7007147 0.245
5368876 0.245
7186370 0.250
6118555 0.255
5763636 0.255
5706527 0.255
7707652 0.260
7656058 0.275
7337248 0.275
5907289 0.280
7603760 0.285
7404295 0.285
7773525 0.290
7522245 0.290
6827186 0.295
7612784 0.300
7204160 0.305
7357208 0.310
7558717 0.315
7079506 0.315
7396248 0.320
6495100 0.320
7632124 0.325
7470198 0.325
6041303 0.325
7237654 0.330
6430571 0.330
6034247 0.330
7434490 0.335
7142851 0.335
6943490 0.335
7471134 0.345
6011602 0.345
7454573 0.350
5519101 0.360
7474042 0.370
6874675 0.370
7855743 0.375
7632183 0.375
7385544 0.375
6369412 0.375
7010373 0.380
7746980 0.385
6840937 0.385
6807788 0.385
7120783 0.395
7503060 0.400
7663025 0.405
7196238 0.405
5834390 0.410
7382915 0.415
6415146 0.420
7329178 0.425
6334981 0.425
5755395 0.440
7343329 0.445
7042583 0.445
4679824 0.445
5570838 0.465
5804008 0.470
7680480 0.475
7223003 0.475
6852804 0.475
7036971 0.490
5233601 0.490
7567480 0.495
7273696 0.495
4838617 0.495
7196052 0.520
6706633 0.520
7211833 0.525
6780237 0.525
6305126 0.540
7461197 0.545
7650543 0.550
6223868 0.550
6698022 0.565
6623652 0.570
7315576 0.575
6577865 0.585
3779698 0.590
7506840 0.600
6908947 0.600
7626921 0.615
5459325 0.630
6887919 0.635
6344434 0.635
6746497 0.640
6843256 0.650
6380035 0.650
6275260 0.650
7015977 0.690
7536478 0.700
7009957 0.700
5744582 0.700
6825405 0.705
6792525 0.710
5835094 0.710
7056333 0.725
7288589 0.730
7101702 0.755
6472052 0.755
5754411 0.765
6712588 0.770
6776225 0.820
7557052 0.825
6899261 0.850
5303813 0.850
4455863 0.850
6835714 0.860
7020175 0.865
6776391 0.880
6367452 0.885
6642621 0.910
4880228 0.910
6032073 0.960
6972540 0.975
6787941 0.995
