7998792 0.005
7998765 0.005
7998740 0.005
7998683 0.005
7998388 0.005
7998242 0.005
7997904 0.005
7997689 0.005
7997619 0.005
7997610 0.005
7997485 0.005
7997353 0.005
7997309 0.005
7997095 0.005
7996942 0.005
7996875 0.005
7996529 0.005
7996326 0.005
7996245 0.005
7996088 0.005
7995928 0.005
7995887 0.005
7995782 0.005
7995672 0.005
7995326 0.005
7995273 0.005
7995238 0.005
7995099 0.005
7994895 0.005
7994844 0.005
7994395 0.005
7993947 0.005
7993690 0.005
7993582 0.005
7993490 0.005
7993385 0.005
7993357 0.005
7993126 0.005
7992944 0.005
7992350 0.005
7992041 0.005
7991930 0.005
7991145 0.005
7991097 0.005
7990875 0.005
7990591 0.005
7990465 0.005
7990154 0.005
7989923 0.005
7989717 0.005
7988436 0.005
7987531 0.005
7987484 0.005
7986717 0.005
7985921 0.005
7985770 0.005
7983877 0.005
7982654 0.005
7981137 0.005
7981007 0.005
7979599 0.005
7978977 0.005
7978001 0.005
7976162 0.005
7974869 0.005
7971604 0.005
7971049 0.005
7970779 0.005
7970309 0.005
7967898 0.005
7967096 0.005
7966500 0.005
7965318 0.005
7965133 0.005
7964394 0.005
7961322 0.005
7958672 0.005
7953491 0.005
7952756 0.005
7943622 0.005
7940855 0.005
7940566 0.005
7937872 0.005
7936874 0.005
7936714 0.005
7936565 0.005
7931183 0.005
7910671 0.005
7891444 0.005
7889720 0.005
7882707 0.005
7862167 0.005
7853911 0.005
7831044 0.005
7658678 0.005
7623848 0.005
6498867 0.005
2285688 0.005
7997508 0.010
7994700 0.010
7993979 0.010
7993196 0.010
7991775 0.010
7988534 0.010
7987789 0.010
7985955 0.010
7985394 0.010
7981940 0.010
7977835 0.010
7976702 0.010
7973282 0.010
7970170 0.010
7967454 0.010
7963172 0.010
7958972 0.010
7956175 0.010
7951733 0.010
7951455 0.010
7933254 0.010
7926601 0.010
7883302 0.010
7878362 0.010
7864365 0.010
7838455 0.010
7816146 0.010
7804205 0.010
7690954 0.010
7572730 0.010
7520012 0.010
7517338 0.010
7433855 0.010
7138857 0.010
7994192 0.015
7993742 0.015
7993082 0.015
7992953 0.015
7988384 0.015
7987283 0.015
7985907 0.015
7984828 0.015
7983982 0.015
7983917 0.015
7981139 0.015
7979036 0.015
7978625 0.015
7976966 0.015
7976960 0.015
7967211 0.015
7960459 0.015
7960255 0.015
7952761 0.015
7905816 0.015
7895812 0.015
7884172 0.015
7431614 0.015
7303300 0.015
7990841 0.020
7987620 0.020
7987322 0.020
7985915 0.020
7984037 0.020
7982750 0.020
7967140 0.020
7966369 0.020
7963207 0.020
7947513 0.020
7946137 0.020
7935192 0.020
7933036 0.020
7925772 0.020
7925323 0.020
7914428 0.020
7878450 0.020
7859982 0.020
7846541 0.020
7781192 0.020
7774159 0.020
7752210 0.020
7644765 0.020
7620371 0.020
7992589 0.025
7978991 0.025
7971994 0.025
7971418 0.025
7970507 0.025
7962969 0.025
7962057 0.025
7954875 0.025
7934952 0.025
7934210 0.025
7926146 0.025
7924950 0.025
7910326 0.025
7908011 0.025
7904107 0.025
7902716 0.025
7901385 0.025
7846531 0.025
7785935 0.025
7785402 0.025
7764525 0.025
7748221 0.025
7531677 0.025
5761799 0.025
7992344 0.030
7968187 0.030
7955922 0.030
7952858 0.030
7940602 0.030
7928026 0.030
7892497 0.030
7858003 0.030
7799025 0.030
7793978 0.030
7788288 0.030
7693691 0.030
7663583 0.030
7635837 0.030
7582230 0.030
7496320 0.030
7471299 0.030
7316082 0.030
7213731 0.030
6958099 0.030
7988494 0.035
7972735 0.035
7971704 0.035
7926961 0.035
7826333 0.035
7811813 0.035
7791358 0.035
7204618 0.035
7067448 0.035
7980219 0.040
7958726 0.040
7855686 0.040
7854964 0.040
7835866 0.040
7540597 0.040
6884307 0.040
6453864 0.040
7976744 0.045
7964263 0.045
7962577 0.045
7954479 0.045
7940858 0.045
7873273 0.045
7867063 0.045
7791988 0.045
7751735 0.045
7750492 0.045
7735919 0.045
7191665 0.045
6653559 0.045
7964948 0.050
7940433 0.050
7903802 0.050
7866924 0.050
7845238 0.050
7843088 0.050
7770494 0.050
7538347 0.050
7431507 0.050
7301968 0.050
7136308 0.050
7917245 0.055
7908967 0.055
7881185 0.055
7852137 0.055
7762741 0.055
5159022 0.055
7968933 0.060
7965995 0.060
7957318 0.060
7925884 0.060
7905795 0.060
7901847 0.060
7852776 0.060
7837322 0.060
7795594 0.060
7737847 0.060
7468201 0.060
5644182 0.060
7936623 0.065
7920917 0.065
7867921 0.065
7691542 0.065
7600304 0.065
7420845 0.065
6830786 0.065
7952558 0.070
7938001 0.070
7878229 0.070
7836762 0.070
7663043 0.070
7505730 0.070
7207411 0.070
6728297 0.070
7944541 0.075
7922605 0.075
7801030 0.075
7696598 0.075
7594236 0.075
7483035 0.075
7393386 0.075
7370446 0.075
6697341 0.075
6188561 0.075
4076541 0.075
7848992 0.080
7567896 0.080
7448690 0.080
7035978 0.080
6616221 0.080
7916185 0.085
7857662 0.085
7836740 0.085
7803579 0.085
7502040 0.085
7469602 0.085
7419064 0.085
7953600 0.090
7816049 0.090
7776608 0.090
7770688 0.090
7736248 0.090
7886183 0.095
7567714 0.095
7499943 0.095
7280328 0.095
7946441 0.100
7898220 0.100
7889847 0.100
7621916 0.100
7514321 0.100
1590766 0.100
7924449 0.105
7817218 0.105
7758261 0.105
7747389 0.105
7506135 0.105
7332466 0.105
6610502 0.105
4332758 0.105
7929492 0.110
7885490 0.110
7856547 0.110
7829976 0.110
7827857 0.110
7726690 0.110
7497830 0.110
7215726 0.110
7925883 0.115
7838634 0.115
7792509 0.115
7390253 0.115
6002483 0.115
5792068 0.115
7839242 0.120
7072292 0.120
6885991 0.120
6880790 0.120
5728016 0.120
7882873 0.125
7830051 0.125
7818867 0.125
7547235 0.125
7496928 0.125
7884261 0.130
7359769 0.130
6996388 0.130
6913981 0.130
7854117 0.135
7812296 0.135
7779038 0.135
7772144 0.135
7163468 0.135
7720637 0.140
7451707 0.140
5823458 0.140
7798886 0.145
6748989 0.145
7812576 0.150
7710317 0.150
7586324 0.150
7577798 0.150
7576241 0.150
7195175 0.150
7081808 0.150
7002855 0.150
7894260 0.155
7821958 0.155
7781638 0.155
7769238 0.155
7681681 0.155
6795410 0.155
7707254 0.160
7697243 0.160
7572284 0.160
7561890 0.160
5015489 0.160
7744523 0.165
7730305 0.165
7716100 0.165
6252375 0.165
7359183 0.170
4920026 0.170
7538571 0.175
6945798 0.175
3455871 0.175
7399018 0.180
7236488 0.185
7231915 0.185
6136581 0.185
7817259 0.200
7703352 0.200
7195075 0.200
6453392 0.200
7770201 0.205
7555986 0.205
7170536 0.205
6947482 0.210
4161009 0.210
7697158 0.215
7269840 0.215
7029955 0.215
7681902 0.220
6611604 0.220
7861132 0.225
7676786 0.225
7252450 0.225
7847261 0.230
7839393 0.230
7624795 0.230
6602082 0.230
7693306 0.235
5681954 0.235
7751160 0.240
7352172 0.240
6962593 0.240
6294375 0.240
7584348 0.245
5788234 0.245
7700016 0.250
6369931 0.250
7488899 0.255
7388341 0.260
7366570 0.260
7708840 0.265
7732984 0.270
7195981 0.270
7476620 0.275
6594235 0.275
6429769 0.275
7561614 0.280
7297357 0.285
7575198 0.290
7822800 0.295
7331533 0.300
6282193 0.300
7583565 0.310
6839266 0.310
7480488 0.315
6528558 0.320
7581975 0.325
7410800 0.330
6912969 0.330
5356688 0.335
7592179 0.340
7176327 0.340
5332302 0.340
7782867 0.345
7667917 0.350
6974500 0.350
6961164 0.360
6413281 0.360
4138271 0.360
4249112 0.365
7749150 0.370
6686492 0.375
5944287 0.375
7252295 0.380
6257900 0.380
7625948 0.385
6316050 0.390
4384549 0.390
7578352 0.400
7375472 0.400
7217633 0.400
7247795 0.405
6803773 0.415
7810446 0.420
7724495 0.420
6154282 0.420
7378142 0.430
4825239 0.430
7522260 0.435
7678800 0.440
7629739 0.445
7051559 0.445
7379513 0.460
7331143 0.460
7399570 0.465
5937925 0.465
7191072 0.475
6923583 0.480
7353938 0.495
6964527 0.495
6754693 0.495
7142659 0.500
5463642 0.500
7384851 0.505
7367432 0.525
7558680 0.535
6957242 0.535
7103074 0.540
7626050 0.545
5891706 0.570
4913524 0.570
7113379 0.585
7148064 0.590
6842457 0.610
5792196 0.630
6058200 0.650
7234521 0.655
5778150 0.655
5959297 0.670
7334242 0.675
6968997 0.675
4971928 0.685
7200885 0.690
4648875 0.690
7280247 0.715
7167398 0.715
7087174 0.725
6645348 0.730
6636677 0.740
6863683 0.745
5195247 0.745
6753670 0.755
2958335 0.760
6541603 0.775
4660591 0.775
6225287 0.785
2618799 0.785
6829982 0.795
7025186 0.805
6455220 0.815
6612255 0.835
5265898 0.835
6780954 0.845
7526767 0.865
4125090 0.865
6837993 0.885
7310646 0.890
6672035 0.900
5991286 0.900
6026235 0.910
6788868 0.915
6534474 0.925
6342284 0.930
6196694 0.945
5729753 0.960
6867842 0.980
5131431 0.985
