7998341
7998252
7998169
7998060
7997958
7997840
7997690
7997190
7997130
7997100
7997090
7997007
7996946
7996717
7996645
7996605
7996588
7996488
7996296
7996269
7996110
7996093
7995972
7995933
7995723
7995590
7995407
7995345
7995344
7995305
7995289
7995163
7994988
7994907
7994899
7994699
7994641
7994567
7994477
7994332
7994104
7994022
7994021
7993803
7993539
7993370
7993351
7993015
7992699
7992618
7992228
7991837
7991776
7991761
7991734
7991515
7991453
7991428
7991294
7991036
7990876
7990863
7990793
7990285
7990221
7990191
7990077
7989858
7989845
7989605
7989426
7989269
7988805
7988663
7988561
7988319
7988116
7987248
7986795
7986634
7986565
7986295
7986203
7986125
7986015
7986006
7985883
7985620
7985619
7985548
7985387
7985172
7985017
7984842
7984725
7984449
7983883
7983614
7983429
7983108
7983105
7982783
7982606
7982598
7982597
7982100
7981971
7981271
7981176
7980365
7980348
7980099
7980003
7979803
7979339
7979157
7979143
7978474
7978436
7978434
7978225
7977749
7977098
7977084
7976995
7976986
7976763
7976041
7975248
7975169
7974882
7974856
7974748
7974027
7972980
7972942
7972348
7972315
7972054
7972053
7971419
7970857
7970405
7969871
7969264
7968909
7968594
7968568
7968312
7968220
7967402
7966901
7965811
7965608
7965586
7965509
7965176
7965126
7965014
7964415
7963909
7963892
7963002
7962854
7962693
7962680
7962156
7961678
7961543
7961446
7961171
7960665
7960610
7960599
7960273
7960164
7959553
7959249
7958629
7958342
7958182
7958169
7958082
7957429
7957224
7955777
7955417
7954967
7954406
7952600
7952547
7952454
7951887
7951349
7951200
7949879
7949842
7948709
7948539
7948479
7946291
7945830
7943733
7942449
7942115
7941183
7939379
7938211
7937047
7936733
7936345
7933928
7931485
7931031
7930593
7930249
7930004
7929365
7929336
7929133
7928906
7928187
7925622
7922999
7922473
7922313
7920482
7919421
7918863
7918127
7917926
7917324
7917076
7916994
7916388
7914532
7910981
7910591
7910007
7908600
7905250
7904660
7902294
7897615
7896158
7895189
7894094
7890799
7886030
7884124
7882600
7881931
7881841
7880955
7878139
7876515
7867931
7867807
7866983
7866337
7864425
7863317
7862262
7861134
7860563
7860358
7859569
7858154
7857878
7857562
7855187
7853162
7851821
7850617
7849181
7846989
7846938
7846149
7845023
7838965
7838116
7837239
7827320
7826929
7826190
7817187
7815311
7815042
7811532
7810321
7810234
7809449
7807861
7805989
7805591
7804579
7803691
7802894
7800942
7800783
7799578
7788459
7787338
7784099
7776369
7775348
7774568
7769012
7765683
7759930
7755018
7753852
7748039
7742047
7737121
7737060
7736271
7736185
7726797
7724730
7717205
7713342
7702342
7695541
7686883
7685036
7682881
7679187
7678224
7677969
7674235
7671961
7668523
7660544
7660192
7659908
7655385
7654147
7651512
7650000
7648913
7648761
7648485
7647755
7646405
7637701
7636211
7632198
7631943
7628637
7620968
7619672
7618458
7612849
7610596
7597748
7590238
7584919
7577218
7577021
7564278
7561300
7560719
7560001
7559323
7553476
7552827
7551970
7544681
7542248
7540276
7538257
7537120
7533635
7529477
7526756
7514113
7498163
7492211
7487131
7485464
7483016
7482365
7470297
7462787
7459340
7451669
7446046
7440678
7440385
7439675
7439036
7437567
7412022
7407489
7404376
7403525
7400400
7388258
7383774
7377327
7375048
7374205
7370751
7365786
7349292
7348962
7346333
7331258
7328378
7303322
7301265
7297429
7292880
7291288
7275426
7273661
7272454
7261819
7260336
7259435
7255780
7255741
7248822
7247609
7241145
7238816
7231433
7228713
7206288
7201149
7199105
7192448
7184336
7180039
7173652
7172734
7162327
7152086
7151694
7135940
7135609
7121226
7119937
7101560
7091793
7080932
7075192
7071907
7071757
7069163
7069115
7058133
7055913
7039587
7035017
7006189
7005071
6993024
6961031
6959495
6958238
6950584
6940285
6933653
6927426
6911812
6896448
6852557
6749472
6746980
6746750
6742978
6732351
6722793
6715218
6619067
6616410
6588865
6548653
6538049
6536177
6528518
6527292
6513843
6510079
6450391
6440647
6422727
6398516
6382480
6381170
6375780
6374465
6360579
6245207
6212728
6194753
6175452
6162647
6151455
6142840
6110718
6102214
6101955
6022459
6015705
5995235
5992613
5953163
5917570
5889157
5848222
5832751
5808110
5724290
5688976
5630651
5629442
5582915
5569176
5427667
5422502
5353401
5310565
5297048
5256753
5235021
4871254
4694557
4559528
4552049
4348903
4317179
4239203
4220628
3989990
3713607
3463459
3403156
1018673
