8003031 0.005
8002821 0.005
8002599 0.005
8002411 0.005
8002173 0.005
8002039 0.005
8001598 0.005
8001143 0.005
8000971 0.005
8000850 0.005
8000779 0.005
8000751 0.005
8000526 0.005
8000516 0.005
8000340 0.005
8000231 0.005
8000083 0.005
8000006 0.005
7999946 0.005
7999945 0.005
7999720 0.005
7999086 0.005
7998806 0.005
7998654 0.005
7998372 0.005
7998366 0.005
7998133 0.005
7997800 0.005
7997471 0.005
7997364 0.005
7997228 0.005
7997025 0.005
7996174 0.005
7996107 0.005
7995999 0.005
7995868 0.005
7995779 0.005
7994973 0.005
7994963 0.005
7994662 0.005
7993334 0.005
7993149 0.005
7993148 0.005
7992815 0.005
7991975 0.005
7991327 0.005
7990458 0.005
7988839 0.005
7988731 0.005
7988217 0.005
7987686 0.005
7987526 0.005
7985715 0.005
7985539 0.005
7984591 0.005
7984323 0.005
7984295 0.005
7983784 0.005
7982188 0.005
7981890 0.005
7981123 0.005
7978658 0.005
7977628 0.005
7975499 0.005
7974935 0.005
7969334 0.005
7966413 0.005
7964301 0.005
7964105 0.005
7961936 0.005
7958368 0.005
7948962 0.005
7934081 0.005
7931817 0.005
7922574 0.005
7917281 0.005
7910590 0.005
7885214 0.005
7881424 0.005
7875093 0.005
7803193 0.005
7795023 0.005
7785013 0.005
7672826 0.005
7264705 0.005
8000852 0.010
8000658 0.010
8000238 0.010
7999744 0.010
7999433 0.010
7999182 0.010
7998959 0.010
7998863 0.010
7997881 0.010
7995195 0.010
7995112 0.010
7995059 0.010
7994262 0.010
7993657 0.010
7992454 0.010
7992092 0.010
7990542 0.010
7990359 0.010
7989888 0.010
7988919 0.010
7987890 0.010
7986747 0.010
7986485 0.010
7986411 0.010
7985158 0.010
7985043 0.010
7984822 0.010
7983705 0.010
7982358 0.010
7982110 0.010
7981706 0.010
7980575 0.010
7979959 0.010
7979660 0.010
7978052 0.010
7976517 0.010
7974557 0.010
7961635 0.010
7959240 0.010
7952251 0.010
7950821 0.010
7945788 0.010
7943392 0.010
7919912 0.010
7896061 0.010
7871076 0.010
7869980 0.010
7806643 0.010
7575590 0.010
6601662 0.010
7997438 0.015
7994883 0.015
7994878 0.015
7993494 0.015
7993080 0.015
7992189 0.015
7990335 0.015
7988049 0.015
7987822 0.015
7985842 0.015
7985364 0.015
7984753 0.015
7982540 0.015
7982497 0.015
7975161 0.015
7975160 0.015
7974723 0.015
7971136 0.015
7969229 0.015
7968787 0.015
7962483 0.015
7961734 0.015
7949829 0.015
7948698 0.015
7936058 0.015
7928667 0.015
7928201 0.015
7922475 0.015
7894181 0.015
7887439 0.015
7867289 0.015
7866534 0.015
7844991 0.015
7843936 0.015
7827092 0.015
7799376 0.015
7210951 0.015
7992617 0.020
7990021 0.020
7989791 0.020
7988721 0.020
7987688 0.020
7986753 0.020
7985086 0.020
7981200 0.020
7978994 0.020
7975973 0.020
7960219 0.020
7949498 0.020
7922754 0.020
7917608 0.020
7915583 0.020
7912745 0.020
7884051 0.020
7851375 0.020
7841956 0.020
7558785 0.020
7535481 0.020
6640203 0.020
6038287 0.020
4030391 0.020
7987446 0.025
7987063 0.025
7986779 0.025
7980384 0.025
7980307 0.025
7974779 0.025
7973485 0.025
7971880 0.025
7971828 0.025
7970619 0.025
7970445 0.025
7969757 0.025
7959789 0.025
7957316 0.025
7932069 0.025
7895239 0.025
7841157 0.025
7837429 0.025
7743929 0.025
7668971 0.025
7666774 0.025
7569054 0.025
7995510 0.030
7984439 0.030
7971936 0.030
7967257 0.030
7967189 0.030
7965460 0.030
7956875 0.030
7952268 0.030
7949782 0.030
7934680 0.030
7915002 0.030
7899647 0.030
7895579 0.030
7890146 0.030
7875414 0.030
7843076 0.030
7719638 0.030
7619204 0.030
7984166 0.035
7981747 0.035
7974094 0.035
7964399 0.035
7961382 0.035
7956731 0.035
7927496 0.035
7925310 0.035
7917230 0.035
7910358 0.035
7890353 0.035
7862006 0.035
7847432 0.035
7828857 0.035
7805586 0.035
7626652 0.035
7976737 0.040
7959712 0.040
7934780 0.040
7924652 0.040
7907491 0.040
7898217 0.040
7875670 0.040
7873266 0.040
7727474 0.040
7667062 0.040
7425850 0.040
7139311 0.040
7993176 0.045
7954535 0.045
7936545 0.045
7931540 0.045
7923817 0.045
7891781 0.045
7884994 0.045
7883644 0.045
7860072 0.045
7832783 0.045
7817132 0.045
7785484 0.045
7626742 0.045
7583639 0.045
7439386 0.045
7354256 0.045
7099984 0.045
6853377 0.045
7972768 0.050
7961234 0.050
7958996 0.050
7932936 0.050
7919452 0.050
7881860 0.050
7876580 0.050
7858428 0.050
7834066 0.050
7805025 0.050
7796588 0.050
7716957 0.050
7688524 0.050
7563958 0.050
7943404 0.055
7924675 0.055
7904007 0.055
7897730 0.055
7760097 0.055
7738439 0.055
7953209 0.060
7947353 0.060
7905183 0.060
7835361 0.060
7448426 0.060
7973195 0.065
7942097 0.065
7941599 0.065
7925504 0.065
7863780 0.065
7788966 0.065
7738540 0.065
7644879 0.065
7632692 0.065
7510562 0.065
7131522 0.065
7913205 0.070
7903263 0.070
7834741 0.070
7467830 0.070
7836088 0.075
7835062 0.075
7788035 0.075
7616257 0.075
7563914 0.075
7469002 0.075
7026849 0.075
6737003 0.075
7956536 0.080
7945403 0.080
7930174 0.080
7894475 0.080
7818402 0.080
7736260 0.080
7673924 0.080
7083572 0.080
7914649 0.085
7694276 0.085
7656887 0.085
7875080 0.090
7627354 0.090
7405796 0.090
6923233 0.090
5044896 0.090
7896827 0.095
7869267 0.095
7793647 0.105
7777179 0.105
7753458 0.105
7668494 0.105
7918010 0.110
7907006 0.110
7670044 0.110
7519384 0.110
7967110 0.115
7828930 0.115
7624917 0.115
7550387 0.115
7030222 0.115
7804295 0.120
7747646 0.120
7728465 0.120
7535992 0.120
7357240 0.120
6851816 0.120
6570383 0.120
7887810 0.125
7855170 0.125
7841263 0.125
7760469 0.125
7596587 0.125
7679876 0.130
7300792 0.130
7923429 0.135
7905982 0.135
7824590 0.135
7755981 0.135
7343531 0.135
7238544 0.135
6634217 0.135
7921700 0.140
6946080 0.140
7922224 0.145
7783666 0.145
7671723 0.145
7432552 0.145
7895349 0.150
7844085 0.150
7651541 0.150
7846095 0.155
7620936 0.155
7359812 0.155
7745944 0.160
7682633 0.160
7001594 0.160
6734705 0.160
5569791 0.160
7879381 0.165
7786255 0.165
7556913 0.165
7524768 0.170
7094051 0.170
6365645 0.170
7880111 0.175
7636430 0.175
7630305 0.175
7456212 0.175
7447950 0.175
6728213 0.180
7764287 0.190
7573152 0.190
7311494 0.195
7220191 0.195
7162741 0.195
6336451 0.195
5511915 0.195
7832142 0.200
7816354 0.200
7293446 0.200
7056151 0.200
6893077 0.200
7871145 0.205
7919353 0.210
7877132 0.210
7719932 0.210
7127954 0.210
7295572 0.215
7038307 0.215
4937210 0.220
7471660 0.225
7190599 0.230
6732033 0.230
6657037 0.230
6403016 0.230
5749944 0.230
7556796 0.235
7659354 0.240
7651310 0.240
7618044 0.240
7355936 0.240
7354902 0.240
5645878 0.240
7645891 0.245
7625109 0.245
7598251 0.245
7338740 0.245
6601559 0.245
7838531 0.250
7244448 0.255
6916781 0.255
6381211 0.255
6246603 0.255
7514288 0.260
7671427 0.265
7616205 0.270
7283929 0.280
7183312 0.280
6760576 0.280
6680278 0.285
7736080 0.290
7600426 0.290
7323251 0.290
7204026 0.290
7473183 0.295
7470632 0.295
7154892 0.300
7382968 0.305
7232666 0.305
5970280 0.310
7828027 0.320
7640130 0.320
7523967 0.325
7625946 0.350
6802063 0.350
6971233 0.355
6525827 0.355
4664781 0.355
7757540 0.360
7149329 0.365
6788462 0.365
7168184 0.370
7388574 0.375
7740757 0.380
7628957 0.380
7541705 0.380
6804793 0.380
2399021 0.380
7034925 0.385
2198352 0.385
7697821 0.395
7554498 0.410
6429975 0.410
5705417 0.420
7542109 0.450
3293036 0.450
7650757 0.460
6135438 0.460
7560316 0.465
7378909 0.465
7330027 0.470
7294422 0.470
6290995 0.470
6710134 0.495
6838711 0.500
7339185 0.505
6327914 0.510
7273172 0.515
7187157 0.520
6298190 0.520
5695341 0.520
7424922 0.525
7211472 0.525
6646257 0.530
5916537 0.530
7283865 0.540
5742065 0.540
7677626 0.545
6983844 0.545
7005802 0.550
6621041 0.550
5838072 0.570
7214856 0.575
4522997 0.595
3026304 0.595
7710515 0.600
6017845 0.605
6173848 0.610
6592598 0.615
2787218 0.620
1501279 0.620
6907570 0.635
6665125 0.645
6218546 0.645
4386546 0.645
7086714 0.650
2995259 0.650
5765161 0.660
7044134 0.665
6591657 0.665
6458440 0.665
7207024 0.670
6972575 0.680
6892581 0.680
5999856 0.690
5932171 0.695
7384500 0.700
3983376 0.700
6962990 0.705
4868175 0.715
6807781 0.730
5694926 0.750
6992158 0.765
7177911 0.775
6764166 0.780
2382685 0.785
6296546 0.790
5406730 0.790
6636473 0.805
7480031 0.810
6655353 0.830
6995793 0.835
6375619 0.835
4610499 0.840
6823454 0.870
6416492 0.885
5996656 0.885
6741173 0.895
5459327 0.900
5946477 0.905
6767620 0.915
6405051 0.935
6043305 0.935
5504378 0.935
6900672 0.950
6350796 0.950
6806712 0.970
5597931 0.970
2602256 0.970
7295335 0.995
