7998792
7998765
7998740
7998683
7998388
7998242
7997904
7997689
7997619
7997610
7997508
7997485
7997353
7997309
7997095
7996942
7996875
7996529
7996326
7996245
7996088
7995928
7995887
7995782
7995672
7995326
7995273
7995238
7995099
7994895
7994844
7994700
7994395
7994192
7993979
7993947
7993742
7993690
7993582
7993490
7993385
7993357
7993196
7993126
7993082
7992953
7992944
7992589
7992350
7992344
7992041
7991930
7991775
7991145
7991097
7990875
7990841
7990591
7990465
7990154
7989923
7989717
7988534
7988494
7988436
7988384
7987789
7987620
7987531
7987484
7987322
7987283
7986717
7985955
7985921
7985915
7985907
7985770
7985394
7984828
7984037
7983982
7983917
7983877
7982750
7982654
7981940
7981139
7981137
7981007
7980219
7979599
7979036
7978991
7978977
7978625
7978001
7977835
7976966
7976960
7976744
7976702
7976162
7974869
7973282
7972735
7971994
7971704
7971604
7971418
7971049
7970779
7970507
7970309
7970170
7968933
7968187
7967898
7967454
7967211
7967140
7967096
7966500
7966369
7965995
7965318
7965133
7964948
7964394
7964263
7963207
7963172
7962969
7962577
7962057
7961322
7960459
7960255
7958972
7958726
7958672
7957318
7956175
7955922
7954875
7954479
7953600
7953491
7952858
7952761
7952756
7952558
7951733
7951455
7947513
7946441
7946137
7944541
7943622
7940858
7940855
7940602
7940566
7940433
7938001
7937872
7936874
7936714
7936623
7936565
7935192
7934952
7934210
7933254
7933036
7931183
7929492
7928026
7926961
7926601
7926146
7925884
7925883
7925772
7925323
7924950
7924449
7922605
7920917
7917245
7916185
7914428
7910671
7910326
7908967
7908011
7905816
7905795
7904107
7903802
7902716
7901847
7901385
7898220
7895812
7894260
7892497
7891444
7889847
7889720
7886183
7885490
7884261
7884172
7883302
7882873
7882707
7881185
7878450
7878362
7878229
7873273
7867921
7867063
7866924
7864365
7862167
7861132
7859982
7858003
7857662
7856547
7855686
7854964
7854117
7853911
7852776
7852137
7848992
7847261
7846541
7846531
7845238
7843088
7839393
7839242
7838634
7838455
7837322
7836762
7836740
7835866
7831044
7830051
7829976
7827857
7826333
7822800
7821958
7818867
7817259
7817218
7816146
7816049
7812576
7812296
7811813
7810446
7804205
7803579
7801030
7799025
7798886
7795594
7793978
7792509
7791988
7791358
7788288
7785935
7785402
7782867
7781638
7781192
7779038
7776608
7774159
7772144
7770688
7770494
7770201
7769238
7764525
7762741
7758261
7752210
7751735
7751160
7750492
7749150
7748221
7747389
7744523
7737847
7736248
7735919
7732984
7730305
7726690
7724495
7720637
7716100
7710317
7708840
7707254
7703352
7700016
7697243
7697158
7696598
7693691
7693306
7691542
7690954
7681902
7681681
7678800
7676786
7667917
7663583
7663043
7658678
7644765
7635837
7629739
7626050
7625948
7624795
7623848
7621916
7620371
7600304
7594236
7592179
7586324
7584348
7583565
7582230
7581975
7578352
7577798
7576241
7575198
7572730
7572284
7567896
7567714
7561890
7561614
7558680
7555986
7547235
7540597
7538571
7538347
7531677
7526767
7522260
7520012
7517338
7514321
7506135
7505730
7502040
7499943
7497830
7496928
7496320
7488899
7483035
7480488
7476620
7471299
7469602
7468201
7451707
7448690
7433855
7431614
7431507
7420845
7419064
7410800
7399570
7399018
7393386
7390253
7388341
7384851
7379513
7378142
7375472
7370446
7367432
7366570
7359769
7359183
7353938
7352172
7334242
7332466
7331533
7331143
7316082
7310646
7303300
7301968
7297357
7280328
7280247
7269840
7252450
7252295
7247795
7236488
7234521
7231915
7217633
7215726
7213731
7207411
7204618
7200885
7195981
7195175
7195075
7191665
7191072
7176327
7170536
7167398
7163468
7148064
7142659
7138857
7136308
7113379
7103074
7087174
7081808
7072292
7067448
7051559
7035978
7029955
7025186
7002855
6996388
6974500
6968997
6964527
6962593
6961164
6958099
6957242
6947482
6945798
6923583
6913981
6912969
6885991
6884307
6880790
6867842
6863683
6842457
6839266
6837993
6830786
6829982
6803773
6795410
6788868
6780954
6754693
6753670
6748989
6728297
6697341
6686492
6672035
6653559
6645348
6636677
6616221
6612255
6611604
6610502
6602082
6594235
6541603
6534474
6528558
6498867
6455220
6453864
6453392
6429769
6413281
6369931
6342284
6316050
6294375
6282193
6257900
6252375
6225287
6196694
6188561
6154282
6136581
6058200
6026235
6002483
5991286
5959297
5944287
5937925
5891706
5823458
5792196
5792068
5788234
5778150
5761799
5729753
5728016
5681954
5644182
5463642
5356688
5332302
5265898
5195247
5159022
5131431
5015489
4971928
4920026
4913524
4825239
4660591
4648875
4384549
4332758
4249112
4161009
4138271
4125090
4076541
3455871
2958335
2618799
2285688
1590766
