7998551
7998532
7997966
7997863
7997832
7997704
7997525
7997275
7996980
7996962
7996942
7996929
7996459
7996012
7995974
7995949
7995912
7995833
7995671
7995636
7995392
7995307
7995237
7995226
7994977
7994918
7994485
7994210
7993701
7993533
7993484
7993294
7993259
7993116
7992625
7992442
7992173
7991928
7991881
7991494
7991163
7991142
7990866
7990726
7990610
7990564
7990531
7990500
7990087
7989935
7989895
7989746
7989509
7989499
7989495
7989439
7988500
7988414
7988390
7988127
7988086
7987743
7987695
7987204
7986875
7986797
7986789
7986636
7986001
7985953
7985779
7985766
7985547
7985495
7985102
7984999
7984210
7984136
7983578
7983405
7983404
7983278
7983055
7982762
7982702
7982325
7981947
7981894
7981806
7981596
7981012
7980585
7980148
7979806
7978808
7978414
7977786
7977543
7977054
7976713
7976309
7976147
7976075
7974884
7974761
7974339
7973762
7973722
7973574
7973278
7973128
7973117
7972736
7971756
7971197
7970761
7970354
7970344
7970171
7970039
7969140
7969029
7967834
7967480
7967444
7966887
7966718
7966062
7966047
7965389
7965152
7964097
7964032
7963673
7963581
7963527
7963501
7963403
7963312
7963261
7962590
7961583
7960541
7960417
7959803
7959381
7959172
7958000
7957433
7957304
7957042
7956399
7956237
7956118
7956116
7956008
7955992
7955750
7955307
7955072
7954451
7953910
7953078
7950987
7950973
7950655
7950458
7950401
7949690
7948877
7947960
7947843
7947834
7947164
7947105
7945402
7944278
7943832
7943431
7943176
7942816
7942763
7936306
7935657
7935560
7935236
7935142
7933933
7932035
7931578
7931358
7930858
7930617
7929157
7929044
7926780
7925717
7925504
7924933
7924376
7923834
7923565
7923290
7923184
7923001
7922649
7922017
7921466
7921150
7918952
7915946
7914575
7913933
7913802
7912634
7911984
7911567
7911293
7910394
7909685
7907463
7906543
7902835
7900258
7900022
7899891
7897562
7896386
7896293
7895268
7894690
7893500
7891745
7885395
7883536
7883285
7883280
7881806
7881766
7880537
7880534
7880507
7875075
7871567
7871141
7870488
7869973
7868967
7865906
7864804
7863031
7862617
7858947
7858684
7858111
7855970
7855357
7851178
7850222
7849970
7848905
7848711
7846387
7844503
7844038
7842938
7841975
7841054
7841051
7838373
7836546
7832519
7831052
7830779
7829639
7828938
7825836
7825305
7821593
7819751
7816089
7814329
7813018
7812234
7811508
7808443
7806127
7803535
7799570
7796018
7794751
7794003
7792439
7787899
7787686
7787190
7782649
7780721
7780051
7778679
7778636
7775950
7775943
7775867
7773663
7772796
7770188
7770090
7769518
7766683
7766416
7764572
7763995
7763464
7762655
7761248
7756250
7755047
7753148
7750610
7742872
7741874
7741303
7740825
7737751
7736738
7733110
7729907
7729406
7728814
7726654
7726420
7726402
7723611
7721537
7719604
7714432
7713572
7713558
7711928
7710371
7709247
7708497
7708462
7705797
7704838
7690842
7690439
7687121
7686717
7685069
7683587
7678476
7672625
7662535
7661856
7660194
7658118
7656527
7653849
7649505
7645475
7645146
7645003
7643604
7639854
7639656
7638184
7633139
7625197
7619426
7618338
7616735
7603894
7601551
7600660
7596201
7591024
7585675
7582525
7569417
7568582
7562603
7561066
7558827
7546416
7536742
7536576
7534888
7533945
7533011
7531382
7529995
7526946
7522972
7520102
7512258
7506586
7497624
7497564
7488770
7487861
7482000
7479075
7471246
7462838
7460746
7459885
7458456
7452916
7452169
7418675
7414254
7405614
7403841
7398381
7396531
7386412
7383329
7382188
7364222
7352384
7342615
7340082
7334473
7327711
7321343
7317964
7317507
7316029
7312476
7303700
7301748
7296724
7295053
7294508
7294303
7284164
7279887
7270297
7260688
7258277
7250497
7250085
7236230
7228989
7217133
7215244
7215089
7209083
7200363
7199969
7195283
7195199
7172347
7168406
7157976
7153958
7131877
7129020
7111266
7110760
7100678
7095919
7090487
7086823
7070202
7069355
7067442
7063849
7053577
7053018
7050317
7048206
7039886
7038288
7036550
7018997
7008249
6997060
6986001
6985287
6965496
6961518
6949035
6943236
6934290
6923806
6915961
6909152
6908655
6903233
6885782
6881816
6874092
6873436
6865599
6862698
6857297
6856775
6849134
6828523
6819224
6799469
6799019
6789244
6788756
6772945
6763188
6743276
6713995
6677287
6667041
6665098
6660606
6656985
6630311
6613444
6606511
6586804
6570851
6566138
6561414
6553387
6549566
6540909
6539385
6497663
6491037
6485332
6484328
6461187
6452163
6428977
6416739
6399811
6394615
6379348
6375299
6354505
6264214
6235826
6229865
6225314
6212330
6182625
6171400
6151574
6137731
6113404
6059706
6011735
5970934
5954083
5873051
5863441
5825004
5809740
5779944
5732011
5718576
5709719
5706524
5681079
5585771
5554138
5549591
5521542
5456333
5348298
5332472
5196087
5192563
5147702
5119382
4943667
4926594
4881152
4876784
4857733
4505133
4504991
4487054
4423766
4386108
4066500
4037402
3992684
3787339
3741333
3691401
3567771
2841533
