8001802 0.005
8001754 0.005
8001699 0.005
8001617 0.005
8001461 0.005
8001263 0.005
8001213 0.005
8001139 0.005
8000660 0.005
8000563 0.005
8000504 0.005
7999736 0.005
7999708 0.005
7999618 0.005
7999342 0.005
7999325 0.005
7999213 0.005
7999159 0.005
7999079 0.005
7998975 0.005
7998866 0.005
7998850 0.005
7998629 0.005
7998514 0.005
7998485 0.005
7998431 0.005
7998040 0.005
7998019 0.005
7997941 0.005
7997925 0.005
7997277 0.005
7997204 0.005
7997108 0.005
7997087 0.005
7996412 0.005
7995957 0.005
7995932 0.005
7995915 0.005
7995765 0.005
7995733 0.005
7995721 0.005
7995598 0.005
7995498 0.005
7995388 0.005
7994253 0.005
7994172 0.005
7993759 0.005
7993403 0.005
7992475 0.005
7991867 0.005
7991431 0.005
7991324 0.005
7991239 0.005
7991207 0.005
7990092 0.005
7990057 0.005
7990048 0.005
7989305 0.005
7988982 0.005
7988861 0.005
7987939 0.005
7986200 0.005
7985702 0.005
7985322 0.005
7982614 0.005
7982103 0.005
7981505 0.005
7981246 0.005
7978688 0.005
7977784 0.005
7975464 0.005
7975220 0.005
7974848 0.005
7974505 0.005
7973398 0.005
7971839 0.005
7971078 0.005
7970260 0.005
7965320 0.005
7961464 0.005
7959618 0.005
7955659 0.005
7953854 0.005
7948058 0.005
7942808 0.005
7930354 0.005
7928565 0.005
7888463 0.005
7885129 0.005
7882544 0.005
7873914 0.005
7782693 0.005
7762109 0.005
7679769 0.005
7162553 0.005
8000973 0.010
8000890 0.010
7999982 0.010
7999554 0.010
7998232 0.010
7998135 0.010
7998105 0.010
7997048 0.010
7996727 0.010
7996604 0.010
7996451 0.010
7994940 0.010
7994695 0.010
7994299 0.010
7993948 0.010
7992667 0.010
7991390 0.010
7986241 0.010
7984684 0.010
7978361 0.010
7973269 0.010
7970280 0.010
7969632 0.010
7963769 0.010
7962871 0.010
7961800 0.010
7959722 0.010
7955641 0.010
7954725 0.010
7948193 0.010
7945239 0.010
7943146 0.010
7942200 0.010
7940447 0.010
7940043 0.010
7939541 0.010
7936679 0.010
7934271 0.010
7933375 0.010
7933240 0.010
7912839 0.010
7859999 0.010
7837807 0.010
7786868 0.010
7695152 0.010
7653091 0.010
7508766 0.010
7416539 0.010
7358604 0.010
7266065 0.010
7053167 0.010
6997805 0.010
7998655 0.015
7998198 0.015
7996708 0.015
7996464 0.015
7994990 0.015
7994644 0.015
7993686 0.015
7992870 0.015
7992225 0.015
7990003 0.015
7987212 0.015
7986102 0.015
7983992 0.015
7983474 0.015
7980695 0.015
7978536 0.015
7978342 0.015
7977721 0.015
7974911 0.015
7974124 0.015
7973044 0.015
7970668 0.015
7969479 0.015
7968548 0.015
7967152 0.015
7960484 0.015
7960146 0.015
7957486 0.015
7953796 0.015
7935736 0.015
7932922 0.015
7898956 0.015
7893405 0.015
7890808 0.015
7882308 0.015
7862918 0.015
7859864 0.015
7813326 0.015
7464225 0.015
7345457 0.015
6417055 0.015
5956132 0.015
7986982 0.020
7985458 0.020
7982922 0.020
7981491 0.020
7978043 0.020
7977585 0.020
7970981 0.020
7966447 0.020
7962786 0.020
7959001 0.020
7941086 0.020
7932213 0.020
7902761 0.020
7902237 0.020
7880874 0.020
7856328 0.020
7849489 0.020
7506166 0.020
7996330 0.025
7992598 0.025
7979761 0.025
7972493 0.025
7968388 0.025
7964622 0.025
7962595 0.025
7960741 0.025
7959491 0.025
7951488 0.025
7933043 0.025
7903833 0.025
7832083 0.025
7821834 0.025
7779069 0.025
7741846 0.025
7731657 0.025
7990177 0.030
7989438 0.030
7988833 0.030
7986690 0.030
7986639 0.030
7967939 0.030
7940338 0.030
7929846 0.030
7925239 0.030
7904045 0.030
7901355 0.030
7891452 0.030
7887414 0.030
7879959 0.030
7879671 0.030
7874038 0.030
7867909 0.030
7813676 0.030
7726905 0.030
7549671 0.030
7979992 0.035
7960858 0.035
7960681 0.035
7959131 0.035
7958283 0.035
7955167 0.035
7954306 0.035
7939692 0.035
7936836 0.035
7936352 0.035
7916385 0.035
7908631 0.035
7879734 0.035
7877786 0.035
7871641 0.035
7799843 0.035
7735392 0.035
7635724 0.035
7318075 0.035
7967231 0.040
7926385 0.040
7919535 0.040
7900114 0.040
7897356 0.040
7893377 0.040
7892043 0.040
7886882 0.040
7873747 0.040
7784042 0.040
7713157 0.040
7587941 0.040
6408365 0.040
5319537 0.040
7975486 0.045
7964759 0.045
7942157 0.045
7941778 0.045
7938392 0.045
7926120 0.045
7863923 0.045
7784741 0.045
7669830 0.045
6988894 0.045
6403330 0.045
7931785 0.050
7917617 0.050
7888138 0.050
7686964 0.050
7613207 0.050
7333632 0.050
5680643 0.050
7965888 0.055
7944493 0.055
7921288 0.055
7917332 0.055
7914194 0.055
7880420 0.055
7711352 0.055
7571902 0.055
7480071 0.055
7421665 0.055
7962429 0.060
7957850 0.060
7905335 0.060
7905113 0.060
7898218 0.060
7839172 0.060
7817413 0.060
7800591 0.060
7776007 0.060
7758941 0.060
7677983 0.060
7596179 0.060
7388528 0.060
7014695 0.060
7821563 0.065
7800885 0.065
7755125 0.065
7700821 0.065
7961110 0.070
7945733 0.070
7795883 0.070
7157230 0.070
6350296 0.070
5988749 0.070
7941960 0.075
7864343 0.075
7855729 0.075
7301435 0.075
7968507 0.080
7957281 0.080
7910456 0.080
7634518 0.080
7567259 0.080
7549419 0.080
7262850 0.080
6929057 0.080
7906591 0.085
7899758 0.085
7797848 0.085
7770537 0.085
7318119 0.085
7038359 0.085
7966422 0.090
7819609 0.090
7701202 0.090
7625620 0.090
7589265 0.090
7417661 0.090
7210460 0.090
7950288 0.095
7940349 0.095
7923696 0.095
7918126 0.095
7906013 0.095
7737597 0.095
7717163 0.095
7579444 0.095
7432772 0.095
7121295 0.095
7015596 0.095
7901657 0.100
7867147 0.100
7816809 0.100
7441753 0.100
7119452 0.100
7850290 0.105
7801152 0.105
7779929 0.105
7725807 0.105
7408826 0.105
6609873 0.105
7586065 0.110
7427891 0.110
7673029 0.115
7493263 0.115
7297933 0.115
7829944 0.120
7547375 0.120
6603241 0.120
5913732 0.120
7812004 0.130
7692427 0.130
7066949 0.130
7592365 0.135
7028059 0.135
7705868 0.140
7848513 0.145
7374872 0.145
7224757 0.145
6575663 0.145
7741631 0.150
7713626 0.150
7654476 0.150
7218926 0.150
7588462 0.155
7822536 0.160
7782704 0.160
7642265 0.160
7052069 0.160
7852856 0.165
7663262 0.165
7545127 0.165
6046371 0.165
5848326 0.165
7794985 0.170
7592654 0.170
7586329 0.170
7531654 0.170
7653335 0.175
7491587 0.175
7313904 0.175
6269911 0.175
7333730 0.180
7037541 0.180
6830731 0.180
7932715 0.185
7760982 0.185
6431617 0.185
6101934 0.185
7605712 0.190
7171789 0.190
7825557 0.195
7805770 0.195
7772929 0.195
7747656 0.195
7496670 0.195
7821832 0.200
7433080 0.200
6996511 0.200
4935032 0.200
7859644 0.205
7229362 0.205
6905723 0.205
6336239 0.205
5678701 0.210
7403227 0.215
7801205 0.225
3826360 0.225
7862172 0.230
6327137 0.235
7796037 0.240
7782845 0.245
7708092 0.245
7694735 0.250
7636238 0.260
7611729 0.260
7613494 0.265
7471340 0.270
5904919 0.270
7443032 0.275
7293253 0.275
6875564 0.275
7651876 0.285
7239770 0.285
7265807 0.295
5950742 0.295
7833303 0.300
7468435 0.305
6290622 0.305
7302763 0.320
7774443 0.330
7193620 0.335
6990352 0.340
7431040 0.345
4942481 0.345
7328331 0.350
7400254 0.355
6052400 0.355
7595222 0.370
7028467 0.370
7357636 0.375
7531024 0.385
7183359 0.385
7629739 0.390
7784828 0.395
7103062 0.395
6033762 0.400
6127080 0.405
7377194 0.410
6687022 0.410
6912584 0.420
7655125 0.430
7053953 0.430
4602884 0.430
7205189 0.435
7137678 0.435
7257503 0.445
6594408 0.445
7095390 0.455
6939401 0.455
6006234 0.460
420347 0.460
7332692 0.465
7546991 0.480
4557422 0.480
3078172 0.480
6851201 0.485
7500539 0.490
7548937 0.500
7002413 0.510
7438464 0.525
6419663 0.535
7646342 0.540
6886570 0.540
5891792 0.550
7365110 0.555
7297470 0.555
5355124 0.555
6107353 0.570
7435773 0.575
7398100 0.575
6861689 0.585
7254399 0.595
1436900 0.605
7198426 0.615
5857483 0.615
6955935 0.650
2690731 0.650
7727919 0.655
7191384 0.660
5086736 0.665
7487911 0.670
7123375 0.670
6402025 0.670
5560664 0.670
3595919 0.670
6957082 0.680
7412112 0.685
7032740 0.695
5797684 0.695
6171318 0.705
7527655 0.720
5814254 0.735
7001188 0.750
6893776 0.750
6556226 0.765
6504552 0.775
6579964 0.780
5943402 0.840
6710258 0.845
6467488 0.855
7406306 0.860
6510647 0.870
7054742 0.900
5820540 0.920
5412737 0.940
4658417 0.960
6669462 0.980
4607465 0.985
