7999786 0.005
7999783 0.005
7999770 0.005
7999490 0.005
7999210 0.005
7999173 0.005
7999048 0.005
7998996 0.005
7998575 0.005
7998570 0.005
7998420 0.005
7998119 0.005
7998002 0.005
7997822 0.005
7997597 0.005
7997565 0.005
7997526 0.005
7997413 0.005
7997302 0.005
7997301 0.005
7997278 0.005
7997080 0.005
7996737 0.005
7996489 0.005
7996321 0.005
7996108 0.005
7995801 0.005
7995557 0.005
7995252 0.005
7995004 0.005
7994708 0.005
7994658 0.005
7994098 0.005
7993611 0.005
7993512 0.005
7993318 0.005
7993310 0.005
7993290 0.005
7993265 0.005
7992713 0.005
7992307 0.005
7991032 0.005
7990538 0.005
7990383 0.005
7990107 0.005
7989477 0.005
7989191 0.005
7988570 0.005
7987560 0.005
7987502 0.005
7987346 0.005
7987021 0.005
7985728 0.005
7985709 0.005
7985310 0.005
7985074 0.005
7984291 0.005
7983834 0.005
7983567 0.005
7983495 0.005
7983038 0.005
7982092 0.005
7981525 0.005
7980618 0.005
7980589 0.005
7980008 0.005
7979859 0.005
7979587 0.005
7979418 0.005
7979401 0.005
7978738 0.005
7976152 0.005
7974107 0.005
7970578 0.005
7969909 0.005
7966011 0.005
7962702 0.005
7961001 0.005
7958670 0.005
7958386 0.005
7954383 0.005
7952660 0.005
7952196 0.005
7945341 0.005
7938659 0.005
7922417 0.005
7921046 0.005
7902731 0.005
7883211 0.005
7811833 0.005
7794253 0.005
7684270 0.005
6499922 0.005
4021053 0.005
7997664 0.010
7997267 0.010
7994323 0.010
7993963 0.010
7993515 0.010
7992687 0.010
7991913 0.010
7991770 0.010
7990472 0.010
7989767 0.010
7989684 0.010
7989320 0.010
7988769 0.010
7987882 0.010
7987432 0.010
7987380 0.010
7986383 0.010
7985270 0.010
7982239 0.010
7982009 0.010
7981857 0.010
7981344 0.010
7978762 0.010
7977524 0.010
7975137 0.010
7974366 0.010
7973411 0.010
7973218 0.010
7968779 0.010
7966513 0.010
7963850 0.010
7956030 0.010
7948500 0.010
7945577 0.010
7940531 0.010
7936482 0.010
7935430 0.010
7916064 0.010
7910178 0.010
7902630 0.010
7851146 0.010
7816335 0.010
7801341 0.010
7762832 0.010
7686047 0.010
6905901 0.010
6391992 0.010
6255676 0.010
7993866 0.015
7991521 0.015
7991222 0.015
7988627 0.015
7985378 0.015
7983891 0.015
7982199 0.015
7980793 0.015
7979787 0.015
7976686 0.015
7976562 0.015
7976031 0.015
7974705 0.015
7973831 0.015
7971077 0.015
7970559 0.015
7965231 0.015
7962602 0.015
7960904 0.015
7955743 0.015
7952638 0.015
7949033 0.015
7946408 0.015
7936442 0.015
7932141 0.015
7929372 0.015
7924525 0.015
7924334 0.015
7921110 0.015
7887027 0.015
7861559 0.015
7813418 0.015
7811323 0.015
7802184 0.015
7578411 0.015
7995437 0.020
7987674 0.020
7983760 0.020
7981419 0.020
7976484 0.020
7967419 0.020
7967037 0.020
7962945 0.020
7957901 0.020
7951304 0.020
7945692 0.020
7940037 0.020
7939939 0.020
7939540 0.020
7903548 0.020
7901334 0.020
7892980 0.020
7826513 0.020
7819260 0.020
7766713 0.020
7755364 0.020
7688431 0.020
7622805 0.020
7353506 0.020
3824974 0.020
7975889 0.025
7974331 0.025
7972279 0.025
7966222 0.025
7957951 0.025
7956726 0.025
7954938 0.025
7949920 0.025
7925429 0.025
7917178 0.025
7873936 0.025
7836205 0.025
7790187 0.025
7588757 0.025
7435991 0.025
7980544 0.030
7970120 0.030
7963060 0.030
7962872 0.030
7962837 0.030
7958741 0.030
7957558 0.030
7956832 0.030
7955935 0.030
7952384 0.030
7952226 0.030
7940225 0.030
7927242 0.030
7912503 0.030
7869762 0.030
7842214 0.030
7836560 0.030
6121853 0.030
7988265 0.035
7981661 0.035
7901445 0.035
7899185 0.035
7897380 0.035
7890747 0.035
7878383 0.035
7870149 0.035
7862053 0.035
7829594 0.035
7816798 0.035
6952181 0.035
6441979 0.035
5115571 0.035
7989660 0.040
7984491 0.040
7973635 0.040
7965377 0.040
7961267 0.040
7956669 0.040
7940457 0.040
7928214 0.040
7925445 0.040
7867645 0.040
7836445 0.040
7812285 0.040
7028705 0.040
6683926 0.040
7959474 0.045
7954191 0.045
7949255 0.045
7942631 0.045
7918219 0.045
7909573 0.045
7877560 0.045
7853134 0.045
7814004 0.045
7590182 0.045
7480559 0.045
7981676 0.050
7966575 0.050
7954060 0.050
7947727 0.050
7885893 0.050
7883879 0.050
7883224 0.050
7735530 0.050
7626384 0.050
7572941 0.050
6876908 0.050
3749544 0.050
7933657 0.055
7928054 0.055
7794527 0.055
7680928 0.055
7946892 0.060
7940444 0.060
7927568 0.060
7920031 0.060
7912717 0.060
7852997 0.060
7813987 0.060
7792381 0.060
7764317 0.060
7754277 0.060
7513834 0.060
7491235 0.060
6898944 0.060
7928063 0.065
7896751 0.065
7891661 0.065
7852787 0.065
7815926 0.065
7813504 0.065
7813394 0.065
7753733 0.065
7622778 0.065
3643390 0.065
7697597 0.070
7563044 0.070
7201838 0.070
7955261 0.075
7811448 0.075
7773219 0.075
7663472 0.075
7634751 0.075
7130404 0.075
4304635 0.075
3716075 0.075
7957719 0.080
7954589 0.080
7939015 0.080
7918871 0.080
7905863 0.080
7901233 0.080
7864748 0.080
7816373 0.080
7580666 0.080
7495434 0.080
5734843 0.080
7917914 0.085
7912089 0.085
6981516 0.085
5454820 0.085
7900147 0.090
7793466 0.090
7611626 0.090
7201870 0.090
5744395 0.090
7880118 0.095
7817516 0.095
7709940 0.095
7293423 0.095
7894315 0.100
7797558 0.100
7796526 0.100
7598143 0.100
7514304 0.100
7948161 0.105
7885684 0.105
7746047 0.105
7550713 0.105
7671578 0.110
7903869 0.115
7894852 0.115
7385762 0.115
7899579 0.120
7897791 0.120
7853391 0.120
7488198 0.120
7788207 0.125
7786607 0.125
7628086 0.130
7481209 0.130
7478537 0.130
6142980 0.135
7551343 0.140
7508441 0.140
7279464 0.140
6185773 0.140
7898241 0.145
7803747 0.145
7475097 0.145
7216264 0.145
7114056 0.150
7534588 0.155
7821961 0.160
7719446 0.160
7533283 0.160
7370918 0.160
7276607 0.160
6658327 0.160
5783095 0.160
7756483 0.165
7502762 0.165
7145384 0.165
6892206 0.165
6294928 0.165
7857696 0.170
7788673 0.170
7462403 0.170
7082059 0.170
7845691 0.175
7566739 0.180
7278182 0.180
4325394 0.180
6630985 0.185
7839220 0.190
7358486 0.190
7707783 0.195
7202928 0.200
6867732 0.200
6550555 0.200
4986875 0.200
7465922 0.205
6584883 0.210
6363676 0.210
7697371 0.215
7236795 0.215
5186600 0.215
4448627 0.215
7680359 0.220
7522439 0.220
7354194 0.220
7328423 0.220
6303106 0.220
7489264 0.225
7886236 0.230
7585094 0.230
7278818 0.230
7222196 0.230
7688016 0.235
7602651 0.245
7710086 0.250
7697376 0.250
7270422 0.250
6853724 0.260
7533891 0.265
7167468 0.265
7586709 0.270
6921901 0.270
3505384 0.270
7611067 0.275
6570960 0.275
7445162 0.280
6763159 0.280
7810488 0.285
7592229 0.285
6695509 0.285
7531022 0.290
6670110 0.295
6586600 0.295
7820151 0.300
5596188 0.300
7638120 0.305
7575815 0.305
7772141 0.315
7767782 0.315
7238008 0.315
7048164 0.315
6906723 0.315
6848939 0.315
7814043 0.320
7429203 0.320
7232395 0.325
6853061 0.325
7743925 0.330
7628226 0.330
6243814 0.340
6134361 0.340
7554096 0.345
7066433 0.355
7022160 0.375
7402339 0.380
6407524 0.380
7443294 0.385
5936496 0.385
4413593 0.395
7010829 0.400
5174175 0.400
7541107 0.405
7449167 0.405
7152634 0.405
6541607 0.410
4824434 0.410
7615408 0.415
7375500 0.415
6450397 0.415
7623961 0.420
7506487 0.420
7543569 0.425
7381989 0.430
7776801 0.440
7502959 0.440
6907373 0.445
6062260 0.445
7636198 0.450
6604028 0.450
6133698 0.450
7648453 0.460
7622812 0.460
7010371 0.460
6995299 0.465
3885668 0.465
7657269 0.475
7585131 0.475
6858077 0.485
7686397 0.490
7602425 0.495
6477248 0.500
5621946 0.515
1320303 0.520
6740901 0.525
6458907 0.530
7444476 0.540
7217884 0.540
6602251 0.540
6261433 0.540
4399532 0.540
7222858 0.550
5836430 0.560
7381034 0.565
7028933 0.565
7407716 0.570
6326175 0.570
7414241 0.580
6038630 0.580
6978846 0.590
6707344 0.590
5965709 0.590
6757132 0.605
7363528 0.620
6505842 0.620
3941870 0.635
6420207 0.640
7020603 0.655
5767273 0.665
6679839 0.675
4943116 0.680
6644670 0.695
6420727 0.695
6638660 0.705
6425960 0.710
5820944 0.715
6219005 0.720
6328097 0.725
5175185 0.730
6582001 0.740
6163912 0.740
5421354 0.745
6956368 0.765
6914533 0.785
5989412 0.795
5910064 0.800
5022915 0.805
7058093 0.820
4712353 0.825
6513349 0.830
5435520 0.830
5791763 0.835
7128456 0.885
6183023 0.890
6837790 0.910
7146560 0.915
6801972 0.915
5658199 0.925
6493465 0.935
3755824 0.940
4932042 0.945
7234134 0.975
6819585 0.990
