7998201
7998088
7997868
7997862
7997781
7997436
7997435
7997400
7997349
7997263
7997219
7997109
7997086
7996971
7996893
7996844
7996838
7996490
7996441
7996427
7996426
7996105
7996065
7996036
7995935
7995882
7995464
7995402
7995369
7995334
7995329
7995280
7995273
7995196
7995090
7995009
7994840
7994675
7994672
7994510
7994502
7994425
7993822
7993812
7993726
7993441
7993382
7993372
7993206
7993093
7993023
7992963
7992831
7992558
7992348
7992214
7992001
7991867
7991832
7991820
7991817
7991690
7991632
7991593
7991403
7991242
7991169
7990892
7990785
7990741
7990679
7990646
7990619
7990614
7990494
7990477
7990254
7990185
7989915
7989836
7989641
7989408
7989152
7988905
7988543
7988517
7988443
7988415
7988327
7988199
7987984
7987828
7987575
7987267
7986964
7986536
7986365
7986348
7986232
7986161
7986102
7985921
7985711
7985551
7985203
7984584
7984581
7983552
7983513
7983507
7982977
7982720
7982432
7982352
7982023
7981820
7981648
7981004
7979734
7979549
7979533
7979338
7978513
7977432
7977329
7977176
7976671
7976629
7976496
7976466
7976203
7976131
7976004
7975305
7975260
7975226
7975116
7974869
7974843
7974760
7974374
7973970
7973269
7972934
7972569
7971676
7971145
7970580
7969652
7967788
7965511
7965460
7964754
7964430
7964286
7963710
7963559
7963435
7962816
7962654
7961675
7961595
7960316
7959623
7958384
7958001
7957750
7956981
7956225
7955822
7955539
7954690
7954575
7954181
7953611
7952304
7951775
7950927
7950547
7950391
7950005
7949502
7949401
7949013
7947565
7946784
7944120
7943978
7943943
7943922
7943343
7943225
7942995
7941854
7941637
7941311
7940934
7940686
7940179
7939953
7939611
7939382
7939182
7939172
7938658
7937372
7937094
7935928
7935358
7934842
7934205
7931865
7931807
7929693
7928865
7928736
7928623
7928459
7927772
7925633
7925479
7924615
7924123
7923989
7923353
7922958
7922897
7920908
7915435
7915136
7914954
7914854
7914522
7913569
7912415
7911772
7911732
7910570
7909371
7903264
7902488
7901242
7900504
7898894
7898587
7896228
7895736
7893976
7893801
7892436
7892052
7891878
7890364
7890072
7888063
7887814
7886925
7884468
7879328
7879128
7878923
7878127
7877132
7876473
7875574
7870992
7869230
7866859
7866703
7864891
7862615
7861168
7858665
7857827
7854356
7852506
7851752
7851732
7851480
7846773
7841723
7840082
7838971
7838466
7837549
7834096
7834002
7830499
7828815
7826447
7822316
7821170
7818687
7815542
7815523
7814296
7809968
7809412
7809236
7807030
7805887
7805485
7804736
7804348
7803584
7802422
7801784
7799914
7796773
7795570
7795071
7794451
7793256
7792956
7792198
7791766
7789141
7789022
7787183
7786420
7783067
7782223
7780613
7774578
7768758
7768113
7768029
7767499
7766864
7764706
7761644
7761543
7761181
7757366
7755717
7755605
7750178
7749834
7745944
7744064
7734875
7732147
7731760
7728548
7726140
7723800
7716333
7715204
7704848
7703071
7686200
7684465
7682217
7678202
7677550
7672235
7671295
7660374
7656601
7654330
7652539
7651331
7646481
7646355
7639023
7637812
7636806
7636665
7628805
7627823
7623206
7621030
7610392
7607935
7605727
7601820
7598052
7597077
7591983
7591557
7591420
7590704
7584173
7575310
7574050
7571420
7568545
7568170
7567595
7566699
7566010
7562009
7557959
7557148
7556917
7556116
7545960
7543132
7541763
7538769
7532139
7530294
7526986
7524361
7522531
7516202
7511880
7505194
7502704
7502229
7501849
7497487
7496194
7495475
7490277
7489632
7487404
7485536
7478473
7474167
7466529
7456630
7451841
7451696
7442258
7432393
7429431
7419563
7416613
7406071
7405020
7398804
7383950
7381899
7381674
7380426
7363323
7362648
7355739
7354376
7345136
7344295
7341355
7340169
7340085
7339065
7333195
7320363
7320266
7303124
7299048
7294149
7290406
7287027
7273106
7268458
7254598
7239552
7233921
7225823
7221892
7216091
7203336
7201867
7182058
7163199
7161767
7157503
7148140
7137887
7127543
7127001
7126303
7121783
7112949
7105767
7104542
7103465
7092478
7087735
7084936
7075601
7069300
7069143
7059646
7054577
7044619
7040358
7031214
7028163
7012768
6985451
6982727
6979779
6976551
6975980
6968376
6964769
6963461
6963412
6949063
6930157
6876640
6875470
6842726
6839670
6828060
6825665
6816977
6811587
6809393
6807540
6797737
6795351
6783804
6743575
6732600
6725650
6724614
6715326
6697043
6688565
6680130
6668575
6656041
6638247
6618159
6614406
6611538
6593129
6524197
6521912
6470917
6447436
6425478
6402369
6401753
6373115
6354950
6331827
6299866
6259768
6239615
6231626
6223158
6222817
6218947
6209197
6175914
6175876
6153082
6106290
5931577
5866151
5852497
5822496
5798749
5770611
5763779
5732520
5695553
5678139
5669848
5560222
5556167
5543254
5501439
5479847
5383391
5382698
5330137
5326850
5252859
5159551
5145320
4937176
4716496
4401312
4316982
4197102
4177298
3890369
3887722
3702989
3653444
3242304
1265662
