8000027
8000021
8000007
7999846
7999805
7999652
7999623
7999486
7999420
7999063
7998789
7998654
7998552
7998493
7998262
7998253
7998173
7998133
7997971
7997859
7997674
7997586
7997558
7997508
7997427
7997372
7997359
7997300
7997176
7997148
7997080
7996640
7996270
7996214
7996074
7995680
7995198
7995068
7995051
7994858
7994844
7994826
7994610
7994535
7994522
7994486
7994450
7994250
7994183
7993929
7993704
7993521
7993244
7993141
7993039
7992946
7992903
7992621
7992355
7992301
7992291
7991826
7991773
7990927
7990924
7990673
7990259
7990189
7990110
7990091
7990066
7989819
7989460
7989388
7989287
7989271
7989076
7988804
7988693
7988494
7988475
7988345
7988306
7988199
7987476
7987466
7987204
7986917
7986914
7986795
7986755
7986457
7986206
7986094
7986083
7985804
7985219
7985040
7984663
7983982
7983843
7983629
7983490
7983313
7983069
7983019
7982630
7981810
7981755
7981609
7981159
7981113
7980760
7980758
7980337
7980012
7979907
7979865
7979572
7979208
7978936
7978786
7978759
7978410
7977151
7977110
7976769
7976713
7976641
7976397
7976140
7975619
7975577
7975418
7974782
7974339
7974002
7973873
7973551
7973405
7971664
7971515
7970635
7970421
7970340
7970025
7969790
7969733
7969688
7969129
7969125
7969111
7968822
7968776
7967463
7967106
7966458
7966396
7966244
7965852
7965610
7965351
7964668
7964328
7963810
7962972
7962945
7962633
7962511
7962206
7962168
7961931
7961210
7960893
7960506
7958656
7958626
7958356
7957747
7957104
7956913
7955970
7955736
7953714
7953625
7951875
7951539
7950294
7950082
7949984
7949489
7948777
7947101
7947098
7946387
7945961
7945689
7943415
7943396
7943297
7940970
7940782
7940614
7940051
7939433
7939359
7937408
7936885
7936882
7935668
7935241
7934494
7933151
7932765
7932311
7931321
7930861
7930845
7930742
7928987
7927099
7926998
7926226
7924293
7923802
7923619
7923243
7922949
7922559
7919828
7916999
7916023
7915710
7915276
7915063
7915014
7914786
7912974
7911151
7910013
7909377
7907921
7906645
7906427
7906136
7904145
7903937
7900466
7898358
7898287
7898171
7897489
7896404
7893897
7892293
7890026
7889557
7889057
7884751
7882818
7880978
7880919
7880665
7880337
7879584
7875364
7874431
7870232
7868676
7868113
7867694
7865075
7862817
7862491
7859032
7858928
7857829
7857695
7857608
7857411
7857359
7856751
7852796
7852662
7851006
7846409
7844825
7840553
7839314
7838582
7829876
7829328
7828079
7827190
7820613
7815413
7814851
7814396
7813776
7812385
7811001
7810167
7809640
7809207
7809131
7808959
7807474
7803505
7802608
7799137
7797846
7797050
7796091
7794803
7791925
7791436
7790777
7788330
7786894
7779608
7778007
7775645
7771426
7766461
7766254
7765001
7760702
7753675
7750399
7748165
7746481
7737123
7736543
7732321
7728199
7727840
7726895
7721693
7719837
7716448
7712905
7710162
7709714
7709227
7708630
7704350
7703817
7701158
7692605
7691508
7689129
7687113
7686916
7685012
7681682
7679409
7677735
7672616
7669794
7669139
7668204
7666629
7666538
7666172
7662498
7662422
7660686
7659355
7658386
7654785
7652091
7646453
7646374
7644943
7638938
7635113
7634424
7630787
7628042
7627078
7625170
7624537
7619558
7617992
7616395
7610996
7607177
7602685
7602337
7600128
7599293
7598907
7597813
7593786
7590503
7584691
7574632
7570749
7567674
7566771
7559553
7558108
7553231
7548452
7545856
7544114
7542809
7536428
7533027
7530766
7527623
7525338
7517724
7507169
7497212
7490929
7473546
7473020
7467960
7467737
7457917
7452415
7451487
7449637
7448935
7420412
7418154
7411232
7400010
7397460
7396270
7388902
7376099
7365996
7364638
7363780
7358900
7351119
7323989
7322740
7322477
7311102
7306200
7296769
7288165
7284059
7278995
7278321
7275172
7271285
7259593
7258511
7250104
7238683
7236183
7233858
7229651
7229363
7221150
7221093
7200632
7198488
7178278
7165921
7158811
7154205
7153001
7149204
7141517
7133901
7130036
7115430
7112060
7109681
7093147
7085877
7082401
7081821
7079692
7073110
7068291
7063454
7061276
7036489
7027577
7018497
7011404
6993078
6984481
6979704
6960747
6954414
6944498
6941996
6933521
6929934
6923430
6877530
6877280
6871593
6862677
6849084
6837461
6831147
6805734
6804905
6789944
6789344
6788353
6778689
6777144
6765954
6765273
6759129
6758405
6754255
6747569
6746395
6734939
6720447
6716826
6715190
6702940
6691971
6676185
6634666
6634551
6624325
6621519
6611057
6607865
6606943
6596152
6515603
6510689
6471153
6464442
6460033
6458332
6449386
6415310
6409092
6372176
6371645
6370448
6368439
6306467
6302144
6293509
6285890
6284541
6279306
6258624
6208280
6206727
6202432
6202090
6181002
6145428
6115044
6093740
6031244
6023035
6013799
6003700
6001509
5991657
5964934
5959159
5951386
5950859
5942348
5916267
5869793
5847494
5822562
5814922
5809335
5786351
5773823
5768789
5766401
5765295
5728830
5712811
5577117
5526528
5480815
5459896
5452608
5347305
5095236
5067601
5025393
4953622
4891861
4690864
4658411
4638983
4613960
4593163
4539099
4350020
4261301
4254351
4223264
3721407
3588601
3563011
3371714
2483732
1999210
