8000027 0.005
8000021 0.005
8000007 0.005
7999846 0.005
7999805 0.005
7999652 0.005
7999623 0.005
7999486 0.005
7999420 0.005
7999063 0.005
7998789 0.005
7998552 0.005
7998493 0.005
7998262 0.005
7998253 0.005
7998133 0.005
7997971 0.005
7997859 0.005
7997674 0.005
7997586 0.005
7997558 0.005
7997508 0.005
7997427 0.005
7997359 0.005
7997300 0.005
7997176 0.005
7997148 0.005
7997080 0.005
7996640 0.005
7996270 0.005
7995680 0.005
7995198 0.005
7995068 0.005
7995051 0.005
7994858 0.005
7994844 0.005
7994535 0.005
7994522 0.005
7994450 0.005
7994250 0.005
7993929 0.005
7993704 0.005
7993521 0.005
7993244 0.005
7993141 0.005
7992946 0.005
7992355 0.005
7992301 0.005
7991826 0.005
7991773 0.005
7990927 0.005
7990259 0.005
7990189 0.005
7990110 0.005
7990091 0.005
7989287 0.005
7989271 0.005
7988804 0.005
7988693 0.005
7988475 0.005
7987204 0.005
7986917 0.005
7986755 0.005
7986094 0.005
7985219 0.005
7984663 0.005
7981755 0.005
7981113 0.005
7980760 0.005
7979208 0.005
7978410 0.005
7977151 0.005
7977110 0.005
7974339 0.005
7973873 0.005
7971664 0.005
7971515 0.005
7970340 0.005
7970025 0.005
7969733 0.005
7969688 0.005
7969129 0.005
7969111 0.005
7968822 0.005
7964328 0.005
7961210 0.005
7958626 0.005
7958356 0.005
7957747 0.005
7943297 0.005
7939433 0.005
7933151 0.005
7930861 0.005
7923802 0.005
7915014 0.005
7907921 0.005
7898358 0.005
7896404 0.005
7810167 0.005
7788330 0.005
7775645 0.005
7760702 0.005
7737123 0.005
7525338 0.005
7517724 0.005
6862677 0.005
6596152 0.005
7998654 0.010
7996214 0.010
7996074 0.010
7994826 0.010
7994610 0.010
7994486 0.010
7994183 0.010
7993039 0.010
7992903 0.010
7992621 0.010
7990924 0.010
7990673 0.010
7990066 0.010
7989819 0.010
7989460 0.010
7988306 0.010
7987476 0.010
7986914 0.010
7986457 0.010
7985040 0.010
7981609 0.010
7981159 0.010
7980758 0.010
7980337 0.010
7980012 0.010
7974782 0.010
7974002 0.010
7970635 0.010
7969125 0.010
7967106 0.010
7966396 0.010
7965351 0.010
7964668 0.010
7955736 0.010
7950082 0.010
7945689 0.010
7943396 0.010
7935668 0.010
7932311 0.010
7930845 0.010
7915063 0.010
7904145 0.010
7889057 0.010
7880978 0.010
7880665 0.010
7862491 0.010
7839314 0.010
7829876 0.010
7811001 0.010
7710162 0.010
7616395 0.010
7233858 0.010
7998173 0.015
7997372 0.015
7988345 0.015
7988199 0.015
7986795 0.015
7986206 0.015
7986083 0.015
7983982 0.015
7983490 0.015
7983019 0.015
7978936 0.015
7978786 0.015
7976769 0.015
7976397 0.015
7976140 0.015
7970421 0.015
7968776 0.015
7966458 0.015
7965852 0.015
7962511 0.015
7960893 0.015
7960506 0.015
7949984 0.015
7949489 0.015
7947098 0.015
7931321 0.015
7930742 0.015
7898171 0.015
7857359 0.015
7852662 0.015
7814396 0.015
7797846 0.015
7712905 0.015
7545856 0.015
7358900 0.015
6754255 0.015
7992291 0.020
7989076 0.020
7987466 0.020
7983313 0.020
7979865 0.020
7979572 0.020
7975418 0.020
7973551 0.020
7967463 0.020
7955970 0.020
7939359 0.020
7934494 0.020
7926226 0.020
7915276 0.020
7909377 0.020
7859032 0.020
7753675 0.020
7704350 0.020
6788353 0.020
7988494 0.025
7982630 0.025
7981810 0.025
7979907 0.025
7975577 0.025
7963810 0.025
7962168 0.025
7953625 0.025
7945961 0.025
7926998 0.025
7922949 0.025
7892293 0.025
7857829 0.025
7840553 0.025
7828079 0.025
7809131 0.025
7786894 0.025
7736543 0.025
7635113 0.025
7625170 0.025
7607177 0.025
7457917 0.025
7985804 0.030
7983843 0.030
7983069 0.030
7975619 0.030
7966244 0.030
7962972 0.030
7961931 0.030
7958656 0.030
7943415 0.030
7922559 0.030
7882818 0.030
7880337 0.030
7867694 0.030
7813776 0.030
7746481 0.030
7721693 0.030
7662498 0.030
7659355 0.030
7536428 0.030
7376099 0.030
6702940 0.030
6093740 0.030
7978759 0.035
7976641 0.035
7948777 0.035
7911151 0.035
7906427 0.035
7900466 0.035
7898287 0.035
7862817 0.035
7858928 0.035
7857608 0.035
7803505 0.035
7628042 0.035
7567674 0.035
7530766 0.035
7400010 0.035
7365996 0.035
6747569 0.035
6279306 0.035
4953622 0.035
7989388 0.040
7983629 0.040
7976713 0.040
7973405 0.040
7962945 0.040
7962206 0.040
7940970 0.040
7935241 0.040
7924293 0.040
7912974 0.040
7910013 0.040
7906645 0.040
7879584 0.040
7467960 0.040
7250104 0.040
7229651 0.040
7969790 0.045
7962633 0.045
7947101 0.045
7946387 0.045
7936885 0.045
7928987 0.045
7903937 0.045
7890026 0.045
7868113 0.045
7844825 0.045
7814851 0.045
7797050 0.045
7708630 0.045
6789344 0.045
7965610 0.050
7951539 0.050
7940782 0.050
7916023 0.050
7897489 0.050
7868676 0.050
7791925 0.050
5459896 0.050
7953714 0.055
7875364 0.055
7820613 0.055
7766461 0.055
5577117 0.055
7923243 0.060
7602337 0.060
7559553 0.060
7322740 0.060
7940614 0.065
7940051 0.065
7927099 0.065
7662422 0.065
7449637 0.065
7951875 0.070
7950294 0.070
7916999 0.070
7852796 0.070
7808959 0.070
7719837 0.070
6759129 0.070
7937408 0.075
7936882 0.075
7914786 0.075
7874431 0.075
7807474 0.075
7679409 0.075
6634551 0.075
5765295 0.075
7923619 0.080
7919828 0.080
7884751 0.080
7865075 0.080
7796091 0.080
7771426 0.080
7692605 0.080
7473020 0.080
6611057 0.080
7857695 0.085
7857411 0.085
6984481 0.085
7889557 0.090
7880919 0.090
7790777 0.090
7681682 0.090
7351119 0.090
7165921 0.090
6202432 0.090
7956913 0.095
7932765 0.095
7851006 0.095
7809640 0.095
7791436 0.095
7765001 0.095
7666629 0.095
7109681 0.095
6993078 0.095
7311102 0.100
7011404 0.100
6929934 0.100
7957104 0.105
7915710 0.105
7856751 0.105
7296769 0.105
4223264 0.105
7794803 0.110
7778007 0.110
7275172 0.110
6449386 0.110
4613960 0.110
6031244 0.115
7634424 0.120
7610996 0.120
7497212 0.120
7141517 0.120
6181002 0.120
7870232 0.125
7624537 0.125
7542809 0.125
7082401 0.125
6804905 0.125
6765954 0.130
7846409 0.135
7689129 0.135
7644943 0.135
7809207 0.140
7716448 0.140
7687113 0.140
7397460 0.140
7258511 0.140
5728830 0.140
7701158 0.145
7668204 0.145
6960747 0.145
7812385 0.150
7766254 0.150
7584691 0.150
7027577 0.150
7732321 0.155
6805734 0.155
7893897 0.160
7728199 0.160
7093147 0.170
7691508 0.175
7229363 0.175
5951386 0.175
5869793 0.175
7838582 0.180
7418154 0.180
6831147 0.180
7619558 0.185
7306200 0.185
7259593 0.185
5950859 0.185
7654785 0.190
7630787 0.190
7271285 0.190
6621519 0.190
7727840 0.195
7703817 0.195
7278321 0.195
7221093 0.195
7829328 0.200
7646453 0.200
7598907 0.200
7544114 0.200
6003700 0.200
7685012 0.205
7666172 0.205
7652091 0.205
7388902 0.205
7149204 0.205
7672616 0.210
7669139 0.210
7906136 0.215
7660686 0.215
7599293 0.215
7748165 0.220
7553231 0.220
7198488 0.220
7827190 0.225
7669794 0.225
7597813 0.225
7527623 0.225
7467737 0.225
7593786 0.230
7779608 0.235
7638938 0.235
6877280 0.235
7802608 0.240
7570749 0.240
7451487 0.240
6923430 0.240
7411232 0.245
6746395 0.245
6285890 0.245
7750399 0.250
7112060 0.250
6933521 0.250
7473546 0.255
7133901 0.255
7726895 0.265
7709714 0.265
7507169 0.265
7322477 0.265
7063454 0.270
6954414 0.270
7558108 0.275
7658386 0.285
7574632 0.285
7363780 0.285
7646374 0.290
6941996 0.290
7396270 0.295
7627078 0.305
7154205 0.315
7815413 0.320
7799137 0.320
6606943 0.320
4350020 0.320
7178278 0.325
7079692 0.335
6944498 0.335
7364638 0.340
5095236 0.345
3371714 0.345
6415310 0.350
6789944 0.355
7666538 0.360
7490929 0.365
6765273 0.365
5452608 0.365
3563011 0.365
6979704 0.370
6777144 0.385
7709227 0.390
2483732 0.400
7566771 0.405
7085877 0.415
5025393 0.415
5814922 0.425
7686916 0.430
6202090 0.430
7278995 0.435
7420412 0.440
7236183 0.440
6778689 0.440
6464442 0.440
7284059 0.450
6368439 0.450
7288165 0.465
6758405 0.465
7677735 0.470
6013799 0.470
4891861 0.475
7238683 0.480
6871593 0.480
4593163 0.480
6258624 0.485
6691971 0.490
6023035 0.505
6001509 0.510
7452415 0.530
6306467 0.530
6849084 0.535
6206727 0.540
4261301 0.540
6510689 0.545
6458332 0.545
5773823 0.550
5766401 0.550
6284541 0.560
7617992 0.570
6877530 0.570
6370448 0.570
5959159 0.570
5526528 0.570
7158811 0.580
7061276 0.580
7590503 0.585
7448935 0.590
6624325 0.600
6208280 0.600
7153001 0.610
7221150 0.615
5347305 0.620
6293509 0.625
7600128 0.630
6302144 0.640
6471153 0.645
4539099 0.650
7323989 0.655
7073110 0.655
5916267 0.655
7548452 0.660
6115044 0.670
7602685 0.675
1999210 0.680
6460033 0.685
7018497 0.700
4690864 0.705
4658411 0.710
7200632 0.715
6607865 0.720
4638983 0.725
5847494 0.730
6634666 0.740
5480815 0.740
7130036 0.760
5991657 0.765
6515603 0.770
5786351 0.790
6409092 0.795
6837461 0.800
7533027 0.805
6371645 0.810
6720447 0.820
7115430 0.835
6716826 0.835
6715190 0.835
6676185 0.840
6372176 0.840
5768789 0.850
7081821 0.860
5964934 0.870
5822562 0.885
5067601 0.885
3588601 0.885
5942348 0.895
3721407 0.915
7036489 0.930
4254351 0.930
6145428 0.965
7068291 0.990
5809335 0.990
6734939 0.995
5712811 0.995
