7995258
7995217
7995208
7995085
7995070
7994783
7994717
7994587
7994522
7994417
7994383
7994156
7994118
7994108
7993868
7993834
7993808
7993785
7993686
7993514
7993340
7993323
7993314
7993133
7993069
7993046
7993019
7992885
7992882
7992682
7992629
7992108
7992016
7991920
7991874
7991847
7991798
7991712
7991589
7991465
7991259
7990912
7990900
7990833
7990812
7990706
7990658
7990444
7990410
7990155
7990083
7989764
7989567
7989447
7989133
7988877
7988874
7988832
7988685
7988675
7988610
7988504
7988412
7987579
7987210
7987143
7987030
7986337
7985777
7985428
7984769
7984530
7983944
7983894
7983767
7983516
7983360
7983203
7982964
7982767
7982620
7982606
7982490
7982455
7982329
7982276
7982115
7981111
7980828
7980530
7980320
7980166
7979840
7979465
7979442
7979245
7979119
7978799
7978430
7978198
7978021
7977946
7977902
7977844
7977355
7977253
7977054
7976880
7976739
7975113
7974609
7974432
7973761
7973718
7973418
7973334
7973244
7972995
7972817
7972442
7971971
7971881
7971540
7971394
7971107
7971092
7971061
7970892
7969250
7969153
7968977
7968862
7968313
7967374
7967123
7966979
7966762
7966238
7965982
7965766
7965130
7965019
7964902
7964592
7964206
7963849
7963470
7963209
7962884
7962484
7961721
7961539
7961231
7961199
7961091
7960701
7960598
7960226
7960185
7960021
7958892
7958874
7958832
7958688
7957828
7956169
7955928
7955573
7955448
7955257
7954666
7953936
7953653
7953194
7952593
7952198
7952176
7950681
7950223
7949399
7948955
7948558
7948337
7948331
7947717
7947264
7947192
7946074
7945490
7945409
7944593
7944212
7944191
7944012
7943242
7942528
7942068
7940756
7940181
7940015
7940001
7939395
7937543
7936644
7936106
7936082
7935960
7935711
7935619
7934511
7933573
7932845
7932839
7931525
7930170
7929514
7927270
7926632
7924454
7924377
7923600
7922350
7920820
7920655
7920596
7920308
7919250
7917208
7914809
7914301
7914143
7913899
7908988
7908516
7907522
7906875
7906653
7906125
7905920
7905151
7904480
7903875
7903428
7902363
7901314
7901100
7900633
7897811
7897493
7897127
7896710
7893189
7893166
7892794
7891258
7890120
7888484
7888428
7888288
7887433
7886458
7884954
7882958
7881638
7881536
7878796
7878448
7877986
7877432
7875727
7875211
7870938
7869078
7867108
7863261
7863122
7862563
7856360
7856247
7852862
7851914
7850601
7849283
7848044
7847595
7847163
7846955
7846311
7843241
7840523
7840029
7839462
7838346
7835193
7834537
7830788
7829116
7829023
7828965
7828025
7827306
7824481
7823710
7823544
7823125
7822326
7822153
7821721
7821672
7821182
7820270
7819658
7819485
7817586
7810675
7807727
7805554
7803023
7797294
7789786
7787702
7787483
7779934
7779237
7777047
7775232
7772184
7771572
7769598
7768462
7764640
7760062
7758610
7758449
7755612
7755063
7754967
7750637
7750293
7748187
7747033
7743661
7739852
7736856
7736108
7732643
7732336
7732122
7728450
7727914
7725044
7722912
7720291
7719995
7719213
7716659
7716379
7709265
7708514
7704279
7699181
7697908
7697260
7695495
7694019
7676019
7674699
7672407
7667734
7657205
7655146
7652742
7646779
7636161
7633562
7628601
7625005
7624042
7620781
7617802
7614568
7614236
7614185
7611749
7608211
7591380
7589950
7589156
7585562
7581962
7576944
7572861
7572552
7564160
7562799
7562227
7556132
7553373
7550389
7545244
7541085
7540593
7539200
7532769
7531495
7517501
7516776
7515249
7511908
7505231
7504527
7503408
7497068
7494302
7494025
7475469
7474065
7470785
7465762
7464392
7459189
7455452
7450257
7445063
7440413
7435688
7435032
7434111
7427948
7413244
7410377
7407785
7397075
7396789
7391530
7391198
7377868
7366005
7358149
7352464
7350526
7342271
7327446
7317315
7293541
7286838
7281763
7279981
7271473
7269479
7251559
7249655
7244352
7229421
7227454
7221546
7216293
7209570
7208824
7204575
7186818
7169396
7156977
7156168
7141868
7122718
7099627
7087927
7076414
7074097
7033401
7022233
7022062
7019350
7010687
6991798
6974533
6962024
6958482
6944593
6941883
6931738
6925062
6914078
6913852
6911131
6898289
6898169
6894204
6887267
6875733
6812581
6799781
6789030
6763843
6757768
6746440
6696398
6677388
6671047
6668790
6665227
6660235
6647887
6646223
6645376
6639256
6583934
6574960
6541427
6525249
6511659
6451900
6420118
6398201
6350976
6340522
6320850
6316886
6302005
6279446
6270996
6263857
6220095
6164758
6114750
6082330
6072315
6063561
6049684
6047891
6033591
6027715
5988699
5961056
5928320
5912609
5899742
5872716
5834251
5830980
5810571
5785152
5770247
5765288
5670366
5619213
5600853
5552596
5528800
5526230
5464586
5428682
5325494
5288047
5264778
4937333
4915126
4832028
4730516
4725616
4595297
4516352
4349837
4249941
4095041
3609300
3590161
3313559
1176259
