8001802
8001754
8001699
8001617
8001461
8001263
8001213
8001139
8000973
8000890
8000660
8000563
8000504
7999982
7999736
7999708
7999618
7999554
7999342
7999325
7999213
7999159
7999079
7998975
7998866
7998850
7998655
7998629
7998514
7998485
7998431
7998232
7998198
7998135
7998105
7998040
7998019
7997941
7997925
7997277
7997204
7997108
7997087
7997048
7996727
7996708
7996604
7996464
7996451
7996412
7996330
7995957
7995932
7995915
7995765
7995733
7995721
7995598
7995498
7995388
7994990
7994940
7994695
7994644
7994299
7994253
7994172
7993948
7993759
7993686
7993403
7992870
7992667
7992598
7992475
7992225
7991867
7991431
7991390
7991324
7991239
7991207
7990177
7990092
7990057
7990048
7990003
7989438
7989305
7988982
7988861
7988833
7987939
7987212
7986982
7986690
7986639
7986241
7986200
7986102
7985702
7985458
7985322
7984684
7983992
7983474
7982922
7982614
7982103
7981505
7981491
7981246
7980695
7979992
7979761
7978688
7978536
7978361
7978342
7978043
7977784
7977721
7977585
7975486
7975464
7975220
7974911
7974848
7974505
7974124
7973398
7973269
7973044
7972493
7971839
7971078
7970981
7970668
7970280
7970260
7969632
7969479
7968548
7968507
7968388
7967939
7967231
7967152
7966447
7966422
7965888
7965320
7964759
7964622
7963769
7962871
7962786
7962595
7962429
7961800
7961464
7961110
7960858
7960741
7960681
7960484
7960146
7959722
7959618
7959491
7959131
7959001
7958283
7957850
7957486
7957281
7955659
7955641
7955167
7954725
7954306
7953854
7953796
7951488
7950288
7948193
7948058
7945733
7945239
7944493
7943146
7942808
7942200
7942157
7941960
7941778
7941086
7940447
7940349
7940338
7940043
7939692
7939541
7938392
7936836
7936679
7936352
7935736
7934271
7933375
7933240
7933043
7932922
7932715
7932213
7931785
7930354
7929846
7928565
7926385
7926120
7925239
7923696
7921288
7919535
7918126
7917617
7917332
7916385
7914194
7912839
7910456
7908631
7906591
7906013
7905335
7905113
7904045
7903833
7902761
7902237
7901657
7901355
7900114
7899758
7898956
7898218
7897356
7893405
7893377
7892043
7891452
7890808
7888463
7888138
7887414
7886882
7885129
7882544
7882308
7880874
7880420
7879959
7879734
7879671
7877786
7874038
7873914
7873747
7871641
7867909
7867147
7864343
7863923
7862918
7862172
7859999
7859864
7859644
7856328
7855729
7852856
7850290
7849489
7848513
7839172
7837807
7833303
7832083
7829944
7825557
7822536
7821834
7821832
7821563
7819609
7817413
7816809
7813676
7813326
7812004
7805770
7801205
7801152
7800885
7800591
7799843
7797848
7796037
7795883
7794985
7786868
7784828
7784741
7784042
7782845
7782704
7782693
7779929
7779069
7776007
7774443
7772929
7770537
7762109
7760982
7758941
7755125
7747656
7741846
7741631
7737597
7735392
7731657
7727919
7726905
7725807
7717163
7713626
7713157
7711352
7708092
7705868
7701202
7700821
7695152
7694735
7692427
7686964
7679769
7677983
7673029
7669830
7663262
7655125
7654476
7653335
7653091
7651876
7646342
7642265
7636238
7635724
7634518
7629739
7625620
7613494
7613207
7611729
7605712
7596179
7595222
7592654
7592365
7589265
7588462
7587941
7586329
7586065
7579444
7571902
7567259
7549671
7549419
7548937
7547375
7546991
7545127
7531654
7531024
7527655
7508766
7506166
7500539
7496670
7493263
7491587
7487911
7480071
7471340
7468435
7464225
7443032
7441753
7438464
7435773
7433080
7432772
7431040
7427891
7421665
7417661
7416539
7412112
7408826
7406306
7403227
7400254
7398100
7388528
7377194
7374872
7365110
7358604
7357636
7345457
7333730
7333632
7332692
7328331
7318119
7318075
7313904
7302763
7301435
7297933
7297470
7293253
7266065
7265807
7262850
7257503
7254399
7239770
7229362
7224757
7218926
7210460
7205189
7198426
7193620
7191384
7183359
7171789
7162553
7157230
7137678
7123375
7121295
7119452
7103062
7095390
7066949
7054742
7053953
7053167
7052069
7038359
7037541
7032740
7028467
7028059
7015596
7014695
7002413
7001188
6997805
6996511
6990352
6988894
6957082
6955935
6939401
6929057
6912584
6905723
6893776
6886570
6875564
6861689
6851201
6830731
6710258
6687022
6669462
6609873
6603241
6594408
6579964
6575663
6556226
6510647
6504552
6467488
6431617
6419663
6417055
6408365
6403330
6402025
6350296
6336239
6327137
6290622
6269911
6171318
6127080
6107353
6101934
6052400
6046371
6033762
6006234
5988749
5956132
5950742
5943402
5913732
5904919
5891792
5857483
5848326
5820540
5814254
5797684
5680643
5678701
5560664
5412737
5355124
5319537
5086736
4942481
4935032
4658417
4607465
4602884
4557422
3826360
3595919
3078172
2690731
1436900
420347
