7997237 0.005
7997226 0.005
7997101 0.005
7997060 0.005
7996964 0.005
7996954 0.005
7996931 0.005
7996893 0.005
7996816 0.005
7996803 0.005
7996715 0.005
7996579 0.005
7996511 0.005
7996496 0.005
7996480 0.005
7996394 0.005
7996332 0.005
7996212 0.005
7996180 0.005
7996147 0.005
7996061 0.005
7995890 0.005
7995878 0.005
7995851 0.005
7995628 0.005
7995626 0.005
7995427 0.005
7995390 0.005
7995336 0.005
7994617 0.005
7994570 0.005
7994290 0.005
7994047 0.005
7993899 0.005
7993835 0.005
7993563 0.005
7993458 0.005
7993414 0.005
7993091 0.005
7993051 0.005
7992921 0.005
7992892 0.005
7992681 0.005
7992679 0.005
7992557 0.005
7992289 0.005
7992262 0.005
7992241 0.005
7992148 0.005
7992080 0.005
7991970 0.005
7991616 0.005
7991476 0.005
7991124 0.005
7990786 0.005
7990560 0.005
7990514 0.005
7990413 0.005
7990049 0.005
7989920 0.005
7989584 0.005
7989528 0.005
7989155 0.005
7989004 0.005
7988546 0.005
7988466 0.005
7988397 0.005
7988206 0.005
7988089 0.005
7987774 0.005
7987751 0.005
7987636 0.005
7987546 0.005
7987534 0.005
7985730 0.005
7984649 0.005
7984316 0.005
7984011 0.005
7983825 0.005
7982601 0.005
7981877 0.005
7981044 0.005
7980772 0.005
7980707 0.005
7979277 0.005
7979271 0.005
7978949 0.005
7977111 0.005
7974719 0.005
7973237 0.005
7972703 0.005
7972523 0.005
7970795 0.005
7970128 0.005
7967741 0.005
7967234 0.005
7967203 0.005
7963093 0.005
7959981 0.005
7957154 0.005
7953231 0.005
7950136 0.005
7944216 0.005
7940150 0.005
7937830 0.005
7929148 0.005
7895416 0.005
7889436 0.005
7873695 0.005
7859983 0.005
7840940 0.005
7658907 0.005
7538256 0.005
7996290 0.010
7993443 0.010
7993386 0.010
7992792 0.010
7991779 0.010
7991170 0.010
7990851 0.010
7990287 0.010
7988347 0.010
7985828 0.010
7985652 0.010
7985010 0.010
7984949 0.010
7984107 0.010
7979894 0.010
7979435 0.010
7978748 0.010
7976978 0.010
7975709 0.010
7974783 0.010
7972428 0.010
7970242 0.010
7967378 0.010
7962057 0.010
7955899 0.010
7952231 0.010
7952162 0.010
7948668 0.010
7933482 0.010
7932601 0.010
7904087 0.010
7900899 0.010
7889114 0.010
7888877 0.010
7839451 0.010
7810571 0.010
7741800 0.010
7588827 0.010
7230972 0.010
6957576 0.010
7991461 0.015
7986635 0.015
7983394 0.015
7982332 0.015
7982241 0.015
7981486 0.015
7980139 0.015
7978236 0.015
7973362 0.015
7972215 0.015
7966515 0.015
7965871 0.015
7964486 0.015
7963332 0.015
7962258 0.015
7959974 0.015
7959941 0.015
7957075 0.015
7942479 0.015
7941614 0.015
7939799 0.015
7935667 0.015
7933440 0.015
7908717 0.015
7906274 0.015
7875995 0.015
7858498 0.015
7811964 0.015
7431057 0.015
7409233 0.015
7993661 0.020
7993307 0.020
7987724 0.020
7983430 0.020
7982860 0.020
7980384 0.020
7979756 0.020
7979196 0.020
7977307 0.020
7973072 0.020
7969684 0.020
7966592 0.020
7965459 0.020
7965220 0.020
7964468 0.020
7958386 0.020
7940848 0.020
7930258 0.020
7929798 0.020
7923213 0.020
7921648 0.020
7918164 0.020
7898902 0.020
7813465 0.020
7762837 0.020
7642891 0.020
7636788 0.020
7269235 0.020
7159147 0.020
7985715 0.025
7977782 0.025
7976030 0.025
7972461 0.025
7965306 0.025
7964387 0.025
7949649 0.025
7947793 0.025
7945448 0.025
7925368 0.025
7918393 0.025
7898220 0.025
7828506 0.025
7741113 0.025
7674882 0.025
7580610 0.025
7552855 0.025
7548994 0.025
7983912 0.030
7978483 0.030
7976128 0.030
7975400 0.030
7974816 0.030
7972863 0.030
7966839 0.030
7966203 0.030
7945408 0.030
7891878 0.030
7862362 0.030
7843403 0.030
7830208 0.030
7813487 0.030
7754574 0.030
7732542 0.030
7588507 0.030
7976745 0.035
7962626 0.035
7961349 0.035
7958068 0.035
7929183 0.035
7913284 0.035
7844997 0.035
7799071 0.035
7775612 0.035
7768960 0.035
7533578 0.035
7443433 0.035
7393563 0.035
7094192 0.035
6589461 0.035
7927586 0.040
7882756 0.040
7881017 0.040
7865961 0.040
7822384 0.040
7788569 0.040
7749477 0.040
7664430 0.040
7629068 0.040
7068928 0.040
1723738 0.040
7987735 0.045
7965951 0.045
7964243 0.045
7927482 0.045
7805434 0.045
7804532 0.045
7793978 0.045
7756142 0.045
7699862 0.045
7664217 0.045
7334956 0.045
6487815 0.045
7957869 0.050
7955385 0.050
7945081 0.050
7943365 0.050
7936812 0.050
7931105 0.050
7785210 0.050
7470756 0.050
7205183 0.050
7124028 0.050
5912077 0.050
7944865 0.055
7929984 0.055
7910197 0.055
7898244 0.055
7830499 0.055
7760545 0.055
7686930 0.055
7654457 0.055
7130033 0.055
7955684 0.060
7922141 0.060
7891779 0.060
7855182 0.060
7802283 0.060
6895456 0.060
6562131 0.060
7961512 0.065
7937977 0.065
7842042 0.065
7837829 0.065
7835720 0.065
7823290 0.065
7802384 0.065
6232640 0.065
7965718 0.070
7959863 0.070
7912305 0.070
7896482 0.070
5879699 0.070
5644859 0.070
4976347 0.070
7959629 0.075
7917352 0.075
7800892 0.075
5478581 0.075
7880222 0.080
7795275 0.080
7761021 0.080
7635742 0.080
7558362 0.080
7916124 0.085
7886075 0.085
7599271 0.085
7303016 0.085
5859057 0.085
7949959 0.090
7597422 0.090
7466691 0.090
7947590 0.095
7876840 0.095
7850690 0.095
7753131 0.095
7952501 0.100
7701548 0.100
7694218 0.100
6563078 0.100
7893686 0.105
7843437 0.105
7680789 0.110
7867921 0.115
7862013 0.115
7827670 0.115
7564510 0.115
7022438 0.115
7830373 0.120
4958704 0.120
7828966 0.125
7791588 0.125
7237817 0.125
7866762 0.130
7032898 0.135
6178938 0.135
7910470 0.140
7850425 0.140
7445084 0.140
7417784 0.140
7202144 0.140
7721890 0.145
7454931 0.145
7444071 0.145
7719426 0.150
7915195 0.155
7754783 0.155
7315360 0.155
7699447 0.160
7708224 0.165
7367130 0.165
7211663 0.165
7186175 0.165
7102832 0.165
7098009 0.165
6853715 0.165
7774054 0.170
7731790 0.170
7596233 0.170
7492112 0.170
7118810 0.170
6746899 0.170
6696282 0.170
6492055 0.175
7849718 0.180
7690163 0.180
7361505 0.180
6778403 0.180
7898243 0.185
7641357 0.190
6254205 0.190
7767670 0.195
7690591 0.195
7732350 0.200
7396626 0.205
7684793 0.210
7478653 0.210
7472091 0.210
7618600 0.215
7537827 0.215
7850304 0.220
7801490 0.220
7237131 0.220
7685843 0.225
7043582 0.225
6860340 0.225
6674557 0.225
6429163 0.225
7577242 0.230
7408309 0.230
5550340 0.230
5544484 0.230
7893605 0.235
7673979 0.235
7454656 0.235
7179101 0.240
7518354 0.250
6951670 0.260
7347572 0.265
6339337 0.265
7580818 0.270
7074430 0.270
6997670 0.270
5900350 0.275
7539823 0.280
7369552 0.285
6854276 0.285
6243214 0.285
7519955 0.290
7496420 0.290
6344068 0.290
7619952 0.295
7787365 0.300
6804277 0.300
7733814 0.305
7725493 0.305
7567757 0.305
7495869 0.310
7460846 0.310
6115823 0.325
5351492 0.325
7676280 0.330
7576419 0.330
7561958 0.330
7372102 0.330
6510199 0.330
7600943 0.335
7420696 0.335
7441132 0.345
6161555 0.345
7481799 0.365
7299811 0.370
6941799 0.370
6775991 0.370
7771686 0.375
7330018 0.375
7253087 0.380
7333979 0.385
6314534 0.385
7499736 0.390
6830650 0.390
6656993 0.390
6779512 0.395
7753219 0.400
6863971 0.400
5534067 0.400
7762983 0.405
7625171 0.405
7698704 0.410
5995867 0.410
5025766 0.415
6580036 0.420
5578300 0.420
6926432 0.430
7400557 0.435
7041425 0.435
7051833 0.440
7238374 0.450
6805477 0.455
5203370 0.460
7353548 0.465
7189688 0.480
5635560 0.495
7324822 0.500
6760953 0.505
6722466 0.505
5527647 0.505
7460203 0.510
7543521 0.515
5336450 0.515
6920759 0.520
6458474 0.520
7397740 0.535
7304280 0.535
6224176 0.535
7499141 0.550
6291491 0.555
6918179 0.560
6824029 0.560
7462641 0.565
6351025 0.565
5819351 0.575
6998121 0.585
7220207 0.590
4928140 0.600
6923110 0.610
6195515 0.610
5543936 0.615
6151294 0.630
7187072 0.640
4553031 0.660
7423333 0.675
7092398 0.685
7689483 0.690
7235305 0.695
7697429 0.720
6718901 0.720
4965946 0.735
7551158 0.740
5894396 0.740
5096952 0.745
6852250 0.750
4873894 0.750
7637545 0.755
7480310 0.755
7373710 0.770
4301106 0.775
7113335 0.780
6734660 0.780
7474014 0.790
6804174 0.805
6518869 0.820
3692140 0.825
6550429 0.830
6757664 0.855
6183180 0.855
6902067 0.865
6420755 0.880
1385768 0.885
6541329 0.895
5587961 0.900
5381106 0.905
7027694 0.925
6815880 0.925
6670755 0.930
6837672 0.945
6862808 0.955
6770288 0.955
5200104 0.960
4988240 0.995
