8000408
8000400
8000206
8000050
7999820
7999819
7999620
7999616
7999363
7999293
7999240
7999112
7999076
7999069
7998953
7998929
7998729
7998589
7998556
7998529
7998330
7998254
7998250
7998016
7997986
7997954
7997924
7997594
7997439
7997411
7996887
7996488
7996478
7996208
7996176
7996101
7995943
7995533
7995465
7995436
7995311
7995306
7995097
7994901
7994876
7994873
7994660
7994498
7994451
7993669
7993616
7993460
7993357
7992669
7992428
7992373
7992061
7992056
7991978
7991620
7991501
7991420
7991225
7990957
7990740
7990569
7990424
7990413
7990253
7990128
7989960
7989719
7989607
7988979
7988903
7988804
7988688
7988553
7988308
7988206
7987896
7987840
7987691
7987379
7987352
7987318
7986960
7986918
7986320
7985984
7985348
7984286
7984234
7984100
7983630
7983608
7983456
7983169
7982816
7982748
7982670
7982572
7982283
7982096
7981897
7981857
7980976
7979963
7979642
7979641
7979494
7979000
7978902
7978764
7978414
7977773
7977603
7977019
7976704
7976638
7975919
7975767
7975263
7973998
7973586
7973220
7972883
7972775
7972402
7971768
7971297
7971262
7971236
7971098
7970878
7969244
7969203
7969108
7969103
7968389
7968243
7967969
7967686
7967374
7967120
7966697
7966212
7964475
7964318
7963571
7962703
7962202
7961768
7961133
7961115
7960786
7960573
7960532
7960476
7960306
7959455
7959108
7958413
7958053
7957904
7957666
7957255
7956073
7955863
7955815
7955570
7953728
7953555
7953542
7952179
7951770
7951522
7950059
7949179
7948968
7948836
7948628
7948372
7947995
7945728
7944570
7942092
7941804
7941011
7940902
7940749
7940586
7940366
7940216
7939875
7939486
7938707
7938380
7938197
7936139
7936015
7934540
7933446
7933211
7931430
7931379
7930981
7930279
7929021
7928039
7925981
7925118
7924967
7924789
7922108
7920882
7920869
7920004
7918775
7917764
7917221
7916724
7916504
7916368
7915240
7913921
7911117
7910213
7909809
7909675
7909319
7908384
7906335
7906317
7904709
7904390
7903343
7900928
7898656
7897690
7896927
7895163
7894942
7894039
7892904
7892428
7890643
7890135
7887552
7887458
7886665
7885031
7880610
7879302
7878660
7878008
7875893
7875096
7874085
7873361
7872026
7869076
7868686
7867750
7866909
7865858
7864208
7862865
7862812
7861716
7861284
7860648
7859201
7858263
7856889
7855167
7852346
7851779
7847160
7845418
7844640
7841702
7840712
7838033
7835492
7835285
7834887
7833716
7832704
7821752
7821295
7820485
7819711
7819629
7817013
7811731
7811054
7810813
7808248
7807559
7804465
7801573
7801504
7794506
7794482
7793466
7791380
7790333
7781583
7780991
7776211
7775321
7774373
7773475
7772198
7770874
7770631
7769675
7769548
7768378
7765375
7765057
7762844
7761225
7758865
7756775
7756336
7754634
7752991
7751139
7749952
7746152
7737258
7735115
7735096
7729448
7728827
7726432
7721389
7716306
7714123
7712443
7710170
7702445
7699840
7692913
7692149
7687847
7680490
7679732
7678275
7675608
7673676
7672567
7671464
7669970
7668015
7658123
7655737
7645119
7643188
7639212
7638155
7631267
7628233
7624170
7619761
7609500
7601688
7596252
7595379
7595342
7582259
7578723
7571952
7569054
7567704
7567276
7555147
7548973
7547780
7547749
7535979
7531720
7530292
7522259
7517700
7511674
7511136
7507193
7506092
7502835
7502609
7498711
7496584
7494369
7493341
7493146
7491785
7485661
7468227
7467810
7464037
7456056
7446788
7440318
7439247
7430151
7418762
7410345
7400810
7388850
7383167
7379904
7376550
7357672
7356032
7355019
7352672
7322891
7319914
7306871
7306607
7305598
7301913
7294336
7293406
7293177
7292077
7284697
7277408
7274833
7261747
7261353
7246329
7228725
7228120
7224508
7210079
7208471
7195100
7193984
7192447
7186114
7177845
7166726
7161594
7133366
7128162
7115946
7106997
7099996
7090645
7086173
7061471
7059393
7056489
7052237
7048114
7046266
7034684
7026272
7022718
7020506
7005303
7004788
6992667
6988955
6985691
6976172
6959501
6956054
6953900
6920050
6919614
6919245
6916580
6910148
6877744
6876909
6870392
6858937
6852607
6843082
6834579
6811413
6805799
6804784
6804060
6798736
6794532
6778608
6771581
6737423
6713612
6682655
6650485
6645938
6637928
6624562
6617093
6571323
6568496
6533617
6533593
6466512
6461933
6409221
6405982
6343981
6331026
6323637
6321597
6315487
6291324
6289991
6281316
6260981
6255741
6240622
6240519
6233716
6220023
6181854
6124710
6083915
6057539
5999891
5959320
5954479
5928884
5899982
5881095
5833607
5820866
5776305
5733608
5691922
5663735
5661760
5520246
5430626
5392605
5377799
5372578
5297801
5229550
5226624
5191264
5094987
5062666
4948810
4911592
4841277
4782862
4579577
4557492
4398591
4234429
4182987
4054149
3904365
3387496
3161676
2952836
2528316
2446085
2184034
