7998918 0.005
7998702 0.005
7998478 0.005
7998445 0.005
7998400 0.005
7998315 0.005
7998150 0.005
7998094 0.005
7998014 0.005
7997759 0.005
7997506 0.005
7997443 0.005
7997407 0.005
7997113 0.005
7997080 0.005
7997031 0.005
7996938 0.005
7996854 0.005
7996376 0.005
7996183 0.005
7995788 0.005
7995501 0.005
7994935 0.005
7994347 0.005
7994145 0.005
7993914 0.005
7993544 0.005
7993196 0.005
7992973 0.005
7992793 0.005
7992780 0.005
7992536 0.005
7992416 0.005
7992058 0.005
7991914 0.005
7991442 0.005
7991044 0.005
7990975 0.005
7990186 0.005
7990169 0.005
7990045 0.005
7988402 0.005
7988019 0.005
7988003 0.005
7987542 0.005
7986802 0.005
7986647 0.005
7985548 0.005
7985335 0.005
7984652 0.005
7984298 0.005
7983777 0.005
7979231 0.005
7978385 0.005
7977937 0.005
7976835 0.005
7976432 0.005
7976306 0.005
7974901 0.005
7973683 0.005
7973445 0.005
7972609 0.005
7971821 0.005
7966966 0.005
7966430 0.005
7963652 0.005
7963297 0.005
7962564 0.005
7959517 0.005
7955731 0.005
7954250 0.005
7953282 0.005
7949197 0.005
7946401 0.005
7945812 0.005
7940463 0.005
7938797 0.005
7930382 0.005
7927257 0.005
7922878 0.005
7917238 0.005
7905089 0.005
7897562 0.005
7894012 0.005
7874296 0.005
7870015 0.005
7864485 0.005
7835831 0.005
7830681 0.005
7692834 0.005
7529940 0.005
7317665 0.005
7998205 0.010
7994404 0.010
7993378 0.010
7992925 0.010
7992917 0.010
7992282 0.010
7992207 0.010
7992163 0.010
7991887 0.010
7989018 0.010
7988115 0.010
7986846 0.010
7986075 0.010
7984995 0.010
7984812 0.010
7983111 0.010
7981193 0.010
7981065 0.010
7980915 0.010
7978164 0.010
7978042 0.010
7976746 0.010
7976024 0.010
7973149 0.010
7970187 0.010
7969496 0.010
7969070 0.010
7969055 0.010
7966540 0.010
7965614 0.010
7964353 0.010
7962780 0.010
7944399 0.010
7942908 0.010
7942139 0.010
7931836 0.010
7931071 0.010
7927304 0.010
7920579 0.010
7919621 0.010
7876512 0.010
7839507 0.010
7990308 0.015
7989433 0.015
7987813 0.015
7987394 0.015
7985764 0.015
7984775 0.015
7982658 0.015
7979435 0.015
7979015 0.015
7978454 0.015
7976916 0.015
7974114 0.015
7965878 0.015
7965114 0.015
7954374 0.015
7953443 0.015
7939659 0.015
7930753 0.015
7927453 0.015
7918421 0.015
7915242 0.015
7907644 0.015
7900796 0.015
7882176 0.015
7874465 0.015
7834354 0.015
7829306 0.015
7590025 0.015
7548078 0.015
7303831 0.015
6213110 0.015
7994000 0.020
7983982 0.020
7983739 0.020
7983445 0.020
7982013 0.020
7978759 0.020
7978036 0.020
7974528 0.020
7964472 0.020
7957981 0.020
7953166 0.020
7950985 0.020
7944634 0.020
7926455 0.020
7904528 0.020
7898797 0.020
7884537 0.020
7882080 0.020
7875177 0.020
7701108 0.020
7696015 0.020
7659517 0.020
7616908 0.020
7607778 0.020
7466321 0.020
7191508 0.020
7989054 0.025
7983262 0.025
7975866 0.025
7959261 0.025
7953540 0.025
7947107 0.025
7940089 0.025
7902827 0.025
7892077 0.025
7851153 0.025
7638423 0.025
7518942 0.025
7395993 0.025
7187285 0.025
5940248 0.025
7989410 0.030
7980546 0.030
7967941 0.030
7966216 0.030
7957626 0.030
7950994 0.030
7943166 0.030
7934767 0.030
7909726 0.030
7905365 0.030
7870474 0.030
7831097 0.030
7809308 0.030
7806020 0.030
7404307 0.030
7353642 0.030
7038242 0.030
5986602 0.030
7982418 0.035
7972627 0.035
7963892 0.035
7958344 0.035
7957628 0.035
7942117 0.035
7941923 0.035
7934185 0.035
7911225 0.035
7825023 0.035
7821174 0.035
7652506 0.035
7249976 0.035
6873820 0.035
6189052 0.035
7971670 0.040
7960270 0.040
7959325 0.040
7928644 0.040
7914515 0.040
7911646 0.040
7911162 0.040
7905254 0.040
7887944 0.040
7796870 0.040
7681607 0.040
7540319 0.040
7529557 0.040
7431073 0.040
7979167 0.045
7946731 0.045
7871081 0.045
7851814 0.045
7573261 0.045
7153388 0.045
6938628 0.045
7967048 0.050
7949235 0.050
7939078 0.050
7937643 0.050
7780072 0.050
7729366 0.050
7266013 0.050
7908254 0.055
7895002 0.055
7855032 0.055
7840067 0.055
7709782 0.055
7679494 0.055
7971905 0.060
7902346 0.060
7897321 0.060
7891468 0.060
7852716 0.060
7801741 0.060
7718691 0.060
7712666 0.060
7668245 0.060
6872170 0.060
6521065 0.060
6173243 0.060
7952552 0.065
7943798 0.065
7910487 0.065
7784601 0.065
7782657 0.065
7620109 0.065
7412349 0.065
7934300 0.070
7922963 0.070
7371211 0.070
7016062 0.070
6997305 0.070
7922996 0.075
7915138 0.075
7912150 0.075
7902265 0.075
7857120 0.075
7848920 0.075
7797419 0.075
7703017 0.075
7694077 0.075
7428202 0.075
7380306 0.075
7916453 0.080
7909327 0.080
7849675 0.080
7683264 0.080
7573497 0.080
6945861 0.080
6877337 0.080
7957740 0.085
7917539 0.085
7791813 0.085
7552864 0.085
7868272 0.090
7910756 0.095
7500299 0.095
7198722 0.095
6847807 0.095
7848306 0.100
7764582 0.100
7629991 0.100
7413169 0.100
6763938 0.100
6646187 0.100
7574516 0.105
7569059 0.105
7526636 0.105
6559932 0.105
6379597 0.105
7870235 0.110
7836142 0.110
7697112 0.110
6308932 0.110
7750972 0.115
7710735 0.115
7393625 0.115
7317997 0.115
7058853 0.115
7666439 0.120
7653505 0.120
7504188 0.120
7485215 0.120
7665063 0.125
6127120 0.125
7833283 0.130
7803051 0.130
7728507 0.130
7544071 0.130
7854979 0.135
6413659 0.135
7910600 0.140
7823767 0.140
7572825 0.140
7244394 0.140
7220674 0.140
6954682 0.145
6894425 0.145
6829990 0.145
7943606 0.150
7719099 0.150
7712336 0.150
7546558 0.150
7874964 0.155
7453207 0.155
7393349 0.160
6972289 0.160
7654569 0.165
7779181 0.170
5780564 0.170
5468322 0.170
7826139 0.175
4702841 0.175
7510537 0.180
7482413 0.180
7850551 0.185
7760998 0.185
7734640 0.185
7395286 0.185
7810382 0.190
7765608 0.190
7713528 0.190
7660223 0.190
7409806 0.190
6558789 0.190
4519786 0.190
7739038 0.195
7614511 0.195
7339995 0.195
6870150 0.195
5700967 0.200
7878022 0.205
6858040 0.205
7550300 0.210
6878802 0.210
7766470 0.215
7876561 0.220
7377206 0.220
7788784 0.225
6925808 0.225
6506192 0.225
6257999 0.225
7901055 0.230
7166887 0.245
7059235 0.250
7748177 0.255
7497729 0.255
7282853 0.255
7425216 0.260
6389221 0.260
6556071 0.270
7759357 0.275
7510576 0.275
7283471 0.275
7054151 0.275
6943759 0.275
2910577 0.275
7776373 0.295
7693354 0.295
7502032 0.300
7337601 0.300
5930481 0.300
7469150 0.305
7410371 0.305
7191890 0.305
7565719 0.310
7656610 0.320
7325231 0.325
7749222 0.330
7658248 0.335
6653764 0.335
4180467 0.340
7677768 0.345
7243573 0.350
7655247 0.355
7624322 0.355
7221855 0.355
7009002 0.360
6218827 0.360
7758963 0.370
7564697 0.375
7407773 0.375
6969145 0.375
7494953 0.380
7505381 0.395
7200152 0.395
6724925 0.420
6338154 0.420
7712738 0.425
7496185 0.430
7104169 0.430
5936482 0.435
5879123 0.435
7617410 0.445
4892174 0.450
7155312 0.460
5198508 0.465
7460120 0.470
7640392 0.490
7563129 0.490
6621779 0.490
4964632 0.490
7607566 0.495
7338509 0.500
6994611 0.500
6990801 0.500
5808785 0.505
7846736 0.510
7703951 0.510
7490698 0.520
7303255 0.520
6430809 0.520
6424277 0.525
6867960 0.530
6647987 0.530
7206490 0.535
6168387 0.540
5385017 0.550
5232268 0.550
4663548 0.555
7384671 0.560
6963452 0.565
7095173 0.570
4444164 0.575
7218448 0.580
6223749 0.595
7068172 0.610
7373866 0.620
6387393 0.640
5115869 0.645
7173970 0.655
7135410 0.660
6833832 0.660
6530777 0.665
6547512 0.670
6199353 0.670
5012367 0.670
6528564 0.685
6385487 0.690
7026482 0.695
6677619 0.705
3519838 0.705
7366478 0.720
6796849 0.730
6458565 0.735
6308896 0.755
7113755 0.760
6691424 0.760
5487134 0.760
5693540 0.785
4407256 0.785
5371083 0.790
5753503 0.805
7451889 0.810
7270555 0.810
7117032 0.815
6021366 0.835
6677174 0.865
5971093 0.875
5663298 0.880
2948999 0.885
7085319 0.970
3665446 0.985
