10037	5.000000e-03	8.891000e-06	159996	7996895
10037	5.000000e-03	8.891000e-06	159996	7996893
10037	5.000000e-03	8.891000e-06	159987	7996409
10037	5.000000e-03	8.891000e-06	159980	7996069
10037	5.000000e-03	8.891000e-06	159980	7996043
10037	5.000000e-03	8.891000e-06	159978	7995943
10037	5.000000e-03	8.891000e-06	159978	7995937
10037	5.000000e-03	8.891000e-06	159978	7995931
10037	5.000000e-03	8.891000e-06	159976	7995868
10037	5.000000e-03	8.891000e-06	159976	7995850
10037	5.000000e-03	8.891000e-06	159972	7995625
10037	5.000000e-03	8.891000e-06	159971	7995607
10037	5.000000e-03	8.891000e-06	159971	7995573
10037	1.000000e-02	8.891000e-06	159966	7995327
10037	5.000000e-03	8.891000e-06	159963	7995198
10037	5.000000e-03	8.891000e-06	159962	7995177
10037	5.000000e-03	8.891000e-06	159961	7995138
10037	1.000000e-02	8.891000e-06	159960	7995067
10037	1.000000e-02	8.891000e-06	159959	7994984
10037	5.000000e-03	8.891000e-06	159957	7994887
10037	1.000000e-02	8.891000e-06	159956	7994846
10037	5.000000e-03	8.891000e-06	159953	7994685
10037	5.000000e-03	8.891000e-06	159949	7994471
10037	1.000000e-02	8.891000e-06	159948	7994432
10037	5.000000e-03	8.891000e-06	159946	7994365
10037	1.000000e-02	8.891000e-06	159945	7994302
10037	5.000000e-03	8.891000e-06	159943	7994179
10037	1.000000e-02	8.891000e-06	159941	7994089
10037	5.000000e-03	8.891000e-06	159940	7994029
10037	5.000000e-03	8.891000e-06	159939	7993972
10037	1.000000e-02	8.891000e-06	159938	7993925
10037	1.000000e-02	8.891000e-06	159936	7993828
10037	5.000000e-03	8.891000e-06	159930	7993562
10037	5.000000e-03	8.891000e-06	159929	7993519
10037	5.000000e-03	8.891000e-06	159927	7993425
10037	5.000000e-03	8.891000e-06	159924	7993245
10037	5.000000e-03	8.891000e-06	159922	7993158
10037	5.000000e-03	8.891000e-06	159922	7993150
10037	1.500000e-02	8.891000e-06	159916	7992817
10037	5.000000e-03	8.891000e-06	159914	7992713
10037	1.000000e-02	8.891000e-06	159912	7992631
10037	1.000000e-02	8.891000e-06	159910	7992540
10037	5.000000e-03	8.891000e-06	159909	7992488
10037	5.000000e-03	8.891000e-06	159908	7992433
10037	1.500000e-02	8.891000e-06	159908	7992431
10037	5.000000e-03	8.891000e-06	159902	7992132
10037	1.000000e-02	8.891000e-06	159902	7992112
10037	5.000000e-03	8.891000e-06	159899	7992003
10037	1.000000e-02	8.891000e-06	159893	7991688
10037	5.000000e-03	8.891000e-06	159891	7991596
10037	1.500000e-02	8.891000e-06	159889	7991487
10037	5.000000e-03	8.891000e-06	159888	7991449
10037	5.000000e-03	8.891000e-06	159887	7991387
10037	5.000000e-03	8.891000e-06	159882	7991189
10037	5.000000e-03	8.891000e-06	159865	7990317
10037	5.000000e-03	8.891000e-06	159863	7990239
10037	5.000000e-03	8.891000e-06	159855	7989851
10037	1.000000e-02	8.891000e-06	159835	7988852
10037	5.000000e-02	8.891000e-06	159833	7988751
10037	1.000000e-02	8.891000e-06	159820	7988118
10037	1.000000e-02	8.891000e-06	159815	7987858
10037	5.000000e-03	8.891000e-06	159811	7987650
10037	1.000000e-02	8.891000e-06	159809	7987546
10037	5.000000e-03	8.891000e-06	159807	7987424
10037	5.000000e-03	8.891000e-06	159806	7987379
10037	5.000000e-03	8.891000e-06	159803	7987257
10037	1.500000e-02	8.891000e-06	159802	7987153
10037	1.500000e-02	8.891000e-06	159796	7986884
10037	5.000000e-03	8.891000e-06	159794	7986764
10037	5.000000e-03	8.891000e-06	159788	7986465
10037	2.000000e-02	8.891000e-06	159783	7986210
10037	2.000000e-02	8.891000e-06	159782	7986127
10037	5.000000e-03	8.891000e-06	159782	7986126
10037	5.000000e-03	8.891000e-06	159779	7985974
10037	5.000000e-03	8.891000e-06	159778	7985934
10037	2.500000e-02	8.891000e-06	159775	7985751
10037	1.500000e-02	8.891000e-06	159760	7985003
10037	1.500000e-02	8.891000e-06	159755	7984738
10037	1.500000e-02	8.891000e-06	159743	7984167
10037	1.000000e-02	8.891000e-06	159734	7983727
10037	5.000000e-03	8.891000e-06	159730	7983531
10037	1.500000e-02	8.891000e-06	159727	7983408
10037	1.500000e-02	8.891000e-06	159727	7983376
10037	5.000000e-03	8.891000e-06	159723	7983212
10037	5.000000e-03	8.891000e-06	159720	7983055
10037	1.500000e-02	8.891000e-06	159716	7982861
10037	1.000000e-02	8.891000e-06	159709	7982512
10037	3.500000e-02	8.891000e-06	159705	7982321
10037	1.000000e-02	8.891000e-06	159698	7981908
10037	1.000000e-02	8.891000e-06	159683	7981187
10037	1.000000e-02	8.891000e-06	159673	7980701
10037	1.000000e-02	8.891000e-06	159664	7980237
10037	1.000000e-02	8.891000e-06	159661	7980090
10037	1.000000e-02	8.891000e-06	159641	7979070
10037	1.000000e-02	8.891000e-06	159638	7978917
10037	1.000000e-02	8.891000e-06	159631	7978539
10037	2.000000e-02	8.891000e-06	159626	7978252
10037	3.500000e-02	8.891000e-06	159621	7978041
10037	5.000000e-03	8.891000e-06	159601	7976988
10037	1.500000e-02	8.891000e-06	159587	7976308
10037	1.000000e-02	8.891000e-06	159585	7976180
10037	5.000000e-03	8.891000e-06	159578	7975855
10037	2.500000e-02	8.891000e-06	159575	7975685
10037	1.000000e-02	8.891000e-06	159573	7975565
10037	1.000000e-02	8.891000e-06	159571	7975430
10037	3.000000e-02	8.891000e-06	159566	7975192
10037	4.000000e-02	8.891000e-06	159556	7974712
10037	5.000000e-03	8.891000e-06	159551	7974431
10037	5.000000e-03	8.891000e-06	159545	7974099
10037	1.500000e-02	8.891000e-06	159534	7973568
10037	2.500000e-02	8.891000e-06	159534	7973566
10037	2.500000e-02	8.891000e-06	159527	7973234
10037	5.000000e-03	8.891000e-06	159522	7972954
10037	5.000000e-03	8.891000e-06	159503	7971996
10037	3.000000e-02	8.891000e-06	159497	7971693
10037	2.500000e-02	8.891000e-06	159486	7971122
10037	5.500000e-02	8.891000e-06	159481	7970870
10037	5.000000e-03	8.891000e-06	159480	7970834
10037	3.500000e-02	8.891000e-06	159474	7970549
10037	1.000000e-02	8.891000e-06	159464	7970056
10037	5.000000e-03	8.891000e-06	159463	7969998
10037	5.000000e-03	8.891000e-06	159459	7969820
10037	4.000000e-02	8.891000e-06	159451	7969446
10037	1.500000e-02	8.891000e-06	159433	7968541
10037	1.000000e-02	8.891000e-06	159431	7968433
10037	2.000000e-02	8.891000e-06	159422	7967975
10037	2.500000e-02	8.891000e-06	159408	7967272
10037	2.000000e-02	8.891000e-06	159405	7967147
10037	1.500000e-02	8.891000e-06	159401	7966949
10037	3.000000e-02	8.891000e-06	159395	7966664
10037	4.000000e-02	8.891000e-06	159386	7966223
10037	1.500000e-02	8.891000e-06	159385	7966182
10037	1.500000e-02	8.891000e-06	159345	7964298
10037	2.000000e-02	8.891000e-06	159340	7964048
10037	6.000000e-02	8.891000e-06	159333	7963729
10037	1.000000e-02	8.891000e-06	159331	7963648
10037	2.000000e-02	8.891000e-06	159321	7963156
10037	2.000000e-02	8.891000e-06	159313	7962791
10037	5.000000e-03	8.891000e-06	159311	7962724
10037	5.000000e-03	8.891000e-06	159310	7962651
10037	5.000000e-03	8.891000e-06	159308	7962571
10037	2.000000e-02	8.891000e-06	159288	7961643
10037	5.000000e-02	8.891000e-06	159263	7960426
10037	4.000000e-02	8.891000e-06	159260	7960296
10037	1.500000e-02	8.891000e-06	159255	7960018
10037	3.000000e-02	8.891000e-06	159250	7959778
10037	1.500000e-02	8.891000e-06	159210	7957746
10037	4.000000e-02	8.891000e-06	159174	7955968
10037	7.500000e-02	8.891000e-06	159167	7955593
10037	1.500000e-02	8.891000e-06	159165	7955497
10037	1.500000e-02	8.891000e-06	159134	7953947
10037	5.000000e-03	8.891000e-06	159129	7953705
10037	3.000000e-02	8.891000e-06	159120	7953233
10037	5.000000e-03	8.891000e-06	159118	7953119
10037	4.500000e-02	8.891000e-06	159107	7952564
10037	4.500000e-02	8.891000e-06	159105	7952476
10037	2.500000e-02	8.891000e-06	159100	7952235
10037	5.000000e-03	8.891000e-06	159081	7951313
10037	5.000000e-03	8.891000e-06	159069	7950707
10037	5.000000e-03	8.891000e-06	159065	7950474
10037	1.500000e-02	8.891000e-06	159060	7950277
10037	1.500000e-02	8.891000e-06	159053	7949892
10037	1.500000e-02	8.891000e-06	159047	7949612
10037	4.000000e-02	8.891000e-06	159040	7949253
10037	1.000000e-02	8.891000e-06	159035	7949005
10037	8.500000e-02	8.891000e-06	159035	7948999
10037	1.000000e-02	8.891000e-06	159031	7948834
10037	5.000000e-02	8.891000e-06	159030	7948827
10037	2.000000e-02	8.891000e-06	159030	7948813
10037	4.000000e-02	8.891000e-06	159019	7948281
10037	1.000000e-02	8.891000e-06	159017	7948200
10037	1.000000e-02	8.891000e-06	159015	7948065
10037	4.500000e-02	8.891000e-06	159010	7947828
10037	5.000000e-03	8.891000e-06	158998	7947268
10037	2.000000e-02	8.891000e-06	158995	7947094
10037	2.500000e-02	8.891000e-06	158994	7947022
10037	1.500000e-02	8.891000e-06	158988	7946729
10037	3.000000e-02	8.891000e-06	158985	7946636
10037	5.000000e-03	8.891000e-06	158978	7946274
10037	9.500000e-02	8.891000e-06	158975	7946162
10037	7.000000e-02	8.891000e-06	158969	7945839
10037	1.000000e-01	8.891000e-06	158957	7945222
10037	5.000000e-03	8.891000e-06	158948	7944784
10037	7.500000e-02	8.891000e-06	158934	7944021
10037	2.000000e-02	8.891000e-06	158927	7943727
10037	5.000000e-03	8.891000e-06	158926	7943654
10037	7.000000e-02	8.891000e-06	158910	7942848
10037	5.000000e-02	8.891000e-06	158883	7941523
10037	2.000000e-02	8.891000e-06	158873	7941050
10037	1.500000e-02	8.891000e-06	158862	7940501
10037	2.000000e-02	8.891000e-06	158861	7940460
10037	5.000000e-03	8.891000e-06	158856	7940177
10037	5.000000e-02	8.891000e-06	158838	7939267
10037	7.500000e-02	8.891000e-06	158806	7937763
10037	5.000000e-03	8.891000e-06	158793	7937124
10037	3.500000e-02	8.891000e-06	158782	7936564
10037	5.000000e-03	8.891000e-06	158779	7936425
10037	2.000000e-02	8.891000e-06	158756	7935198
10037	4.500000e-02	8.891000e-06	158727	7933697
10037	2.000000e-02	8.891000e-06	158702	7932469
10037	2.500000e-02	8.891000e-06	158696	7932198
10037	5.000000e-03	8.891000e-06	158692	7932030
10037	4.500000e-02	8.891000e-06	158676	7931191
10037	2.500000e-02	8.891000e-06	158668	7930750
10037	1.500000e-02	8.891000e-06	158653	7930009
10037	2.000000e-02	8.891000e-06	158647	7929683
10037	1.500000e-02	8.891000e-06	158597	7927190
10037	3.000000e-02	8.891000e-06	158585	7926537
10037	4.000000e-02	8.891000e-06	158580	7926272
10037	1.500000e-02	8.891000e-06	158575	7925991
10037	1.500000e-02	8.891000e-06	158567	7925652
10037	5.000000e-03	8.891000e-06	158556	7925117
10037	9.000000e-02	8.891000e-06	158553	7924981
10037	5.000000e-03	8.891000e-06	158533	7923992
10037	2.150000e-01	8.891000e-06	158533	7923977
10037	1.500000e-02	8.891000e-06	158521	7923408
10037	1.100000e-01	8.891000e-06	158521	7923374
10037	1.000000e-02	8.891000e-06	158504	7922538
10037	2.000000e-02	8.891000e-06	158494	7922049
10037	1.000000e-02	8.891000e-06	158429	7918714
10037	5.000000e-03	8.891000e-06	158415	7918009
10037	1.500000e-02	8.891000e-06	158401	7917349
10037	1.000000e-01	8.891000e-06	158335	7914074
10037	5.000000e-03	8.891000e-06	158273	7910902
10037	1.700000e-01	8.891000e-06	158268	7910644
10037	5.000000e-02	8.891000e-06	158264	7910396
10037	1.050000e-01	8.891000e-06	158256	7910016
10037	5.000000e-02	8.891000e-06	158240	7909259
10037	5.000000e-03	8.891000e-06	158232	7908852
10037	1.250000e-01	8.891000e-06	158145	7904462
10037	5.000000e-03	8.891000e-06	158138	7904135
10037	7.000000e-02	8.891000e-06	158138	7904114
10037	8.000000e-02	8.891000e-06	158116	7903039
10037	2.000000e-01	8.891000e-06	158090	7901743
10037	9.000000e-02	8.891000e-06	158090	7901728
10037	1.000000e-02	8.891000e-06	158081	7901312
10037	5.000000e-03	8.891000e-06	158054	7899877
10037	6.000000e-02	8.891000e-06	158035	7898872
10037	5.500000e-02	8.891000e-06	158017	7897866
10037	1.500000e-02	8.891000e-06	157964	7895269
10037	6.000000e-02	8.891000e-06	157955	7894861
10037	1.550000e-01	8.891000e-06	157937	7893953
10037	1.000000e-02	8.891000e-06	157903	7892305
10037	1.000000e-02	8.891000e-06	157889	7891621
10037	8.000000e-02	8.891000e-06	157834	7888963
10037	4.000000e-02	8.891000e-06	157822	7888346
10037	9.500000e-02	8.891000e-06	157797	7887107
10037	9.000000e-02	8.891000e-06	157756	7885067
10037	2.000000e-02	8.891000e-06	157701	7882386
10037	3.500000e-02	8.891000e-06	157692	7881939
10037	1.150000e-01	8.891000e-06	157660	7880293
10037	1.000000e-02	8.891000e-06	157656	7880125
10037	5.000000e-03	8.891000e-06	157620	7878327
10037	7.500000e-02	8.891000e-06	157573	7876084
10037	1.950000e-01	8.891000e-06	157505	7872709
10037	2.000000e-02	8.891000e-06	157497	7872312
10037	2.500000e-02	8.891000e-06	157493	7872107
10037	6.500000e-02	8.891000e-06	157481	7871555
10037	1.350000e-01	8.891000e-06	157392	7867251
10037	5.000000e-03	8.891000e-06	157379	7866588
10037	8.500000e-02	8.891000e-06	157321	7863870
10037	7.500000e-02	8.891000e-06	157269	7861395
10037	1.000000e-02	8.891000e-06	157258	7860877
10037	5.000000e-03	8.891000e-06	157251	7860545
10037	4.500000e-02	8.891000e-06	157185	7857191
10037	4.500000e-02	8.891000e-06	157170	7856503
10037	3.500000e-02	8.891000e-06	157116	7853834
10037	6.500000e-02	8.891000e-06	157114	7853749
10037	2.700000e-01	8.891000e-06	157099	7852963
10037	7.000000e-02	8.891000e-06	157074	7851701
10037	4.000000e-02	8.891000e-06	157053	7850671
10037	2.500000e-02	8.891000e-06	157038	7849853
10037	1.050000e-01	8.891000e-06	157032	7849546
10037	6.000000e-02	8.891000e-06	157010	7848491
10037	1.050000e-01	8.891000e-06	157002	7848049
10037	2.000000e-02	8.891000e-06	156993	7847619
10037	4.000000e-02	8.891000e-06	156966	7846280
10037	3.500000e-02	8.891000e-06	156935	7844708
10037	5.000000e-03	8.891000e-06	156910	7843517
10037	7.500000e-02	8.891000e-06	156907	7843337
10037	1.000000e-01	8.891000e-06	156837	7839867
10037	1.150000e-01	8.891000e-06	156798	7837878
10037	5.500000e-02	8.891000e-06	156763	7836134
10037	3.100000e-01	8.891000e-06	156733	7834623
10037	1.150000e-01	8.891000e-06	156686	7832234
10037	5.000000e-03	8.891000e-06	156661	7831002
10037	3.500000e-02	8.891000e-06	156643	7830113
10037	2.000000e-02	8.891000e-06	156603	7828061
10037	1.300000e-01	8.891000e-06	156589	7827417
10037	9.500000e-02	8.891000e-06	156559	7825934
10037	1.300000e-01	8.891000e-06	156512	7823575
10037	9.500000e-02	8.891000e-06	156506	7823296
10037	3.500000e-02	8.891000e-06	156467	7821377
10037	2.750000e-01	8.891000e-06	156431	7819565
10037	4.500000e-02	8.891000e-06	156336	7814773
10037	1.100000e-01	8.891000e-06	156327	7814343
10037	9.000000e-02	8.891000e-06	156253	7810619
10037	2.700000e-01	8.891000e-06	156235	7809751
10037	1.450000e-01	8.891000e-06	156225	7809281
10037	3.000000e-02	8.891000e-06	156183	7807176
10037	7.000000e-02	8.891000e-06	156166	7806338
10037	2.000000e-02	8.891000e-06	156140	7805074
10037	3.750000e-01	8.891000e-06	156116	7803849
10037	5.500000e-02	8.891000e-06	156075	7801898
10037	2.500000e-02	8.891000e-06	156043	7800317
10037	2.500000e-02	8.891000e-06	155978	7797082
10037	4.500000e-02	8.891000e-06	155972	7796789
10037	1.000000e-02	8.891000e-06	155914	7793869
10037	1.000000e-02	8.891000e-06	155892	7792783
10037	4.500000e-02	8.891000e-06	155828	7789676
10037	2.500000e-02	8.891000e-06	155758	7786160
10037	1.750000e-01	8.891000e-06	155735	7784990
10037	1.450000e-01	8.891000e-06	155630	7779734
10037	2.500000e-01	8.891000e-06	155527	7774625
10037	1.000000e-01	8.891000e-06	155418	7769138
10037	2.000000e-01	8.891000e-06	155404	7768391
10037	2.000000e-02	8.891000e-06	155330	7764680
10037	1.550000e-01	8.891000e-06	155313	7763767
10037	6.500000e-02	8.891000e-06	155235	7759967
10037	8.500000e-02	8.891000e-06	155194	7757951
10037	2.000000e-02	8.891000e-06	155175	7757001
10037	2.100000e-01	8.891000e-06	155147	7755597
10037	3.100000e-01	8.891000e-06	154844	7740403
10037	2.100000e-01	8.891000e-06	154743	7735419
10037	2.000000e-02	8.891000e-06	154696	7733088
10037	1.850000e-01	8.891000e-06	154592	7727855
10037	2.000000e-02	8.891000e-06	154590	7727796
10037	1.550000e-01	8.891000e-06	154589	7727715
10037	2.500000e-02	8.891000e-06	154531	7724808
10037	3.500000e-02	8.891000e-06	154525	7724495
10037	1.500000e-02	8.891000e-06	154255	7711041
10037	7.000000e-02	8.891000e-06	154182	7707423
10037	3.000000e-02	8.891000e-06	154165	7706542
10037	1.000000e-02	8.891000e-06	154087	7702630
10037	2.350000e-01	8.891000e-06	154060	7701280
10037	1.200000e-01	8.891000e-06	154033	7699922
10037	3.400000e-01	8.891000e-06	153996	7697989
10037	1.150000e-01	8.891000e-06	153993	7697832
10037	1.050000e-01	8.891000e-06	153925	7694530
10037	4.650000e-01	8.891000e-06	153893	7692903
10037	1.700000e-01	8.891000e-06	153889	7692689
10037	5.000000e-03	8.891000e-06	153860	7691221
10037	8.500000e-02	8.891000e-06	153754	7685904
10037	3.200000e-01	8.891000e-06	153738	7685147
10037	7.500000e-02	8.891000e-06	153635	7680093
10037	5.000000e-03	8.891000e-06	153553	7675922
10037	1.300000e-01	8.891000e-06	153547	7675618
10037	8.500000e-02	8.891000e-06	153494	7672930
10037	3.500000e-02	8.891000e-06	153377	7666982
10037	5.000000e-02	8.891000e-06	153303	7663286
10037	1.750000e-01	8.891000e-06	153287	7662528
10037	1.000000e-02	8.891000e-06	153284	7662360
10037	6.000000e-02	8.891000e-06	153273	7661763
10037	1.250000e-01	8.891000e-06	153207	7658488
10037	8.000000e-02	8.891000e-06	153111	7653579
10037	1.200000e-01	8.891000e-06	153094	7652739
10037	5.000000e-02	8.891000e-06	153064	7651207
10037	1.900000e-01	8.891000e-06	152995	7647699
10037	1.500000e-01	8.891000e-06	152864	7641144
10037	1.250000e-01	8.891000e-06	152719	7633913
10037	1.500000e-02	8.891000e-06	152692	7632579
10037	3.850000e-01	8.891000e-06	152396	7617729
10037	2.700000e-01	8.891000e-06	152105	7603077
10037	9.000000e-02	8.891000e-06	152090	7602312
10037	1.250000e-01	8.891000e-06	152029	7599225
10037	6.000000e-02	8.891000e-06	151988	7597234
10037	1.600000e-01	8.891000e-06	151972	7596434
10037	4.500000e-02	8.891000e-06	151940	7594862
10037	9.000000e-02	8.891000e-06	151878	7591769
10037	3.000000e-02	8.891000e-06	151795	7587567
10037	4.000000e-02	8.891000e-06	151795	7587559
10037	1.750000e-01	8.891000e-06	151787	7587185
10037	4.350000e-01	8.891000e-06	151750	7585353
10037	2.500000e-02	8.891000e-06	151684	7581999
10037	3.000000e-02	8.891000e-06	151625	7579021
10037	4.650000e-01	8.891000e-06	151521	7573910
10037	5.550000e-01	8.891000e-06	151485	7572009
10037	2.350000e-01	8.891000e-06	151430	7569320
10037	4.050000e-01	8.891000e-06	151419	7568744
10037	6.400000e-01	8.891000e-06	151354	7565581
10037	1.300000e-01	8.891000e-06	151248	7560249
10037	5.500000e-02	8.891000e-06	151180	7556918
10037	2.950000e-01	8.891000e-06	151124	7554125
10037	1.650000e-01	8.891000e-06	151055	7550780
10037	5.050000e-01	8.891000e-06	150892	7542506
10037	2.000000e-02	8.891000e-06	150787	7537372
10037	1.000000e-01	8.891000e-06	150745	7535275
10037	7.000000e-02	8.891000e-06	150669	7531490
10037	3.250000e-01	8.891000e-06	150667	7531392
10037	1.750000e-01	8.891000e-06	150510	7523534
10037	5.850000e-01	8.891000e-06	150334	7514805
10037	2.950000e-01	8.891000e-06	150032	7499773
10037	5.200000e-01	8.891000e-06	149869	7491546
10037	3.500000e-02	8.891000e-06	149760	7486137
10037	7.500000e-02	8.891000e-06	149591	7477606
10037	3.000000e-02	8.891000e-06	149509	7473411
10037	3.450000e-01	8.891000e-06	149249	7460451
10037	2.450000e-01	8.891000e-06	149087	7452536
10037	5.000000e-02	8.891000e-06	149060	7451230
10037	5.750000e-01	8.891000e-06	148957	7445971
10037	4.000000e-02	8.891000e-06	148922	7444229
10037	2.550000e-01	8.891000e-06	148846	7440377
10037	4.450000e-01	8.891000e-06	148828	7439513
10037	5.350000e-01	8.891000e-06	148660	7431021
10037	5.500000e-02	8.891000e-06	148599	7427976
10037	5.500000e-02	8.891000e-06	148547	7425335
10037	5.000000e-03	8.891000e-06	148431	7419633
10037	3.500000e-02	8.891000e-06	148237	7409938
10037	9.050000e-01	8.891000e-06	148221	7409126
10037	1.800000e-01	8.891000e-06	148213	7408739
10037	3.900000e-01	8.891000e-06	148198	7407951
10037	7.450000e-01	8.891000e-06	148134	7404735
10037	7.250000e-01	8.891000e-06	148040	7400034
10037	1.350000e-01	8.891000e-06	148034	7399747
10037	7.100000e-01	8.891000e-06	147895	7392763
10037	1.450000e-01	8.891000e-06	147754	7385737
10037	1.350000e-01	8.891000e-06	147632	7379679
10037	9.300000e-01	8.891000e-06	147387	7367567
10037	1.900000e-01	8.891000e-06	147253	7360914
10037	6.000000e-02	8.891000e-06	147195	7358039
10037	7.000000e-02	8.891000e-06	147116	7354161
10037	1.150000e-01	8.891000e-06	146790	7337802
10037	2.500000e-02	8.891000e-06	146577	7327222
10037	1.500000e-02	8.891000e-06	146495	7323091
10037	2.150000e-01	8.891000e-06	146480	7322314
10037	3.000000e-02	8.891000e-06	146432	7319918
10037	5.200000e-01	8.891000e-06	146332	7314844
10037	1.050000e-01	8.891000e-06	146321	7314325
10037	1.150000e-01	8.891000e-06	146299	7313236
10037	3.850000e-01	8.891000e-06	146178	7307112
10037	1.050000e-01	8.891000e-06	146123	7304349
10037	2.950000e-01	8.891000e-06	145943	7295475
10037	5.000000e-03	8.891000e-06	145739	7285314
10037	9.500000e-02	8.891000e-06	145645	7280536
10037	4.000000e-01	8.891000e-06	145609	7278735
10037	5.450000e-01	8.891000e-06	145566	7276438
10037	6.300000e-01	8.891000e-06	145418	7269082
10037	3.950000e-01	8.891000e-06	145070	7251428
10037	5.500000e-02	8.891000e-06	144630	7229313
10037	4.000000e-01	8.891000e-06	144571	7226541
10037	5.250000e-01	8.891000e-06	144450	7220576
10037	7.100000e-01	8.891000e-06	144365	7216399
10037	6.550000e-01	8.891000e-06	144319	7214130
10037	9.150000e-01	8.891000e-06	144284	7212360
10037	4.900000e-01	8.891000e-06	144034	7199725
10037	2.400000e-01	8.891000e-06	144007	7198407
10037	5.600000e-01	8.891000e-06	143877	7191814
10037	8.500000e-02	8.891000e-06	143810	7188483
10037	5.000000e-03	8.891000e-06	143745	7185207
10037	2.850000e-01	8.891000e-06	143689	7182377
10037	5.500000e-02	8.891000e-06	143312	7163773
10037	3.800000e-01	8.891000e-06	143010	7148648
10037	2.000000e-01	8.891000e-06	143007	7148469
10037	7.550000e-01	8.891000e-06	142938	7144910
10037	5.000000e-01	8.891000e-06	142678	7132119
10037	5.700000e-01	8.891000e-06	142564	7126306
10037	2.550000e-01	8.891000e-06	142444	7120184
10037	1.850000e-01	8.891000e-06	142207	7108601
10037	1.650000e-01	8.891000e-06	141836	7090148
10037	7.500000e-02	8.891000e-06	141684	7082633
10037	6.200000e-01	8.891000e-06	141556	7076245
10037	2.050000e-01	8.891000e-06	141414	7069057
10037	4.150000e-01	8.891000e-06	141349	7065686
10037	4.100000e-01	8.891000e-06	141261	7061217
10037	4.000000e-02	8.891000e-06	141190	7057731
10037	2.200000e-01	8.891000e-06	141190	7057721
10037	8.850000e-01	8.891000e-06	140670	7031586
10037	2.750000e-01	8.891000e-06	140490	7022439
10037	2.050000e-01	8.891000e-06	140369	7016498
10037	6.700000e-01	8.891000e-06	140167	7006465
10037	2.300000e-01	8.891000e-06	140162	7006250
10037	4.450000e-01	8.891000e-06	139886	6992426
10037	5.400000e-01	8.891000e-06	139576	6977039
10037	2.500000e-01	8.891000e-06	139493	6972905
10037	1.550000e-01	8.891000e-06	139484	6972515
10037	9.150000e-01	8.891000e-06	139259	6961354
10037	5.300000e-01	8.891000e-06	139189	6957885
10037	1.600000e-01	8.891000e-06	138767	6936546
10037	7.350000e-01	8.891000e-06	138390	6917863
10037	3.100000e-01	8.891000e-06	138230	6909967
10037	2.200000e-01	8.891000e-06	137882	6892806
10037	2.550000e-01	8.891000e-06	137207	6858907
10037	4.500000e-01	8.891000e-06	137040	6850459
10037	8.900000e-01	8.891000e-06	136960	6846496
10037	8.950000e-01	8.891000e-06	136426	6819593
10037	5.050000e-01	8.891000e-06	136330	6814802
10037	4.500000e-02	8.891000e-06	136292	6812956
10037	9.300000e-01	8.891000e-06	135184	6757204
10037	2.250000e-01	8.891000e-06	134596	6727886
10037	1.150000e-01	8.891000e-06	134506	6723420
10037	3.250000e-01	8.891000e-06	134501	6723194
10037	2.200000e-01	8.891000e-06	134391	6717636
10037	2.700000e-01	8.891000e-06	133620	6679069
10037	3.700000e-01	8.891000e-06	133518	6673928
10037	1.650000e-01	8.891000e-06	133406	6668403
10037	7.150000e-01	8.891000e-06	133323	6664239
10037	5.900000e-01	8.891000e-06	133256	6660911
10037	4.800000e-01	8.891000e-06	133225	6659305
10037	5.000000e-01	8.891000e-06	131226	6558862
10037	7.450000e-01	8.891000e-06	131023	6548706
10037	8.450000e-01	8.891000e-06	131021	6548615
10037	6.850000e-01	8.891000e-06	129741	6484850
10037	2.300000e-01	8.891000e-06	128430	6419289
10037	6.000000e-02	8.891000e-06	128155	6405538
10037	7.550000e-01	8.891000e-06	127659	6380816
10037	2.000000e-01	8.891000e-06	127622	6378974
10037	2.600000e-01	8.891000e-06	127526	6374243
10037	3.950000e-01	8.891000e-06	127444	6370112
10037	8.500000e-02	8.891000e-06	127342	6365045
10037	4.000000e-01	8.891000e-06	126872	6341469
10037	8.750000e-01	8.891000e-06	126542	6324896
10037	5.950000e-01	8.891000e-06	126245	6310065
10037	5.350000e-01	8.891000e-06	126197	6307563
10037	8.600000e-01	8.891000e-06	125786	6287131
10037	4.400000e-01	8.891000e-06	125154	6255306
10037	4.950000e-01	8.891000e-06	123908	6193009
10037	6.300000e-01	8.891000e-06	123689	6182001
10037	6.000000e-01	8.891000e-06	123642	6179587
10037	7.000000e-01	8.891000e-06	123441	6169617
10037	2.550000e-01	8.891000e-06	122278	6111609
10037	7.100000e-01	8.891000e-06	121571	6076204
10037	9.250000e-01	8.891000e-06	121466	6070947
10037	8.250000e-01	8.891000e-06	121405	6067820
10037	6.800000e-01	8.891000e-06	121234	6059295
10037	4.750000e-01	8.891000e-06	121156	6055279
10037	6.100000e-01	8.891000e-06	121132	6054126
10037	5.500000e-02	8.891000e-06	120950	6044937
10037	8.900000e-01	8.891000e-06	118586	5926334
10037	1.850000e-01	8.891000e-06	117814	5887787
10037	4.250000e-01	8.891000e-06	117263	5860127
10037	1.800000e-01	8.891000e-06	116992	5846519
10037	6.000000e-01	8.891000e-06	116632	5828586
10037	7.550000e-01	8.891000e-06	116578	5825961
10037	9.800000e-01	8.891000e-06	115891	5791552
10037	8.850000e-01	8.891000e-06	114977	5745899
10037	2.300000e-01	8.891000e-06	114347	5714464
10037	5.800000e-01	8.891000e-06	113243	5659304
10037	8.050000e-01	8.891000e-06	112614	5627935
10037	5.500000e-02	8.891000e-06	112331	5613758
10037	7.000000e-02	8.891000e-06	111598	5577231
10037	5.000000e-01	8.891000e-06	111322	5563235
10037	7.450000e-01	8.891000e-06	110863	5540139
10037	9.500000e-02	8.891000e-06	108940	5443640
10037	5.750000e-01	8.891000e-06	108302	5412084
10037	2.800000e-01	8.891000e-06	108214	5407644
10037	2.000000e-01	8.891000e-06	107486	5371003
10037	1.500000e-02	8.891000e-06	105374	5265663
10037	3.600000e-01	8.891000e-06	103022	5147755
10037	7.700000e-01	8.891000e-06	98018	4897522
10037	5.450000e-01	8.891000e-06	97045	4848623
10037	1.250000e-01	8.891000e-06	95639	4778873
10037	1.700000e-01	8.891000e-06	94187	4706289
10037	3.500000e-02	8.891000e-06	91355	4564624
10037	1.500000e-02	8.891000e-06	87607	4377778
10037	4.250000e-01	8.891000e-06	87314	4363181
10037	3.850000e-01	8.891000e-06	85922	4293406
10037	8.100000e-01	8.891000e-06	81001	4047572
10037	8.600000e-01	8.891000e-06	76473	3821437
10037	2.750000e-01	8.891000e-06	74911	3743618
10037	5.600000e-01	8.891000e-06	58351	2915595
10037	1.250000e-01	8.891000e-06	3551	176714
